0.50754440 0.41151005 0.05499317
0.65245360 0.03126625 0.05120724
0.22802770 -0.61475837 0.00492778
-0.07742819 0.65146518 0.07628336
-0.13695145 -0.63720661 0.08812556
-0.60623616 -0.23864456 0.04386608
0.03350138 0.65146518 0.02562653
-0.65508330 -0.00960853 0.04264537
0.05480815 -0.65146518 0.06128315
-0.64543957 0.08903191 0.05042954
0.64194918 0.11777782 0.06104147
0.22490980 -0.61552685 0.07980938
-0.05295923 -0.65146518 0.00217496
-0.64613026 0.08334357 0.06678681
-0.54667974 -0.35481268 0.02154338
-0.58696043 0.28947049 0.08600701
0.37731671 -0.53607512 0.08064777
-0.56938314 -0.32192114 0.03800678
0.64822179 -0.06611831 0.08057657
-0.53887630 -0.36611789 0.07021908
0.64675134 -0.07822883 0.00356115
0.56121552 0.33375394 0.00315823
0.30754152 -0.57432956 0.01553674
-0.54325479 0.35977465 0.02235149
-0.63440269 -0.16437568 0.04397676
-0.61698776 -0.21029507 0.01205952
0.65239674 0.03173456 0.02489280
0.62890315 -0.17887665 0.03356827
0.44758028 -0.47382694 0.02845536
-0.16781537 -0.62959939 0.01780160
-0.62686223 0.18425821 0.03704683
0.63790596 -0.15107711 0.05243529
0.48076379 0.44442892 0.08686171
-0.64884949 0.06094886 0.06761666
0.65179807 0.03666483 0.06275012
0.50429058 0.41622400 0.08727389
-0.52402985 0.38762671 0.05959658
0.42776021 -0.49138603 0.03135486
0.31417662 -0.57084715 0.06576403
-0.46347582 0.45974472 0.00604344
0.16875744 0.62936717 0.05468849
-0.28705946 -0.58507937 0.09081897
0.14041509 -0.63635296 0.03483232
-0.11225766 0.64329308 0.06908175
-0.14026846 -0.63638908 0.02020695
0.21037863 0.61910844 0.01342839
-0.61633974 -0.21200363 0.09158586
-0.60767025 0.23486328 0.03536069
0.58092946 -0.30519345 0.01790049
0.29232246 -0.58231711 0.07831814
0.23666720 0.61152726 0.07906130
-0.64913285 0.05861520 0.08091045
-0.17578600 -0.62763476 0.06536077
-0.62795508 0.18137655 0.02365579
-0.60063940 -0.25340199 0.01299892
-0.64387470 0.10191979 0.09176278
-0.53135175 -0.37701911 0.08108231
0.64383429 -0.10225256 0.05782945
-0.56694186 -0.32545793 0.00337206
0.41023546 0.50691164 0.02076053
0.19581543 0.62269795 0.03465532
-0.17491166 -0.62785029 0.05383730
-0.43234596 0.48732340 0.02496830
0.57834530 -0.30893722 0.06645933
0.15764247 -0.63210678 0.03175712
-0.03261523 -0.65146518 0.02564038
0.15267469 -0.63333124 0.07004711
0.64840692 0.06459367 0.03389221
-0.29748601 -0.57960707 0.08192233
-0.08593875 0.64978015 0.02084342
-0.55178326 0.34741902 0.01489394
-0.35767499 0.54801750 0.01053941
0.08059198 0.65109801 0.06196765
0.64746404 -0.07235908 0.07249559
0.51189709 -0.40520409 0.06239889
0.28155211 -0.58796984 0.06957261
-0.55016160 0.34976831 0.05453366
0.02108328 0.65146518 0.03787689
-0.04959321 -0.65146518 0.00937683
-0.59306151 -0.27338326 0.07199366
-0.65097535 0.04344065 0.02264633
-0.48450905 -0.44111091 0.07333624
-0.48440337 -0.44120452 0.07967553
0.65155596 -0.03865902 0.04598869
0.62130141 -0.19892088 0.01607670
-0.65352798 0.02241772 0.03822307
-0.55645698 0.34064788 0.09084570
0.57918590 0.30771941 0.07236588
0.45773497 -0.46483070 0.08877800
-0.24557562 0.60685176 0.07506786
-0.50289506 0.41824573 0.03511072
-0.10179589 -0.64587170 0.05038100
0.51208842 0.40492690 0.01730972
-0.04397078 0.65146518 0.01297052
-0.49353570 -0.43180513 0.05623008
0.44506782 0.47605279 0.08071389
0.57207716 -0.31801820 0.05115311
-0.49865925 0.42438239 0.08488233
-0.46186540 0.46117145 0.05813131
0.04623001 -0.65146518 0.07267098
-0.03175893 0.65146518 0.06289982
0.42766884 0.49146697 0.00400704
-0.59640765 0.26456031 0.07652159
-0.37293923 -0.53995323 0.02274043
0.58291215 -0.30014491 0.07048150
-0.54490477 0.35738423 0.01305536
-0.51084340 -0.40673062 0.06434996
0.28210738 0.58767837 0.05140354
-0.63926750 0.13986368 0.01029423
0.65366453 -0.02129312 0.03467244
-0.49839571 -0.42476419 0.08798942
-0.59677744 0.26358518 0.07724892
0.64839393 0.06470074 0.03033812
-0.39739946 -0.51828331 0.02552649
-0.61907947 -0.20477961 0.03425081
-0.62561446 -0.18754832 0.00637326
0.47731882 0.44748092 0.02418551
0.06838459 -0.65146518 0.04730964
-0.15644945 -0.63240081 0.03994689
-0.64667839 0.07882924 0.02006135
0.58384532 0.29768446 0.06444865
-0.59094006 -0.27897710 0.00303699
0.59305781 -0.27339301 0.06994749
0.60037142 -0.25410870 0.06220249
-0.55829030 -0.33799186 0.01773643
-0.64656073 0.07979858 0.01896679
-0.65217334 0.03357458 0.00216291
-0.14028904 -0.63638401 0.07386997
-0.24263205 -0.60839665 0.03675064
0.22836103 0.61467618 0.05129480
0.65247965 0.03105184 0.08388384
0.64105171 0.12516923 0.07803397
-0.51215988 -0.40482336 0.09170032
0.62852812 0.17986558 0.03567482
-0.35882619 0.54741329 0.04595150
0.37717646 -0.53619933 0.04939710
-0.60337555 -0.24618737 0.03966510
-0.20271610 0.62099713 0.07091492
-0.42694423 -0.49210894 0.06549915
-0.65258437 0.03018900 0.05035363
-0.65272629 -0.02902037 0.06709208
0.04304949 -0.65146518 0.06919387
0.60869235 -0.23216826 0.01301335
0.14264342 0.63580370 0.04129030
-0.65313333 0.02566790 0.04689633
-0.53533846 0.37124342 0.08680434
-0.62388706 -0.19210300 0.05405174
0.45377219 -0.46834141 0.03047184
0.59830362 0.25956106 0.07932680
0.55072182 -0.34895670 0.00191460
-0.62449372 0.19050336 0.06678383
-0.63854074 -0.14584903 0.08167487
0.63000417 -0.17597365 0.01711893
-0.06574877 0.65146518 0.00598094
0.49477863 -0.43000442 0.07425144
-0.64364934 0.10377596 0.02463715
0.40792000 -0.50896293 0.04765143
0.17675139 0.62739682 0.05797870
0.12224708 0.64083093 0.05367298
0.64603227 0.08415064 0.03655202
-0.63190180 -0.17096998 0.04980266
-0.65163261 0.03802785 0.01696065
-0.02742464 -0.65146518 0.01970738
0.63401759 -0.16539101 0.00341744
0.50979787 -0.40824530 0.00448033
-0.63515371 -0.16239530 0.00624497
-0.03095221 -0.65146518 0.03031504
-0.65455794 -0.01393532 0.07848609
-0.64410770 -0.10000097 0.01614167
-0.04333609 0.65146518 0.05798439
0.56442279 0.32910743 0.01613963
-0.53669083 -0.36928409 0.00474576
-0.20088156 0.62144929 0.03877025
0.64148903 0.12156774 0.03380923
0.12516592 -0.64011151 0.02557816
0.37020889 0.54143918 0.01108617
-0.64716351 0.07483400 0.00712046
-0.38617039 0.52823138 0.04745098
-0.63884974 -0.14330418 0.08404684
0.41289708 -0.50455362 0.03324309
-0.31844994 -0.56860435 0.08991723
-0.64020592 0.13213490 0.04604219
0.26152253 0.59848213 0.04732610
0.63480711 0.16330926 0.00321723
0.55609834 -0.34116748 0.01004738
0.46442804 0.45890114 0.02882541
0.65590996 0.00280046 0.05023880
0.50489718 -0.41534519 0.08127980
0.43331528 -0.48646465 0.05742547
-0.57786059 -0.30963942 0.04204330
-0.35358015 0.55016661 0.03485471
0.52462929 0.38675833 0.07184719
0.55309975 -0.34551170 0.03455711
-0.53838664 -0.36682728 0.07633056
0.35218418 0.55089927 0.01341661
0.05999812 0.65146518 0.02649830
-0.05395906 0.65146518 0.03661739
0.26950371 -0.59429330 0.00570190
0.25670186 -0.60101223 0.09135925
0.46002418 -0.46280262 0.00341450
-0.59906203 -0.25756124 0.03810824
-0.34964669 0.55223107 0.05871654
-0.06906044 -0.65146518 0.04479760
-0.65131009 -0.04068411 0.01287031
-0.40690947 -0.50985819 0.04453512
0.60496509 0.24199614 0.08926223
-0.22869411 0.61459410 0.07594542
-0.35740474 0.54815930 0.08421701
-0.56111938 0.33389324 0.04812053
-0.18913360 0.62434489 0.00339369
-0.32433337 -0.56551653 0.01426997
-0.63921738 -0.14027631 0.00911146
-0.52679479 -0.38362101 0.04509287
-0.15758829 0.63212013 0.02349359
0.32587621 -0.56470674 0.00533205
0.56978345 -0.32134119 0.01671439
0.53397590 0.37321740 0.04590376
-0.49195346 -0.43409741 0.00986925
0.27955842 -0.58901620 0.04328884
-0.51374024 -0.40253383 0.02817829
-0.65245074 0.03128970 0.06656314
0.15549029 -0.63263720 0.06218611
0.09168242 0.64836448 0.03144182
-0.60749996 -0.23531221 0.05128607
0.64167482 0.12003770 0.02118970
0.48560223 0.44014242 0.06717545
-0.14802943 -0.63447618 0.07703083
-0.65295881 -0.02710563 0.05909568
0.49690905 -0.42691797 0.06588423
-0.42204064 -0.49645314 0.08456141
-0.38485226 0.52939916 0.05823169
-0.10435794 -0.64524025 0.00459796
-0.05647424 -0.65146518 0.03209120
0.50674963 0.41266146 0.08715454
0.64330471 0.10661407 0.06681505
-0.30648080 0.57488626 0.09046672
0.02417385 0.65146518 0.05162612
0.53602111 0.37025440 0.03533204
0.61032146 -0.22787258 0.08378151
-0.58637792 -0.29100654 0.07891417
-0.61975825 0.20298988 0.02678503
-0.16919979 0.62925816 0.02178470
0.49372447 0.43153167 0.04761166
-0.43379560 0.48603913 0.07659409
-0.21522489 -0.61791396 0.03018661
0.64315826 -0.10782037 0.01016127
0.60486758 0.24225326 0.08656561
-0.63794672 -0.15074129 0.05584102
-0.60236633 0.24884847 0.03079283
-0.59865481 -0.25863498 0.08135482
0.56830680 -0.32348052 0.03562589
-0.60008168 0.25487259 0.00847907
0.64045370 0.13009430 0.07226606
-0.61037672 0.22772688 0.08849964
0.63895917 -0.14240304 0.01039845
0.21714260 0.61744130 0.01055807
-0.12162781 0.64098358 0.06168068
0.38831118 0.52633482 0.08791948
-0.60264140 -0.24812324 0.05092349
-0.59093428 0.27899238 0.09074512
0.35707232 0.54833376 0.06312440
0.38417381 -0.53000027 0.06505842
0.19576679 -0.62270993 0.03108088
0.58895057 -0.28422293 0.05780757
0.65427113 -0.01629771 0.04779858
-0.37987474 -0.53380889 0.02260887
0.65443593 -0.01494026 0.08868917
0.18441467 -0.62550801 0.02258946
0.63721663 0.15675409 0.02923089
0.65155905 -0.03863371 0.01361702
0.43558106 -0.48445734 0.01703441
-0.65225798 0.03287718 0.03565024
-0.36656585 0.54335117 0.02096423
0.59037912 0.28045616 0.02862529
-0.33181199 -0.56159139 0.06259084
-0.64644867 -0.08072156 0.00924264
0.50996488 0.40800336 0.07443518
-0.23117609 -0.61398238 0.08129376
0.33400038 0.56044286 0.03794974
-0.18472283 0.62543207 0.00342080
-0.38948935 -0.52529109 0.08918934
0.64057875 -0.12906471 0.05410416
-0.50966972 -0.40843099 0.05654639
0.64930469 -0.05719980 0.00182167
0.54969043 -0.35045096 0.03051663
0.31390855 0.57098788 0.05100991
-0.34524390 0.55454183 0.02243621
0.21567039 -0.61780417 0.00973115
0.35467246 -0.54959333 0.06134159
-0.59786600 0.26071486 0.05046840
-0.30047157 0.57804012 0.01824339
0.64253759 -0.11293188 0.05866596
-0.11514479 0.64258152 0.07585733
-0.34669188 -0.55378187 0.07014044
0.58212322 -0.30222511 0.05711056
-0.63777679 -0.15214060 0.08646268
-0.59652191 -0.26425892 0.05129332
0.14184386 0.63600075 0.04581913
-0.63444704 -0.16425878 0.00483184
0.54215330 -0.36137035 0.01675226
0.64621812 0.08262007 0.06988258
0.58558720 -0.29309142 0.02969570
-0.24768132 -0.60574657 0.07283326
0.12214300 -0.64085662 0.05830383
-0.42461011 -0.49417678 0.05445939
0.58395487 -0.29739544 0.04123080
-0.44073936 -0.47988752 0.08756107
-0.13431306 -0.63785696 0.06695034
-0.47137877 -0.45274332 0.06541709
0.11329441 0.64303756 0.02888837
0.18098965 0.62635219 0.07737266
0.55081332 -0.34882420 0.06214945
-0.60537791 0.24090758 0.04401680
0.28608316 0.58559173 0.07443887
-0.64446795 -0.09703408 0.07364069
0.06198476 0.65146518 0.02093492
-0.20724227 0.61988151 0.03844751
0.51738650 0.39725134 0.05519340
-0.30436125 -0.57599866 0.03194597
-0.54533815 0.35675633 0.00745724
-0.07560353 -0.65146518 0.06716760
0.58958608 0.28254727 0.05234791
0.15279695 0.63330108 0.03808201
-0.47554651 0.44905102 0.01746363
0.16910496 0.62928152 0.02469350
-0.36923605 0.54194975 0.01042835
0.49349576 -0.43186298 0.05788783
0.36786518 -0.54266924 0.03404809
0.27944055 0.58907807 0.06602320
0.31677532 -0.56948328 0.02495847
-0.59804088 -0.26025385 0.08428418
0.59525365 0.26760316 0.07679214
-0.63916153 0.14073662 0.00774187
-0.61452627 0.21678539 0.02027298
-0.65216881 0.03361145 0.06055864
-0.52268082 -0.38958111 0.02407661
0.37879410 0.53476626 0.03583003
-0.23910207 0.61024934 0.05482580
0.60975188 -0.22937447 0.03858970
-0.21170701 0.61878103 0.07653924
0.65606350 0.00153581 0.03277507
-0.58263439 0.30087724 0.03103748
-0.63913709 0.14093760 0.00474061
-0.37856078 -0.53497297 0.06214175
-0.62655842 -0.18505932 0.05046427
-0.01308329 0.65146518 0.04986246
0.47417885 -0.45026267 0.00589045
0.61687380 -0.21059543 0.01704664
-0.55207098 0.34700218 0.08556549
0.61683804 0.21068974 0.05640548
0.59623468 0.26501635 0.05779921
0.08631543 0.64968729 0.00812917
0.56135958 -0.33354524 0.02221136
-0.06089334 -0.65146518 0.06135242
-0.51158202 -0.40566054 0.08020617
-0.59073669 0.27951336 0.04163123
-0.30243143 0.57701153 0.00338914
-0.21627827 -0.61765432 0.01681906
-0.40630451 0.51039416 0.03497134
0.02650048 -0.65146518 0.03697463
-0.34054664 -0.55700713 0.05970537
0.55840075 0.33783188 0.08222139
0.64726037 0.07403664 0.06353242
0.50394267 -0.41672805 0.02533890
-0.43748772 0.48276821 0.08152846
0.44738322 0.47400156 0.08472294
0.12460335 -0.64025015 0.09003748
-0.59203589 -0.27608761 0.04326795
0.25618094 0.60128564 0.08009584
0.47079673 0.45325899 0.00773218
0.62768412 -0.18209106 0.06813785
-0.16580513 -0.63009483 0.08887029
0.59178799 0.27674130 0.04327988
0.64003956 -0.13350537 0.05099270
-0.57006043 -0.32093993 0.06037093
-0.62822503 0.18066481 0.01744054
-0.49623379 -0.42789629 0.00419082
-0.27007389 -0.59399408 0.04891894
-0.64702135 0.07600484 0.08825801
0.65618122 0.00056647 0.00558197
0.45492253 0.46732229 0.07628994
0.54581362 -0.35606745 0.00209090
0.22693056 -0.61502880 0.06360579
0.42689982 -0.49214828 0.05258610
0.42298624 -0.49561539 0.05985038
0.65448034 -0.01457434 0.06489143
0.14084922 -0.63624591 0.02372384
-0.42972627 -0.48964423 0.07722995
-0.64793342 -0.06849325 0.03425016
0.31581196 -0.56998885 0.07463125
-0.53566271 0.37077361 0.04589603
0.64945221 0.05598490 0.04343348
-0.65125126 0.04116867 0.08478453
0.59400409 -0.27089792 0.06300693
0.16054189 0.63139212 0.00703825
0.32235670 0.56655395 0.04662108
-0.52822036 -0.38155574 0.02882032
0.58515429 0.29423293 0.02423667
-0.60580617 0.23977846 0.01082734
-0.65439600 -0.01526892 0.02511146
-0.61749929 -0.20894620 0.09011876
-0.22507539 -0.61548603 0.06549677
-0.41921937 -0.49895257 0.01012331
0.45301369 0.46901336 0.04967605
-0.64898151 -0.05986125 0.03114748
0.59365302 0.27182367 0.06099059
0.65497148 -0.01052977 0.02020732
-0.51363283 0.40268940 0.07586762
0.62634832 0.18561320 0.04948448
-0.49777293 -0.42566645 0.07838280
0.34297815 -0.55573100 0.07421821
-0.30951416 -0.57329422 0.00960106
0.16016436 -0.63148516 0.06297825
-0.55147463 0.34786609 0.02361046
-0.13297835 -0.63818592 0.08613811
-0.65187615 -0.03602190 0.02732939
-0.51937491 -0.39437059 0.07578158
0.64749390 -0.07211331 0.00829000
0.59605998 0.26547703 0.06989492
-0.65347517 0.02285287 0.06264894
0.37181234 -0.54059762 0.08034341
-0.58379883 0.29780692 0.01544398
-0.55918086 -0.33670172 0.01627037
-0.64818084 -0.06645583 0.08807341
-0.40108120 0.51502156 0.03258474
0.64670002 0.07865145 0.06217272
0.64076698 0.12751436 0.04868155
0.62379265 0.19235195 0.04368636
-0.64963287 0.05449693 0.02380660
0.00050825 0.65146518 0.03025017
-0.60870439 0.23213644 0.08491225
0.30029792 0.57813126 0.08043823
-0.58807677 -0.28652701 0.04598229
-0.18328109 -0.62578744 0.00603062
-0.52166897 0.39104706 0.08736590
-0.06258753 0.65146518 0.05437467
0.23749712 0.61109167 0.03623474
-0.64059317 0.12894563 0.04494151
0.22117372 -0.61644769 0.02546863
0.57991105 -0.30666885 0.01922007
-0.53705359 0.36875859 0.06386433
0.29139441 0.58280420 0.07438865
0.54944432 -0.35080752 0.01147181
0.02498243 0.65146518 0.06743030
0.58531332 0.29381356 0.01215134
-0.63899386 0.14211714 0.04471030
-0.41776493 0.50024110 0.07283187
-0.51321435 0.40329567 0.06296457
0.27100295 0.59350646 0.06734029
0.64565700 0.08724140 0.05248260
-0.46856505 0.45523608 0.02258155
0.16538495 0.63019842 0.07147794
-0.47270954 -0.45156437 0.03585615
-0.38148880 -0.53237891 0.05158637
-0.12836480 0.63932306 0.08889947
0.14377204 0.63552552 0.08770227
-0.63117266 0.17289253 0.09143810
0.13141324 -0.63857168 0.00578968
-0.53272492 0.37502977 0.01925021
0.11256307 -0.64321786 0.08135561
0.63521087 0.16224472 0.07822087
0.64403683 0.10058481 0.05434096
-0.19741918 0.62230265 0.08522176
-0.09082918 -0.64857477 0.05658516
0.46536562 -0.45807052 0.09084328
0.39515075 0.52027547 0.07193667
0.46042618 0.46244648 0.05325080
-0.39005312 0.52479160 0.07219536
-0.45991385 -0.46290034 0.01041934
0.17938296 0.62674820 0.07754790
0.19132218 0.62380546 0.03537052
0.45464090 0.46757179 0.01798336
0.64021212 -0.13208409 0.04743751
-0.42335525 -0.49528846 0.04211060
-0.60666704 0.23750855 0.08062539
0.62485552 -0.18954943 0.08078361
0.51156020 -0.40569213 0.04838934
0.60964769 -0.22964919 0.06395331
0.52212948 -0.39037991 0.01608187
-0.49574712 0.42860132 0.02854198
0.09999425 -0.64631575 0.08939355
0.29731449 0.57969707 0.00660036
0.61751598 -0.20890221 0.08426755
-0.29090184 -0.58306271 0.06612696
0.61797225 0.20769906 0.00851352
-0.39828223 0.51750124 0.01376931
-0.47823149 -0.44667235 0.00854024
-0.09762366 0.64690006 0.04291347
-0.15451680 0.63287717 0.08466720
-0.45426953 0.46790078 0.03263056
0.42872447 -0.49053177 0.00716485
0.64015889 0.13252252 0.07351083
-0.14015262 0.63641763 0.05296408
0.64132345 -0.12293164 0.06343805
-0.14838311 0.63438898 0.07891361
-0.64324987 0.10706587 0.01134301
-0.06917048 -0.65146518 0.07260583
0.27380711 -0.59203476 0.06236824
-0.39344579 -0.52178597 0.06701493
-0.33748573 0.55861360 0.00301203
0.56877244 -0.32280588 0.01744519
0.64350903 -0.10493171 0.08147271
-0.17847528 -0.62697196 0.03662976
0.63119704 0.17282826 0.02593253
0.47009856 -0.45387748 0.08849715
-0.14824839 0.63442218 0.00741701
0.45115450 0.47066048 0.06937444
0.62507641 0.18896693 0.06991162
0.00672411 0.65146518 0.04927836
-0.53274757 -0.37499690 0.07259019
0.16912244 0.62927723 0.00930996
-0.52452677 -0.38690683 0.01390941
-0.52008790 -0.39333767 0.02001248
0.49846390 -0.42466539 0.05022503
0.62766731 0.18213537 0.02514699
-0.26023522 -0.59915781 0.07159699
-0.43044129 0.48901078 0.01541001
-0.50723064 0.41196463 0.01880150
0.65185624 -0.03618566 0.03960067
-0.47167453 0.45248130 0.02155342
-0.10457656 -0.64518631 0.06110259
0.65407270 0.01793159 0.02301480
0.36002281 -0.54678524 0.05100778
0.28913295 -0.58399111 0.07609025
0.60005754 0.25493622 0.01504625
-0.50661296 0.41285947 0.06015814
-0.21152374 -0.61882621 0.06786556
0.08479993 0.65006083 0.08882781
-0.46512792 0.45828110 0.03578449
-0.23203948 0.61376953 0.07884926
0.06672732 -0.65146518 0.08546755
0.03683720 0.65146518 0.01132587
-0.64588970 -0.08532484 0.06276919
0.64184213 -0.11865982 0.04623740
0.64458597 -0.09606221 0.07241998
0.20084068 -0.62145936 0.02807377
-0.51262033 0.40415624 0.06738854
0.62958789 -0.17707120 0.02152849
0.02136276 0.65146518 0.05726556
-0.58024925 0.30617884 0.05360072
0.61965877 0.20325208 0.01346315
-0.65456873 0.01384629 0.07008661
-0.45429888 -0.46787480 0.01078065
-0.36859357 0.54228699 0.05099569
-0.45907667 -0.46364203 0.07011244
-0.57581538 0.31260243 0.01856492
0.48809028 0.43793821 0.02665520
-0.64639825 0.08113676 0.05207764
0.56025982 -0.33513856 0.07615214
0.50597352 0.41378585 0.05305205
0.54327875 0.35973987 0.03371191
0.38919669 0.52555031 0.08886931
-0.57512957 0.31359607 0.00290156
-0.15680502 0.63231319 0.02829796
-0.65134025 -0.04043577 0.02517097
-0.64247930 -0.11341199 0.01890618
0.61148083 0.22481556 0.07461584
-0.08647867 0.64964706 0.08882993
0.43073624 -0.48874947 0.01103817
-0.65259719 0.03008346 0.02543480
0.58695424 -0.28948689 0.06928308
-0.63955534 0.13749339 0.08612461
-0.26593146 -0.59616816 0.08286172
-0.27042249 -0.59381109 0.04474390
-0.20329052 -0.62085551 0.07294112
-0.11481387 0.64266306 0.00997650
0.02285324 0.65146518 0.06748569
-0.26625010 -0.59600091 0.04525152
-0.46162137 -0.46138763 0.01701877
0.35005301 -0.55201781 0.02591291
-0.63746125 -0.15473954 0.05581737
0.10984953 0.64388669 0.05969352
-0.59098119 -0.27886873 0.07775444
-0.39986625 -0.51609796 0.02788113
-0.63967669 0.13649358 0.03176946
0.57448351 0.31453201 0.01619474
0.64458072 0.09610512 0.05232826
-0.65537131 0.00723657 0.06035666
0.64537299 -0.08958026 0.02939947
-0.56392866 -0.32982332 0.04295611
-0.63426471 -0.16473950 0.03786800
0.09879318 -0.64661181 0.01663457
0.46244994 -0.46065360 0.04727470
-0.19862705 -0.62200499 0.06434205
-0.46370447 0.45954216 0.05677403
-0.64189070 -0.11825975 0.03472695
-0.63720351 0.15686241 0.03565660
-0.01805041 0.65146518 0.00775186
0.64994353 0.05193854 0.07504921
0.37353235 0.53942776 0.07406341
-0.15327460 -0.63318336 0.04111727
0.17739691 -0.62723774 0.07940271
0.27739376 0.59015232 0.02126077
-0.01336559 0.65146518 0.07712272
0.58562046 0.29300368 0.04729931
0.35604224 0.54887444 0.06011159
-0.13794017 -0.63696295 0.05829043
-0.65499127 -0.01036682 0.07609073
0.65005118 -0.05105221 0.07478277
-0.41714993 -0.50078589 0.01329069
0.40153912 0.51461589 0.00765512
-0.64259320 0.11247385 0.01504858
-0.43324408 -0.48652774 0.07971945
0.02373238 -0.65146518 0.03298488
-0.48752272 -0.43844101 0.06423791
0.47454286 0.44994017 0.00861305
-0.60052705 -0.25369832 0.05693456
-0.10007275 -0.64629644 0.08668151
0.65365779 -0.02134858 0.00613390
0.18385489 -0.62564600 0.04863054
-0.46626604 0.45727283 0.01936688
-0.60528105 0.24116303 0.09172060
-0.39707389 -0.51857173 0.08755560
-0.51078212 -0.40681934 0.00458183
-0.41645700 0.50139982 0.07480548
-0.65436178 -0.01555090 0.05487692
-0.47071010 0.45333570 0.07043026
-0.53084838 0.37774837 0.07714632
0.49214298 -0.43382284 0.05426339
0.38841137 -0.52624607 0.01736151
-0.61730474 0.20945922 0.05696633
-0.61075890 0.22671913 0.09125461
0.27047750 -0.59378225 0.05831726
0.19191320 -0.62365979 0.04390071
-0.63434035 0.16454001 0.03544737
-0.28116366 0.58817369 0.02788031
-0.38712707 -0.52738386 0.01839848
-0.31731588 -0.56919956 0.00366686
0.64003372 0.13355345 0.06042657
0.52391911 -0.38778719 0.08466268
-0.12301961 0.64064056 0.01056084
-0.44583866 0.47536990 0.03794246
-0.65313917 0.02561999 0.06786488
0.51334000 -0.40311369 0.03570382
-0.59170067 0.27697152 0.01528991
-0.09148420 0.64841330 0.01801071
-0.50907409 0.40929392 0.00578957
-0.26756805 -0.59530920 0.08976535
-0.38432235 -0.52986860 0.01799820
-0.21144460 -0.61884570 0.05710026
-0.34276614 0.55584222 0.03085597
-0.17795269 0.62710077 0.04355527
0.64610755 0.08353078 0.01234406
-0.63614780 -0.15977418 0.02446932
-0.07673384 -0.65146518 0.08217175
-0.43044820 0.48900467 0.06259861
-0.18396086 -0.62561989 0.08762708
0.63188303 0.17101946 0.06911867
0.64177907 0.11917898 0.04258998
0.39946812 0.51645064 0.03130861
0.39845508 0.51734811 0.04858286
-0.02308341 -0.65146518 0.05943098
-0.43058249 -0.48888570 0.02843813
-0.02872008 -0.65146518 0.00631795
0.33058703 0.56223434 0.05628823
0.25441247 0.60221380 0.06432857
0.13893715 0.63671720 0.01184275
0.65078384 -0.04501787 0.08668164
-0.00828598 0.65146518 0.08607145
0.64803624 0.06764670 0.04781051
-0.07474156 -0.65146518 0.06344164
-0.06269282 0.65146518 0.04449632
0.03000581 -0.65146518 0.08774942
-0.62469459 0.18997383 0.07521649
0.48453134 -0.44109118 0.08053489
0.59662378 0.26399043 0.06714770
-0.02052558 -0.65146518 0.07802793
-0.62564886 0.18745759 0.05528054
0.53933609 -0.36545181 0.07672363
0.09163725 -0.64837557 0.01540426
0.64003873 -0.13351195 0.08390509
0.55825311 -0.33804578 0.03389930
-0.39188957 -0.52316469 0.06244186
0.56518924 0.32799709 0.02492894
0.63727987 0.15623325 0.00986731
-0.15214226 0.63346243 0.04451216
-0.27005503 -0.59400398 0.00322001
-0.24986297 -0.60460156 0.06237217
-0.43178302 0.48782212 0.03010087
0.41713947 0.50079519 0.04784167
-0.64611620 0.08345961 0.07593362
-0.10617384 -0.64479262 0.02474785
-0.12487895 0.64018226 0.08551998
0.50103688 -0.42093778 0.07304598
0.10608547 -0.64481443 0.07941071
0.57531589 0.31332612 0.02417423
-0.17527027 -0.62776190 0.08682023
0.34947652 -0.55232036 0.00316004
0.65269101 0.02931104 0.02469930
0.45403481 -0.46810874 0.08475284
-0.57749802 -0.31016469 0.03091182
0.08855097 0.64913630 0.00552017
-0.51470524 -0.40113580 0.06745514
0.61414301 -0.21779600 0.07412911
-0.52158254 -0.39117226 0.05820682
0.55829519 0.33798486 0.01350635
-0.37668613 0.53663373 0.08881970
-0.65394002 0.01902457 0.07406151
-0.25405648 0.60240066 0.00434145
0.50188196 0.41971353 0.08665771
-0.64349067 -0.10508259 0.00242869
-0.35674804 -0.54850399 0.05580405
-0.42858499 0.49065533 0.03598814
0.51552099 0.39995393 0.01502268
0.59614158 0.26526183 0.06359167
0.55025315 0.34963572 0.07522117
-0.59232968 0.27531293 0.07778778
0.64999139 0.05154423 0.08577485
0.56422967 0.32938722 0.06794209
-0.45123827 0.47058624 0.00452096
-0.43148980 0.48808190 0.08069680
0.36434072 0.54451901 0.00676593
-0.08856163 -0.64913368 0.08986393
0.61588949 -0.21319090 0.01787069
-0.59024763 -0.28080294 0.08851013
-0.05176549 0.65146518 0.03576632
0.12023687 0.64132643 0.07969999
0.65280974 0.02833308 0.04468158
-0.52072227 -0.39241856 0.05747640
0.62417591 0.19134142 0.02809470
-0.42487168 0.49394506 0.06557553
-0.65183568 -0.03635550 0.06153126
-0.65448421 -0.01454264 0.05281203
-0.48822716 -0.43781695 0.09021714
0.65302730 -0.02654157 0.08802800
-0.56262439 0.33171287 0.01627839
0.50930506 0.40895930 0.01531779
0.62211967 0.19676329 0.08110951
0.59609121 0.26539469 0.08855588
-0.59087634 -0.27914503 0.06297214
-0.58005148 0.30646539 0.03110733
0.54871869 0.35185882 0.07621798
0.38134360 -0.53250760 0.00468330
0.64086151 0.12673594 0.00927039
0.33860630 0.55802548 0.08521212
0.07134700 -0.65146518 0.08536169
-0.14777674 0.63453847 0.02234211
-0.26721218 -0.59549600 0.06413256
0.60936499 0.23039454 0.06438691
0.05395133 0.65146518 0.07542069
-0.04788453 0.65146518 0.02709124
0.55649984 -0.34058580 0.02754656
-0.48724881 -0.43868369 0.03381221
0.31010920 -0.57298195 0.03239660
-0.61850852 0.20628513 0.06574850
-0.45647344 0.46594831 0.04674321
0.53253889 0.37529922 0.01817469
0.39361253 -0.52163827 0.05576665
-0.26705801 0.59557694 0.00264587
0.35449359 -0.54968721 0.05365291
-0.49890015 -0.42403340 0.08894671
-0.59529197 -0.26750213 0.06391796
0.62462527 -0.19015658 0.08687800
0.11956151 -0.64149290 0.01309316
-0.50635195 -0.41323754 0.03261987
-0.65386951 0.01960518 0.03473533
0.58089787 -0.30523917 0.01843403
-0.58218735 -0.30205613 0.08350972
-0.05990668 0.65146518 0.05889572
0.31892812 -0.56835341 0.04765706
-0.65566671 0.00480400 0.07414152
-0.58161002 0.30357835 0.05367227
-0.61795676 -0.20773996 0.04487328
-0.47119486 0.45290625 0.06456200
0.23071779 -0.61409533 0.00272850
-0.65619177 -0.00047948 0.00419491
0.02059909 0.65146518 0.04376998
-0.61890811 -0.20523153 0.08973131
-0.44854513 -0.47297218 0.00952221
0.09166640 0.64836842 0.04302818
-0.24727102 -0.60596192 0.02724579
0.60297078 -0.24725479 0.01511464
-0.09095324 0.64854419 0.05825100
-0.48773962 0.43824887 0.00350569
-0.31218466 -0.57189262 0.02011311
0.37369609 -0.53928268 0.04283747
-0.63064557 -0.17428230 0.06919608
-0.32729983 0.56395960 0.03221690
0.18217851 0.62605917 0.06019175
-0.63974345 -0.13594405 0.03320488
-0.18219166 0.62605596 0.01696921
-0.61735135 0.20933636 0.04507989
-0.65465188 0.01316164 0.00535006
-0.08437943 -0.65016448 0.01101431
-0.59127313 -0.27809888 0.03585451
0.02109697 0.65146518 0.08627491
0.54715854 -0.35411900 0.08368275
-0.61974555 0.20302331 0.06285501
0.50792426 0.41095966 0.07783858
-0.31742054 -0.56914467 0.09041622
-0.58399463 0.29729062 0.06001442
-0.52898639 0.38044599 0.06593608
0.56500185 -0.32826859 0.02079374
0.10330330 -0.64550018 0.02489150
0.16449043 -0.63041890 0.04230192
0.56383479 0.32995933 0.07573739
-0.31388119 -0.57100224 0.05583973
-0.18915083 0.62434065 0.03314178
0.07350018 -0.65146518 0.01448748
0.53414828 -0.37296766 0.01698395
0.21438561 -0.61812085 0.00816352
-0.52406138 -0.38758102 0.01010279
-0.38284943 -0.53117353 0.04477813
-0.51931590 0.39445609 0.06560572
-0.43089309 -0.48861054 0.08004060
0.52925384 0.38005847 0.06365714
0.23045775 0.61415941 0.02538181
-0.08494888 -0.65002412 0.04288418
0.30257523 0.57693607 0.05583647
-0.63230431 -0.16990860 0.03504835
-0.64824134 0.06595751 0.05552014
0.59903318 0.25763738 0.03326686
-0.51029724 -0.40752184 0.06238701
-0.50407797 -0.41653198 0.06171924
-0.44519144 0.47594330 0.06276701
0.50944984 -0.40874952 0.00618982
-0.60914564 0.23097299 0.02646052
-0.50360173 -0.41722193 0.04398551
0.34084788 0.55684900 0.06385572
0.50429380 0.41621932 0.02635209
-0.17853205 0.62695795 0.00472424
0.62768644 0.18208486 0.07064423
-0.64436197 -0.09790700 0.07414626
-0.64273745 -0.11128607 0.07594661
-0.62151927 0.19834645 0.05690339
-0.45889151 0.46380609 0.03224317
0.64262927 -0.11217714 0.07221300
-0.46485642 0.45852163 0.01527661
0.61265719 0.22171381 0.02098285
0.46574259 -0.45773655 0.07153952
0.61126614 -0.22538163 0.04394138
0.15176339 0.63355583 0.05774546
-0.65395486 0.01890208 0.06183727
0.29595381 0.58041126 0.05054647
0.65148532 -0.03924051 0.06083420
-0.63914067 -0.14090836 0.05356769
-0.03548918 -0.65146518 0.08974171
-0.42053515 -0.49778688 0.01756862
-0.00684677 -0.65146518 0.00765477
-0.58885896 0.28446457 0.02544632
-0.38483486 0.52941459 0.02901097
-0.42482919 0.49398270 0.08424527
-0.22477295 0.61556059 0.04705118
-0.35152319 0.55124617 0.02154899
0.43790543 -0.48239812 0.09069932
-0.64520824 0.09093706 0.04962788
0.64933127 -0.05698096 0.08903851
-0.49342024 0.43197238 0.05074797
-0.20132601 0.62133974 0.00552415
-0.63293314 0.16825047 0.03000885
-0.30434561 -0.57600689 0.07781938
-0.58877438 0.28468755 0.01161851
0.34887910 -0.55263394 0.00251840
0.64786464 0.06905958 0.07753561
-0.65323812 0.02480534 0.02324662
0.58766156 0.28762171 0.03394513
-0.60705239 0.23649244 0.08485189
0.64744204 -0.07254037 0.08064072
-0.48633513 -0.43949315 0.01792212
-0.09930080 0.64648670 0.02208776
-0.00276191 0.65146518 0.01167102
-0.64341968 0.10566742 0.04293741
0.29018381 0.58343959 0.00323060
-0.20273927 0.62099141 0.06583641
-0.50517690 0.41493997 0.02804371
-0.59466076 -0.26916641 0.04351428
0.49092293 0.43542871 0.07287735
0.58613670 0.29164249 0.06061062
0.59565634 -0.26654133 0.04213593
-0.44527516 -0.47586912 0.04572088
-0.12129465 -0.64106572 0.08060703
-0.49502158 0.42965245 0.06865724
-0.31459489 -0.57062763 0.07142254
-0.64576852 0.08632274 0.00359207
-0.29535693 0.58072448 0.00545369
-0.40825233 0.50866848 0.07022438
-0.64965212 0.05433865 0.05497358
0.53199810 -0.37608275 0.06805729
-0.11689404 0.64215034 0.07733015
0.01433717 0.65146518 0.07802603
-0.16311972 -0.63075674 0.00622159
0.32017142 -0.56770086 0.06914647
-0.16594598 -0.63006014 0.05993197
-0.56854439 -0.32313630 0.07772399
0.62588769 -0.18682790 0.03914429
0.54819208 -0.35262173 0.08665340
0.65451384 -0.01429839 0.03048805
-0.49602258 -0.42820224 0.03328065
-0.01084543 0.65146518 0.07069670
-0.60061753 -0.25345978 0.01781696
0.59807789 -0.26015621 0.00617125
0.64297950 0.10929235 0.06515572
0.29698035 0.57987249 0.05566987
0.43753365 0.48272753 0.08756987
0.33104089 0.56199616 0.06410804
0.28098285 0.58826858 0.02657648
0.64887315 -0.06075395 0.07105371
0.20285809 0.62096208 0.05778882
0.00146505 -0.65146518 0.06431914
-0.41225117 -0.50512588 0.01599675
-0.38700500 -0.52749199 0.04359094
-0.41716436 -0.50077313 0.06057420
-0.65272969 0.02899241 0.04744236
-0.58932894 -0.28322527 0.05794459
0.00818705 0.65146518 0.06875337
0.50754416 -0.41151038 0.06679300
0.00401900 -0.65146518 0.01301313
-0.44935420 0.47225541 0.06225729
-0.64436710 0.09786449 0.02303419
0.61707854 0.21005557 0.07664664
0.13393034 0.63795125 0.00764016
0.59112036 -0.27850166 0.01446213
0.64901841 -0.05955743 0.07082614
0.47759879 -0.44723287 0.07060352
-0.36510047 -0.54412031 0.06122756
-0.62351245 0.19309089 0.05271492
0.31195575 -0.57201278 0.00252793
0.62804747 -0.18113299 0.07790544
-0.14932954 -0.63415569 0.05367819
-0.64335763 0.10617828 0.07832678
-0.60658026 -0.23773730 0.09231771
0.20782131 0.61973882 0.07131008
0.51840568 -0.39577475 0.02664097
0.56642622 -0.32620496 0.02811049
0.35154369 -0.55123544 0.00869206
0.65057772 -0.04671552 0.06359319
0.64964205 0.05442148 0.03958850
0.47864285 -0.44630793 0.06679424
0.62527502 0.18844330 0.05587343
0.05227916 0.65146518 0.01697361
0.14320087 -0.63566631 0.04174206
0.35550961 -0.54915398 0.08390026
-0.44925857 -0.47234014 0.02253935
0.59668839 0.26381996 0.04945800
0.55396539 0.34425765 0.00676264
0.50989157 -0.40810958 0.05765597
-0.52289557 -0.38926998 0.06303582
0.42734832 -0.49175096 0.07543337
0.54941475 0.35085037 0.02252094
0.63738060 0.15540366 0.06445687
0.39056990 -0.52433378 0.05742009
-0.04036089 0.65146518 0.05538718
-0.65494752 -0.01072710 0.08721254
0.08511047 -0.64998430 0.03515244
0.63766032 -0.15310021 0.04799907
-0.41230288 -0.50508004 0.06194163
0.62312311 -0.19411741 0.06577977
0.56875974 -0.32282430 0.02693835
-0.28719333 -0.58500910 0.00885476
0.63703984 0.15742213 0.05834975
0.38675913 -0.52770984 0.06356557
-0.57056141 -0.32021409 0.01303676
0.47204432 -0.45215371 0.02849532
0.63559252 -0.16123834 0.02449106
0.64028943 0.13144721 0.07013010
-0.24594784 0.60665637 0.01421624
-0.44727755 -0.47409517 0.08231091
-0.58424520 -0.29663002 0.01129164
-0.52225989 0.39019096 0.05671268
-0.19152923 0.62375444 0.06145855
0.64368278 0.10350042 0.06746799
-0.30426824 0.57604748 0.09080071
-0.52478844 -0.38652775 0.05811017
0.21685800 0.61751145 0.02228840
-0.20817114 -0.61965257 0.06252815
0.46155807 0.46144372 0.08914406
0.51937532 -0.39436999 0.03740034
0.13462928 -0.63777900 0.02183787
-0.63763887 0.15327656 0.02650936
-0.32401857 -0.56568170 0.04553267
-0.65082908 -0.04464543 0.05219659
-0.61681408 0.21075293 0.03940546
0.56803787 0.32387006 0.05659070
0.62903190 -0.17853729 0.04216450
0.43498576 0.48498473 0.02900953
-0.56527632 0.32787088 0.05441796
-0.63791758 0.15098128 0.05902312
0.64939868 0.05642571 0.03374261
-0.60465682 0.24280898 0.07552902
0.15456304 -0.63286579 0.07225790
0.64848775 -0.06392804 0.07392387
0.53199679 -0.37608466 0.03147200
0.17073441 -0.62887990 0.05833149
-0.65598243 -0.00220351 0.03440616
0.54705423 0.35427019 0.04600529
0.15883662 0.63181245 0.07737991
0.63797444 -0.15051302 0.00859037
-0.63406420 -0.16526811 0.06334456
-0.55584496 -0.34153461 0.05846045
0.05778974 0.65146518 0.08623522
0.44390240 -0.47708526 0.08542741
0.60883951 -0.23178010 0.07499542
0.46074119 0.46216741 0.04164699
-0.31504929 -0.57038915 0.03409035
-0.51114714 -0.40629059 0.07024337
0.05776643 0.65146518 0.01469241
-0.34579316 -0.55425358 0.05876080
-0.61910754 -0.20470567 0.04523623
-0.41849816 0.49959147 0.02306032
-0.52228832 -0.39014974 0.06722903
-0.18827190 0.62455726 0.04247167
-0.33696491 -0.55888695 0.05384670
-0.13089703 0.63869894 0.08977894
0.46281227 -0.46033260 0.03176051
0.65180677 -0.03659330 0.00824560
-0.41016930 0.50697023 0.07112519
-0.37817475 0.53531492 0.02036102
-0.14417537 -0.63542610 0.04287806
-0.59941041 0.25664267 0.01829711
0.54432881 0.35821861 0.08364122
-0.63047761 0.17472528 0.01017677
0.54780632 -0.35318056 0.06202980
0.64127719 0.12331244 0.04038239
0.64419568 -0.09927623 0.01024666
0.02367620 -0.65146518 0.01405448
0.63450837 0.16409695 0.00339404
0.50281465 -0.41836226 0.07812539
0.31550896 0.57014793 0.03084100
0.54729658 -0.35391900 0.09040630
-0.42894104 0.49033991 0.03448944
0.34878543 -0.55268306 0.04449163
0.53921437 -0.36562818 0.04026489
0.64824927 0.06589223 0.02903045
0.57740575 0.31029838 0.04909255
-0.52338821 0.38855633 0.07405408
0.32985216 0.56261998 0.06744120
-0.65374655 0.02061783 0.05780562
0.64358652 0.10429316 0.01247637
0.02684892 0.65146518 0.01932643
-0.63552320 0.16142111 0.06836047
-0.15563226 0.63260221 0.04711410
0.00553109 0.65146518 0.06678388
0.61187339 -0.22378051 0.07758221
-0.59466147 -0.26916459 0.07287373
0.46866336 -0.45514897 0.00403287
0.28577453 0.58575374 0.03610668
-0.38922751 -0.52552307 0.01026885
-0.45734969 0.46517202 0.01079196
-0.01057166 -0.65146518 0.00819730
0.49998805 0.42245728 0.04869868
0.21577142 0.61777925 0.05675195
0.24345674 0.60796380 0.04355519
-0.40907669 0.50793821 0.06487790
0.43315864 -0.48660344 0.08634266
0.38007149 0.53363460 0.06986289
0.61381102 -0.21867131 0.04794102
0.43360144 0.48621115 0.00263405
-0.62020814 -0.20180354 0.06214986
0.55276978 -0.34598973 0.08246630
-0.50093704 0.42108247 0.04106543
-0.25978670 -0.59939319 0.04311363
0.21509886 0.61794502 0.05596270
-0.18836497 0.62453437 0.04600934
0.59534383 0.26736537 0.06681440
-0.22899792 -0.61451924 0.01066989
-0.52237117 0.39002970 0.08752371
-0.23726737 0.61121225 0.08095228
-0.02745145 0.65146518 0.05908944
0.24350759 -0.60793710 0.04400713
0.61135972 0.22513485 0.00952275
0.28720880 0.58500099 0.03765833
0.01702447 0.65146518 0.01892762
-0.05743608 0.65146518 0.07301766
-0.20172648 -0.62124103 0.08460610
0.02023874 -0.65146518 0.00488890
0.48129898 0.44395480 0.06451178
-0.60541183 -0.24081816 0.02591729
0.45943138 0.46332780 0.01732582
0.59865993 -0.25862148 0.00617128
-0.51404041 0.40209892 0.08536015
-0.37898615 0.53459609 0.04998586
-0.37562385 0.53757483 0.00356346
0.49141338 0.43487984 0.08176295
-0.11029561 0.64377671 0.02986245
0.00879546 0.65146518 0.00247011
-0.50846344 -0.41017857 0.05414925
0.65344107 -0.02313345 0.01876512
-0.14757116 -0.63458914 0.01264741
-0.48932031 -0.43684849 0.02833459
-0.28205454 -0.58770615 0.07363629
0.19698225 -0.62241036 0.07733084
-0.24811898 -0.60551691 0.07477795
-0.60366875 -0.24541430 0.01602609
-0.46900645 -0.45484501 0.08040614
0.48032299 0.44481945 0.02064848
-0.22473951 -0.61556882 0.01004268
-0.03106022 -0.65146518 0.01750515
0.35356981 -0.55017203 0.07693923
-0.02100660 -0.65146518 0.05928252
0.05814131 -0.65146518 0.04625177
-0.54028863 -0.36407182 0.05160394
0.34691146 -0.55366659 0.06546525
0.21188952 0.61873609 0.03239295
-0.65136242 0.04025310 0.02196456
-0.48231378 -0.44305575 0.05921106
0.21124108 -0.61889589 0.00360947
-0.26298711 -0.59771347 0.00336684
0.61187649 -0.22377235 0.05305377
0.63708878 -0.15729302 0.06528326
0.18773937 0.62468857 0.01100174
-0.61986685 0.20270352 0.03112294
-0.49763948 -0.42585978 0.01140041
-0.20156088 -0.62128186 0.04944044
0.39029422 0.52457803 0.03212021
0.65333521 0.02400550 0.04866966
-0.58850282 0.28540361 0.08569070
0.11305057 0.64309770 0.04962163
0.22904836 0.61450678 0.06909423
-0.55130202 0.34811622 0.01094124
0.57254004 0.31734762 0.04083078
-0.05385134 -0.65146518 0.08162364
0.25312468 0.60288972 0.03117149
0.64574969 0.08647781 0.04083233
-0.64295787 -0.10947097 0.05226901
0.30877236 -0.57368356 0.04421146
-0.58861828 0.28509906 0.03863636
-0.58137316 -0.30420294 0.07640474
-0.64808196 0.06727011 0.03900059
-0.21643116 -0.61761665 0.06193012
-0.26391947 0.59722418 0.06423714
0.60437262 0.24355844 0.01067910
0.00322345 0.65146518 0.02790874
0.58194512 -0.30269474 0.04241354
0.30480090 0.57576793 0.06480480
-0.10823377 0.64428490 0.02960992
-0.49931613 0.42343077 0.02867052
0.34195343 0.55626875 0.07097897
0.57512647 -0.31360051 0.06808162
0.44065684 0.47996062 0.01950112
0.63604069 0.16005656 0.00868966
0.38436446 0.52983135 0.08716048
0.26394352 0.59721154 0.06696321
0.27961820 0.58898485 0.07230479
0.61237514 -0.22245744 0.07317439
-0.64092320 0.12622768 0.00482123
0.41320527 0.50428057 0.00989728
-0.62206244 0.19691411 0.06951586
0.45897424 -0.46373278 0.00836470
-0.65455604 -0.01395104 0.04121484
-0.37075901 -0.54115045 0.09133466
0.54478091 0.35756367 0.03746073
0.40768176 0.50917399 0.01373338
-0.13376324 0.63799244 0.04043516
-0.19938830 -0.62181735 0.04706369
0.63995802 -0.13417666 0.01287637
-0.06914846 -0.65146518 0.06184277
-0.17631122 0.62750530 0.05597187
-0.63855505 0.14573120 0.02590829
-0.63915795 0.14076608 0.02155287
0.30927914 0.57341754 0.04475432
0.61542439 -0.21441731 0.05675225
-0.64184785 0.11861243 0.00715926
0.40897524 0.50802803 0.04507463
0.26460835 0.59686261 0.07551757
0.34506181 0.55463737 0.06132351
0.16494386 0.63030714 0.08284763
-0.63007784 0.17577928 0.03058952
0.47350889 -0.45085618 0.03023390
0.21750961 -0.61735082 0.00791081
-0.65312570 -0.02573103 0.08508603
0.45896718 -0.46373904 0.05348076
-0.30337995 -0.57651371 0.06585294
-0.07713342 -0.65146518 0.02795828
-0.55349803 0.34493470 0.02373858
-0.56145424 -0.33340818 0.00747457
0.46362486 0.45961270 0.00952388
-0.59676266 -0.26362413 0.04995579
0.46505970 0.45834154 0.07640021
-0.57232183 0.31766376 0.07787301
-0.13225846 -0.63836336 0.07702185
-0.39660883 0.51898378 0.02753788
0.18621668 -0.62506384 0.01036664
-0.43964082 0.48086071 0.05138461
0.33415499 -0.56036174 0.06995776
-0.18319686 -0.62580818 0.01117330
-0.17557715 -0.62768626 0.07070143
0.23902762 -0.61028838 0.00546468
0.64733726 -0.07340308 0.02053853
0.46990368 0.45405015 0.02570372
-0.31174144 0.57212526 0.02188000
-0.18579285 -0.62516832 0.08805458
-0.37836492 -0.53514647 0.00258968
0.29467884 -0.58108038 0.08796335
0.08540629 -0.64991140 0.07035679
0.61722249 0.20967604 0.01388984
0.36638379 0.54344672 0.07992087
-0.58311343 0.29961416 0.06028056
-0.31166047 -0.57216775 0.08681896
-0.36596504 0.54366654 0.08313147
-0.06407310 -0.65146518 0.04390274
-0.41952097 -0.49868536 0.06367351
0.51242316 0.40444189 0.00933462
-0.49692658 0.42689261 0.02707603
-0.50256377 0.41872567 0.07566693
-0.59193981 0.27634105 0.07655688
-0.64133567 0.12283099 0.01088669
-0.49027723 -0.43600073 0.05491726
0.30516431 -0.57557720 0.06374442
0.48053899 -0.44462806 0.01615202
0.64721775 0.07438744 0.02691468
0.29704437 -0.57983887 0.07998946
-0.59591621 -0.26585600 0.07938557
-0.18550825 0.62523848 0.05254352
-0.60608679 0.23903847 0.05831829
-0.60987681 -0.22904506 0.01216370
-0.26337135 -0.59751183 0.08921580
-0.26824656 -0.59495312 0.00859360
-0.58343995 0.29875320 0.06559860
-0.50392008 0.41676071 0.00973420
0.15706839 0.63224828 0.02362622
-0.22505626 -0.61549073 0.02813436
-0.02796379 -0.65146518 0.01275576
-0.64512050 -0.09165969 0.03196415
0.28135064 0.58807558 0.00673366
-0.35420144 0.54984057 0.05004890
0.61426133 0.21748398 0.05048642
-0.57066405 -0.32006547 0.01712522
0.13205765 0.63841283 0.04940414
0.33061618 0.56221902 0.01158313
0.05638833 -0.65146518 0.05815962
0.53741056 0.36824140 0.05604904
-0.00202701 -0.65146518 0.03508869
0.64939111 0.05648802 0.04523901
0.44417021 -0.47684804 0.06467784
0.57982576 0.30679238 0.06277538
0.39679709 0.51881695 0.08774478
0.61994606 0.20249458 0.07499313
-0.37614223 -0.53711557 0.08298460
0.50335950 0.41757292 0.04369178
-0.64917755 -0.05824674 0.04361659
-0.64754432 -0.07169778 0.08603349
-0.64286637 -0.11022445 0.02636040
-0.46231157 -0.46077615 0.02179538
0.10727264 0.64452183 0.07148771
0.28112817 0.58819234 0.07699861
0.10562062 0.64492899 0.06707124
0.30935422 -0.57337815 0.07053967
0.50432193 -0.41617861 0.05541908
-0.13887577 0.63673234 0.04834252
-0.31901494 -0.56830782 0.05051449
-0.15814914 -0.63198191 0.04521215
-0.27321070 0.59234774 0.07845405
-0.64665335 0.07903546 0.04459529
0.46585944 0.45763302 0.03713588
-0.45399839 0.46814102 0.08017179
-0.13356695 0.63804084 0.08107447
0.58573073 -0.29271296 0.08016582
0.34080330 0.55687243 0.04836465
-0.17991745 0.62661648 0.06698321
-0.14616185 -0.63493645 0.03017855
0.48462057 0.44101211 0.03569282
-0.64129323 -0.12318014 0.00257618
-0.40301386 -0.51330942 0.05242549
-0.57402700 0.31519338 0.04822535
-0.55727333 0.33946529 0.05225429
0.65340239 -0.02345209 0.04001590
-0.63701379 -0.15749069 0.05115901
0.41236869 -0.50502175 0.04296415
-0.61426842 -0.21746534 0.01686909
0.32836825 0.56339884 0.03807794
0.35201383 0.55098867 0.02180958
-0.65467441 -0.01297620 0.03464779
0.23396488 0.61294556 0.04532649
-0.19812115 0.62212968 0.08326973
-0.63868934 0.14462541 0.06619848
0.64114964 -0.12436295 0.01736552
0.00287691 0.65146518 0.08434272
-0.56982422 0.32128215 0.08559448
0.49946526 -0.42321470 0.02591385
0.59901679 0.25768059 0.01759763
0.07170115 0.65146518 0.00275810
-0.42231306 -0.49621177 0.04347982
0.09743499 0.64694655 0.02860082
0.55479288 -0.34305874 0.04999365
0.15852508 0.63188922 0.08607948
-0.51941091 0.39431840 0.00496116
-0.02082008 -0.65146518 0.05826913
0.28780392 -0.58468866 0.01425729
0.21660829 0.61757302 0.07440348
-0.27709973 -0.59030664 0.03159930
-0.26275441 0.59783560 0.07722062
-0.65240312 -0.03168207 0.03797930
0.13110521 0.63864762 0.04241789
-0.37759274 0.53583056 0.01865518
-0.12508988 -0.64013028 0.04128069
-0.56842995 -0.32330206 0.06835688
-0.26350856 -0.59743983 0.08857784
-0.51556891 0.39988452 0.05619544
-0.61153585 -0.22467059 0.07706144
-0.44046143 0.48013374 0.09036469
0.33280769 -0.56106883 0.05423042
0.42864555 -0.49060169 0.07108955
-0.08953828 0.64889294 0.07862494
-0.53646600 0.36960989 0.06493083
0.60266268 0.24806707 0.06447090
-0.41524613 -0.50247252 0.03041312
0.55771309 -0.33882812 0.08132283
0.59743905 -0.26184061 0.02782156
0.45609400 0.46628445 0.00749233
0.64832318 -0.06528349 0.01803809
-0.50352716 -0.41732997 0.04882046
-0.59360760 0.27194342 0.00739947
0.04770807 -0.65146518 0.00917746
-0.60859436 -0.23242661 0.06405444
0.34245434 0.55600590 0.04148056
0.48727211 0.43866307 0.00517639
-0.59061062 -0.27984571 0.05368101
0.17549072 -0.62770754 0.02221543
0.40988788 -0.50721955 0.01017128
0.53411180 0.37302047 0.04195821
0.25784194 0.60041386 0.03866142
0.64718318 -0.07467221 0.02674060
-0.42170602 0.49674955 0.08046900
0.61996794 0.20243698 0.01628748
0.64906561 -0.05916894 0.05875142
0.34926572 0.55243099 0.01107102
0.36463806 0.54436296 0.03389873
-0.64174891 0.11942766 0.08047650
0.64790565 0.06872190 0.07789013
-0.24500942 0.60714889 0.07573240
-0.45373073 0.46837816 0.00865550
0.37433776 -0.53871423 0.01117754
0.55530906 0.34231097 0.07543720
-0.38480338 -0.52944249 0.04030621
0.63333863 0.16718137 0.04202382
-0.64967185 0.05417603 0.06675828
0.48511598 -0.44057322 0.03213182
0.49120218 -0.43518132 0.07555503
0.65201420 -0.03488514 0.05304968
0.52682883 0.38357171 0.02569282
-0.03142290 -0.65146518 0.04318009
0.31637171 0.56969512 0.05039796
-0.50806975 0.41074890 0.01277573
0.41982275 -0.49841800 0.09139825
-0.43366587 0.48615408 0.07599781
-0.56844306 -0.32328308 0.05193764
-0.59882104 -0.25819662 0.05597015
-0.53493512 -0.37182772 0.00703820
-0.08325315 0.65044206 0.05303165
0.02091356 -0.65146518 0.01486532
0.59478992 0.26882583 0.06613799
-0.58618492 0.29151535 0.06635546
0.00219242 0.65146518 0.01348126
0.59316546 -0.27310920 0.04840268
0.15199782 -0.63349801 0.08252613
-0.59193027 0.27636606 0.06270290
-0.05906212 -0.65146518 0.03624173
0.60330433 0.24637528 0.02048691
-0.53933948 0.36544690 0.00419063
0.17099886 -0.62881470 0.03001503
-0.19569370 0.62272799 0.04641790
0.58627939 0.29126623 0.02649433
-0.64070845 -0.12799636 0.05799068
0.60289085 0.24746549 0.05777341
0.64582402 0.08586592 0.03262648
-0.64475489 -0.09467094 0.05104996
0.31534848 -0.57023215 0.06903645
-0.50503260 -0.41514903 0.05394594
0.40229058 -0.51395017 0.03711721
0.10028922 0.64624310 0.03129272
0.53368747 -0.37363523 0.06456953
-0.07213333 0.65146518 0.05719584
0.53245038 0.37542751 0.01260127
0.02541252 0.65146518 0.08199327
0.12418734 -0.64035273 0.00661438
-0.60376805 0.24515252 0.03453259
0.60880601 -0.23186843 0.03242208
0.54673302 -0.35473549 0.02999098
0.65316772 0.02538502 0.05246472
-0.65209687 0.03420424 0.04881977
0.48972732 0.43648794 0.05789837
-0.53905135 0.36586431 0.06997152
-0.34817594 0.55300295 0.00214636
-0.23586398 0.61194879 0.06996194
0.44210950 -0.47867367 0.02583391
0.32171616 0.56689012 0.01844900
-0.64145297 -0.12186448 0.02864941
-0.55897671 -0.33699745 0.09002997
-0.31912628 0.56824940 0.02277906
0.20919189 0.61940098 0.06434174
0.20790280 0.61971873 0.00405846
0.21510901 -0.61794251 0.03764160
0.38835686 -0.52629435 0.02997452
0.26216516 -0.59814489 0.01693162
-0.38110039 -0.53272307 0.02375565
0.61848563 -0.20634542 0.00371193
0.24167666 -0.60889810 0.08931565
0.64826292 -0.06577942 0.00694844
-0.39435521 0.52098030 0.02881177
-0.51013774 0.40775293 0.00711148
0.63639808 -0.15911432 0.04437421
-0.51709270 0.39767694 0.08380442
-0.17441647 0.62797236 0.06018839
-0.10809814 -0.64431834 0.07010096
0.13517453 0.63764459 0.00355904
0.41709998 0.50083017 0.00675908
0.41126475 0.50599974 0.01019532
-0.39080310 -0.52412719 0.03005605
0.36606011 -0.54361665 0.05062228
0.57290965 -0.31681216 0.06475935
-0.63728863 -0.15616117 0.04793349
0.65533000 0.00757697 0.08095231
-0.09630292 -0.64722562 0.08098840
0.58922064 -0.28351074 0.01781673
0.31348825 -0.57120848 0.05042005
-0.09298505 0.64804339 0.08261675
-0.22952123 0.61439025 0.06080775
0.25147074 -0.60375774 0.06278544
-0.42308244 -0.49553016 0.02683986
-0.24770373 0.60573483 0.06922621
0.09931740 -0.64648259 0.03841142
-0.38252714 0.53145903 0.03033136
0.32827953 0.56344539 0.08779529
-0.58226967 -0.30183896 0.02590429
0.63745719 0.15477303 0.03929688
-0.64030623 0.13130905 0.08993831
0.57156485 -0.31876040 0.02975810
0.61563438 -0.21386352 0.00564518
-0.54058921 -0.36363634 0.04885916
0.60849965 0.23267624 0.03259016
-0.55319375 0.34537557 0.07650048
0.18217772 0.62605935 0.05965948
0.28784209 -0.58466858 0.01734753
0.27737603 0.59016162 0.03646602
-0.19888663 0.62194097 0.04411166
-0.63308907 -0.16783939 0.00198112
-0.23730156 0.61119431 0.00394824
-0.60404789 0.24441455 0.02844058
-0.58534908 -0.29371926 0.01568131
-0.57564765 0.31284547 0.08404938
-0.41941988 -0.49877492 0.03918393
0.61703354 0.21017435 0.01546582
0.19192027 0.62365806 0.07358629
-0.54768968 -0.35334954 0.04593169
0.64055997 -0.12921946 0.06335967
-0.17252088 0.62843955 0.06602728
0.34766802 -0.55326951 0.05040514
0.11071607 0.64367306 0.03162027
-0.63891482 -0.14276834 0.05302334
0.59709954 0.26273587 0.04514215
-0.62629616 -0.18575071 0.04088046
-0.37192088 -0.54054064 0.08949165
0.64138615 -0.12241504 0.02732576
0.24291338 -0.60824901 0.06926311
-0.36686897 -0.54319209 0.02524072
-0.06493999 -0.65146518 0.06995135
-0.55101001 0.34853917 0.00474280
-0.64254636 -0.11285996 0.08481961
0.57092702 0.31968448 0.02685680
0.65002275 -0.05128634 0.01901014
-0.15730302 0.63219041 0.04387229
-0.64944148 -0.05607332 0.06611969
-0.40289328 0.51341623 0.04037260
-0.15214966 -0.63346064 0.00758480
-0.32757348 -0.56381595 0.02976623
-0.53425294 0.37281600 0.07732719
0.54284847 0.36036330 0.08836643
-0.64412189 0.09988416 0.06004148
-0.19132747 -0.62380415 0.00345397
0.64753783 -0.07175110 0.03267330
-0.26628622 0.59598196 0.05272884
0.13912275 0.63667148 0.05664441
-0.21519333 0.61792177 0.00670375
-0.46161777 0.46139082 0.04126426
-0.52198112 -0.39059481 0.03929000
-0.43631116 -0.48381054 0.08411139
0.63035262 0.17505485 0.01828396
-0.61212051 -0.22312890 0.09254034
-0.04620999 0.65146518 0.02159173
-0.41932830 -0.49885604 0.07469028
-0.11619452 0.64232278 0.02620560
0.07333130 0.65146518 0.06492263
0.57381445 -0.31550127 0.06396411
-0.20198520 0.62117726 0.07780018
-0.62096059 0.19981951 0.01752425
-0.62394559 0.19194879 0.07332509
-0.51635009 -0.39875281 0.03011326
-0.15396118 0.63301414 0.02870381
0.33775464 0.55847245 0.07558388
-0.64847964 -0.06399485 0.06650614
0.49796066 -0.42539448 0.00886579
-0.39290926 0.52226132 0.00843061
-0.50339317 0.41752416 0.06737331
0.62064314 0.20065661 0.02379446
0.14964437 0.63407815 0.07824960
-0.39220601 0.52288431 0.02858835
0.33194038 0.56152403 0.08450726
-0.44444421 0.47660527 0.04087625
-0.55069363 -0.34899756 0.04025928
-0.25180870 -0.60358036 0.07054964
-0.65495712 -0.01064800 0.06605916
-0.25380120 0.60253465 0.05685259
-0.53174281 -0.37645254 0.06247054
-0.45227596 -0.46966693 0.03059367
-0.28339961 0.58700019 0.05075052
-0.00228455 -0.65146518 0.04573891
-0.15545537 0.63264585 0.03953748
0.53941101 -0.36534327 0.02572992
-0.29461250 -0.58111525 0.01949199
0.65415716 -0.01723617 0.07879045
0.38372406 -0.53039867 0.01462305
0.65269715 -0.02926061 0.03412637
0.32140774 0.56705201 0.01864734
-0.42297199 -0.49562803 0.04343214
0.65546662 0.00645186 0.01508026
0.64110070 0.12476594 0.06714308
-0.34912202 -0.55250645 0.04010426
0.17098781 -0.62881744 0.00799782
0.49327677 -0.43218026 0.07393803
-0.52076370 -0.39235857 0.04129131
-0.35239446 0.55078894 0.05655586
-0.11414708 -0.64282739 0.06580361
0.44065750 0.47996002 0.06526896
0.54444021 -0.35805723 0.00722811
-0.35750279 -0.54810786 0.02440966
-0.24081326 -0.60935122 0.04914843
-0.33959138 -0.55750847 0.02567477
0.47971576 -0.44535738 0.03106924
-0.38321340 0.53085107 0.06364258
-0.08116060 0.65095782 0.00280617
-0.64640719 0.08106305 0.02092355
-0.65049690 0.04738116 0.08857831
0.52909523 0.38028830 0.05273953
-0.06870760 -0.65146518 0.02866568
0.51134223 0.40600792 0.03000478
0.21141434 0.61885321 0.00470402
-0.23083605 -0.61406618 0.01310800
0.59045589 -0.28025380 0.01015573
-0.24050358 0.60951376 0.03206082
-0.06152960 0.65146518 0.07204069
-0.18333772 -0.62577343 0.01960213
0.20113462 -0.62138689 0.03190426
-0.64236450 0.11435745 0.00319106
0.55282426 0.34591085 0.06470241
-0.64625508 -0.08231573 0.00565744
-0.51116008 -0.40627182 0.00222893
-0.43798918 -0.48232394 0.03986656
0.09913541 0.64652747 0.00888501
-0.49122861 0.43514752 0.05228790
-0.46957061 0.45434523 0.05145812
0.64222544 -0.11550295 0.03031759
-0.08625985 -0.64970100 0.04813521
-0.55654681 -0.34051776 0.08734556
-0.24654327 -0.60634387 0.07436504
0.64488643 -0.09358774 0.04110959
-0.51103240 -0.40645674 0.02845876
-0.63662064 0.15852733 0.03476339
-0.47780317 0.44705179 0.02878588
0.01169919 0.65146518 0.04548772
0.64262497 -0.11221228 0.08494813
0.35495231 -0.54944646 0.00923866
-0.26835293 -0.59489727 0.01193470
-0.64838147 0.06480340 0.02498753
-0.65369391 0.02105140 0.01997893
-0.43069044 0.48879007 0.02135620
-0.08741154 -0.64941716 0.05231813
-0.42353907 0.49512562 0.00979279
0.20403025 -0.62067318 0.01922087
-0.27516395 0.59132260 0.01990320
0.08728269 -0.64944887 0.02696097
0.38187605 0.53203589 0.08354903
-0.61284429 0.22122042 0.08376139
-0.46813914 -0.45561337 0.05340195
0.34105462 0.55674052 0.03526529
0.39474297 0.52063674 0.03165282
0.53062820 0.37806734 0.07540630
-0.64970583 -0.05389629 0.04092091
0.64586830 0.08550128 0.03651090
0.35676378 -0.54849571 0.04518456
0.53982401 0.36474496 0.03784655
0.51191461 0.40517870 0.04459463
0.65385222 -0.01974729 0.00568992
-0.57058734 0.32017654 0.08338510
-0.37340659 0.53953916 0.08012076
0.55316842 -0.34541219 0.07198759
0.17948858 0.62672216 0.05365281
-0.63826466 -0.14812310 0.09117058
-0.48834187 -0.43771532 0.03853929
-0.63591927 0.16037667 0.06411710
-0.26050025 -0.59901869 0.08551562
-0.22470470 -0.61557740 0.08777168
0.14672272 -0.63479823 0.08787872
0.32459611 -0.56537861 0.04530611
-0.14066553 0.63629121 0.05318409
-0.32819191 0.56349140 0.03611706
-0.49891600 0.42401043 0.03641664
0.14152242 -0.63608003 0.07388078
0.01081867 -0.65146518 0.06648578
-0.11795513 0.64188880 0.04652232
0.32906929 -0.56303090 0.00471727
0.36849463 -0.54233891 0.06381594
-0.63941956 -0.13861157 0.00637467
0.58446234 0.29605746 0.06098582
-0.17544502 -0.62771881 0.07588783
-0.40430555 0.51216507 0.02926246
0.51750416 -0.39708084 0.06802886
0.59375715 0.27154902 0.02951919
-0.63406712 -0.16526052 0.05791667
-0.39729586 -0.51837510 0.02424043
-0.45536488 0.46693039 0.05116744
-0.37524259 -0.53791261 0.03472208
-0.10419551 -0.64528024 0.02623026
0.37450412 0.53856683 0.04360054
0.30037844 0.57808900 0.05743724
-0.46024224 -0.46260944 0.06366661
-0.15208228 0.63347721 0.01899898
0.63551486 -0.16144304 0.00227433
0.33103868 0.56199729 0.04623477
0.44558901 -0.47559106 0.08926053
0.19288027 0.62342143 0.06651099
-0.51193261 0.40515256 0.00566993
-0.33447918 0.56019157 0.06155880
-0.26328543 0.59755689 0.00918114
0.45178866 0.47009864 0.01113002
0.54679888 0.35464013 0.06598844
-0.24421975 -0.60756338 0.03907985
0.61594945 -0.21303280 0.08931003
-0.31235465 0.57180345 0.00211715
0.40703914 0.50974333 0.00513001
0.00188876 0.65146518 0.08798605
-0.24611261 0.60656989 0.07661048
-0.25250211 -0.60321641 0.00234137
-0.65222150 0.03317796 0.08378823
-0.55652720 0.34054622 0.04790368
0.46858734 0.45521632 0.05948320
0.64981163 0.05302484 0.02133617
0.20646080 -0.62007415 0.02146708
-0.57211155 0.31796834 0.03629196
-0.64743286 -0.07261565 0.01351633
0.64251035 0.11315639 0.01118715
-0.30154100 0.57747889 0.03784022
0.39070967 0.52420998 0.04497682
0.41620803 0.50162035 0.08773122
0.08705983 -0.64950383 0.08632223
-0.64293629 0.10964847 0.05011979
0.64731491 -0.07358716 0.07243911
-0.62936419 -0.17766100 0.05980085
0.63948148 -0.13810156 0.07275021
0.63120145 0.17281668 0.07504997
0.65451741 0.01426923 0.03221051
-0.62961626 -0.17699638 0.05671827
-0.63744497 0.15487376 0.06220572
0.42356300 -0.49510443 0.04909519
-0.36722806 0.54300362 0.05887849
-0.45575884 -0.46658137 0.04596134
0.14951961 -0.63410884 0.03881317
0.40170506 -0.51446891 0.06233525
0.65378791 -0.02027719 0.08329597
-0.28396752 0.58670211 0.08698723
-0.37292624 -0.53996474 0.08316761
0.06458284 -0.65146518 0.00389444
-0.60826713 0.23328936 0.04588696
0.17225662 -0.62850469 0.08566933
-0.51877320 -0.39524227 0.08926851
-0.15180942 0.63354450 0.07209142
0.60411662 -0.24423335 0.02231251
-0.21403265 -0.61820781 0.00375550
-0.59467077 0.26913995 0.02150099
-0.46838453 0.45539600 0.08162803
-0.31809139 0.56879252 0.06861019
0.04772947 0.65146518 0.05148485
-0.19087464 -0.62391579 0.04942681
-0.59966439 0.25597295 0.08954132
-0.64928108 0.05739412 0.03586497
0.32774633 -0.56372523 0.05101305
0.36473224 -0.54431355 0.05613299
0.18711941 0.62484133 0.01967738
-0.65424436 -0.01651782 0.07888573
-0.60488677 -0.24220274 0.03956446
0.55687040 0.34004900 0.05668747
0.31397837 0.57095122 0.01720134
0.44153279 -0.47918457 0.08654774
0.59259802 -0.27460536 0.07642461
0.02020469 0.65146518 0.08607820
-0.33825371 -0.55821055 0.08413859
-0.41453156 0.50310558 0.01403524
-0.56306744 0.33107105 0.06799311
-0.65089476 0.04410458 0.01568659
-0.42284772 0.49573812 0.05778400
0.41682240 -0.50107610 0.00369735
0.63810539 -0.14943461 0.01173312
-0.39647952 -0.51909834 0.01248351
-0.41170254 0.50561190 0.05646816
-0.14511459 0.63519460 0.00706211
-0.53989565 0.36464119 0.03080466
0.64226210 0.11520085 0.08348010
-0.51852000 -0.39560914 0.05421532
-0.64353228 -0.10473993 0.06305339
-0.06810845 -0.65146518 0.07755099
0.40767136 -0.50918323 0.01500404
-0.34958717 0.55226231 0.07522665
0.65566796 0.00479349 0.01209290
-0.60331595 0.24634460 0.08451917
-0.21733919 -0.61739284 0.04814513
-0.26457095 0.59688222 0.07627044
-0.63482815 -0.16325386 0.07851414
0.59479213 -0.26882005 0.02000585
-0.34741187 0.55340397 0.07231858
-0.64450461 -0.09673220 0.03640240
-0.63913339 0.14096819 0.01067521
0.28254828 -0.58744699 0.02719400
0.52734017 0.38283095 0.00930259
0.64023292 -0.13191260 0.01858191
0.64751613 0.07193024 0.07870823
0.41457617 0.50306606 0.04509488
-0.20026168 0.62160206 0.08172264
-0.26218879 0.59813249 0.00435946
0.18118000 -0.62630528 0.00401835
-0.29022065 -0.58342022 0.03077149
0.33265039 0.56115139 0.01984643
0.65259910 0.03006807 0.02306281
-0.11576016 -0.64242983 0.06080185
0.54252833 -0.36082703 0.01971164
0.12698966 -0.63966203 0.04340234
-0.65037298 0.04840154 0.03163118
0.04535425 0.65146518 0.03684736
0.28876162 -0.58418602 0.01477281
-0.63822699 -0.14843334 0.09193984
-0.01735958 -0.65146518 0.04501636
0.51351035 0.40286690 0.00374800
-0.65451193 -0.01431443 0.05926129
0.56101376 -0.33404630 0.03919531
0.53905600 -0.36585763 0.00240057
0.16368605 -0.63061714 0.03783469
-0.10580608 0.64488328 0.06411696
0.55134773 -0.34804994 0.09058141
-0.21851790 0.61710232 0.05652849
-0.23402950 0.61291158 0.03564023
0.46791568 -0.45581135 0.06086186
0.59717572 0.26253510 0.08485388
-0.21056654 0.61906213 0.07206492
0.53804916 0.36731625 0.04108547
-0.25572106 0.60152698 0.03617777
-0.63888454 0.14301750 0.06857242
-0.64984816 -0.05272410 0.00367653
-0.01761069 0.65146518 0.07594628
-0.14373703 -0.63553417 0.08182266
0.63391775 -0.16565438 0.08277865
-0.23130876 -0.61394966 0.05147607
-0.36539799 0.54396415 0.05539778
0.11072630 -0.64367056 0.00671302
0.56725836 0.32499945 0.04592878
-0.60041833 -0.25398493 0.02714364
-0.35590163 -0.54894823 0.03349966
0.63764638 -0.15321498 0.05293958
0.38761821 0.52694875 0.01831917
-0.57805300 -0.30936074 0.00305813
0.57595623 0.31239837 0.05394858
0.35191384 0.55104113 0.07087594
0.04308301 -0.65146518 0.02743202
0.31339762 -0.57125604 0.08547269
-0.22555217 0.61536855 0.05076956
0.57133377 -0.31909516 0.00722545
0.37941742 -0.53421402 0.02185097
-0.49372426 0.43153197 0.02349627
-0.64609158 -0.08366219 0.02647602
-0.03021652 0.65146518 0.07252163
-0.50433224 -0.41616359 0.06247499
0.24103613 0.60923427 0.04606098
0.52963912 0.37950030 0.06849311
0.32181078 -0.56684047 0.06946164
0.11610010 0.64234602 0.04093777
-0.08690147 -0.64954287 0.00753433
-0.65425164 0.01645823 0.08824411
0.25307232 -0.60291719 0.00824434
-0.65456831 -0.01384985 0.00626138
-0.51043272 0.40732554 0.08577047
-0.38246712 0.53151226 0.02840568
0.60066998 -0.25332141 0.04137352
0.45315149 -0.46889129 0.05333344
-0.63040358 0.17492037 0.08311164
-0.21510047 0.61794466 0.03061322
0.60418361 -0.24405673 0.02095385
-0.11864144 -0.64171964 0.02532812
0.14932352 -0.63415718 0.02386660
-0.39794508 -0.51779991 0.02444280
-0.53580773 -0.37056357 0.08557195
-0.60533190 -0.24102895 0.08536583
0.57645476 0.31167617 0.02859499
-0.14202979 0.63595492 0.00409066
-0.60478777 0.24246378 0.08281148
-0.58981740 -0.28193727 0.08789923
-0.49935317 0.42337707 0.06546666
0.26504618 -0.59663278 0.01991738
0.38657722 -0.52787101 0.01738821
-0.13459651 0.63778710 0.04908227
-0.62827599 0.18053040 0.08975897
-0.08504660 -0.65000004 0.07998151
-0.64236742 -0.11433337 0.08777016
-0.27084720 -0.59358817 0.02864916
0.61666107 -0.21115634 0.07395131
-0.13367893 -0.63801324 0.01588835
0.21315774 -0.61842346 0.04687184
0.43522784 0.48477027 0.05519484
0.58930171 -0.28329706 0.07704283
0.15833631 -0.63193578 0.02815227
0.51874387 -0.39528477 0.03055616
-0.34701243 -0.55361360 0.02326386
0.42482537 0.49398607 0.03586996
-0.05210361 -0.65146518 0.00882078
0.31509435 0.57036549 0.01227905
0.63335907 0.16712740 0.08275034
0.65169406 -0.03752141 0.05278275
0.13267475 0.63826072 0.02279372
-0.63772982 -0.15252751 0.03529179
-0.22556601 -0.61536509 0.08248146
0.39301389 -0.52216858 0.07567260
0.36226347 0.54560924 0.03145780
-0.47053167 0.45349377 0.00637579
0.09775973 0.64686656 0.05623959
0.53519320 0.37145382 0.04806868
0.63948858 0.13804291 0.05348528
0.63722783 -0.15666172 0.06723577
-0.28510934 0.58610284 0.08938004
-0.55594242 0.34139338 0.01022814
0.03295041 -0.65146518 0.05273244
-0.16940048 0.62920868 0.00999171
0.33488157 -0.55998039 0.07609580
-0.41664213 0.50123578 0.04620479
0.63610101 0.15989754 0.04181713
0.48217940 -0.44317481 0.07205977
0.46459046 -0.45875725 0.04701218
-0.32419771 -0.56558770 0.07492328
-0.19744051 -0.62229741 0.02782551
0.27074194 0.59364343 0.00634817
-0.51007617 -0.40784216 0.00546867
