0.22620900 -0.53772002 -0.22120699
0.13952699 -0.33628500 -0.28358799
-0.20672999 0.17613401 0.22171000
-0.28377801 0.44772699 0.10928700
0.25899801 -0.43146199 0.17192900
-0.09986100 -0.18117200 -0.29734901
-0.27274400 -0.33615401 -0.14251199
0.31407499 0.61581701 -0.02164100
-0.30606401 0.36103800 -0.00391900
0.30631500 0.48035300 -0.07560200
0.27518499 -0.33921400 -0.15745901
0.30020800 0.26734099 0.08882800
-0.21755099 0.07550300 0.21089000
0.18957800 0.11920300 0.24379601
0.18822500 0.53557903 -0.25430799
-0.03451000 0.24766500 0.30263200
-0.19506399 0.22941200 0.23336500
-0.29392901 -0.55899400 -0.08670400
0.04249900 0.44810599 0.30275601
-0.30511501 -0.50470001 0.00692400
-0.23882601 -0.47318599 -0.19686200
0.30502701 0.13368800 0.07084500
0.29329100 -0.23238100 -0.11863000
0.19276600 -0.38916400 0.24156401
-0.02518900 -0.60815102 0.30344701
-0.30148101 0.02107300 -0.05802800
-0.26962599 -0.26185799 0.13963500
0.03505200 -0.43349999 0.30340701
-0.15683100 0.19906799 0.26013601
-0.09197800 0.59408897 -0.29946199
-0.30439201 -0.36706001 0.01519500
0.31462499 -0.18003200 0.00579400
-0.30381700 -0.16595800 -0.03133300
-0.06447300 0.45497501 0.29726699
-0.04083900 0.12493100 -0.31164300
-0.25526199 0.58390099 0.16382501
0.07935700 0.60393000 -0.30536500
-0.22742499 -0.58433598 0.20101599
0.06791700 0.05303200 -0.30843100
-0.30238801 -0.57974899 0.03810100
0.29320899 -0.03463400 0.10924100
0.31370199 0.52840799 -0.02591200
0.21352500 0.25097001 -0.23389100
-0.14857399 0.48815301 -0.27498099
-0.01051300 0.20004199 0.30473101
0.08761100 -0.05650300 -0.30315301
0.30173600 -0.22395600 0.08312700
-0.30247101 0.58736497 -0.04671900
-0.20926499 -0.02666600 0.21917599
-0.30593500 0.04396400 -0.00244300
-0.25121400 -0.44790000 0.16960500
0.26799101 0.19015799 0.15908600
0.22437300 0.15997100 0.21347800
-0.05548700 -0.28207400 -0.30923900
0.31233200 -0.38482800 0.03199900
0.09128100 -0.54173702 -0.30217001
-0.30191201 -0.04540100 -0.05310500
0.31275499 0.41461900 -0.03672600
0.14834601 0.27505201 0.26991099
0.26292199 0.48970500 0.16632500
0.23756400 0.40327501 -0.20985200
0.19631501 -0.59887803 -0.24864300
-0.28044599 -0.08550200 0.11643100
-0.09883500 0.10064400 -0.29762399
0.15830199 -0.53217500 -0.27483299
-0.23650500 -0.43808600 -0.20017700
-0.24938600 -0.60346401 0.17221700
0.10439500 -0.54637003 0.28909099
0.12904200 -0.40688100 -0.28847700
-0.30167601 0.54722798 0.04623300
0.19922701 -0.05869900 0.23704000
0.21275200 -0.02437800 0.22509900
0.30636600 0.60031199 0.06584600
0.27900201 0.29676101 -0.14927299
0.25747299 -0.00855600 0.17410700
-0.04217400 0.09263100 0.30196100
-0.14335300 0.23546501 0.26785100
0.31253099 -0.11982300 -0.03929300
0.20510000 -0.59896302 0.23275100
0.16114600 0.29223999 -0.27326900
0.10640100 -0.02036100 -0.29811901
0.12738501 0.35518500 0.27968499
0.28092599 0.07359800 -0.14514700
0.08656300 -0.58424699 0.29387000
0.16979700 0.02700100 0.25764701
-0.27812299 0.43615201 -0.13097700
0.26975700 -0.42705300 -0.16612799
0.00046600 0.55366099 0.30569199
-0.02075800 -0.33899099 -0.31339899
-0.20508200 -0.14185700 -0.23292300
0.26197100 0.55177701 0.16768301
-0.20624600 -0.29565299 -0.23176000
-0.30390099 -0.47408599 -0.03036400
-0.22966000 -0.19764499 -0.20834500
0.26093599 -0.41254699 -0.17872600
-0.29861501 0.33684000 0.05965200
-0.09968800 0.27598900 -0.29739600
-0.23787500 -0.39284500 -0.19822100
0.20924900 0.15804000 -0.23816700
0.22685100 0.33387700 0.21100000
0.24298801 0.02625800 0.19479500
-0.18545100 -0.41150299 0.24009600
0.08585200 -0.24379300 0.29405999
0.29485700 0.57857502 -0.11527300
0.03133100 -0.32062700 -0.31329799
0.00937700 0.56453401 -0.31521800
0.07352900 0.06963200 -0.30692700
0.17943899 0.57146198 -0.26045999
0.31299701 0.08689300 -0.03396500
-0.04336100 -0.51474500 0.30185699
-0.29176900 0.14913400 0.08520200
-0.06546200 -0.12418300 0.29700199
-0.17717400 -0.33738399 -0.25545701
-0.30311900 0.23763099 0.02974400
0.00173800 -0.37000600 -0.31536800
-0.29089099 0.22062600 0.08848000
-0.17906100 0.48755401 0.24457100
-0.06916300 -0.53580397 -0.30557501
-0.08126800 0.09735700 0.29276699
0.21730700 -0.10417700 0.22054400
0.05641600 0.07678000 -0.31110299
-0.30475199 -0.56525600 0.01107400
-0.00158200 -0.53724402 -0.31507701
0.15852700 0.52072001 -0.27472800
0.25051501 0.44694301 0.18404400
-0.30599001 0.24552301 -0.00307800
-0.28460300 0.14960200 -0.11708100
-0.23220401 0.24090999 0.19623700
-0.13436100 -0.54833400 -0.28160900
0.28979799 0.13962600 0.11655700
-0.23337600 -0.15114699 -0.20462900
0.28774399 0.32303599 0.12096200
0.01065400 -0.26124001 -0.31510699
-0.19534700 -0.23920900 0.23309299
-0.30143601 0.54795402 -0.05853900
0.24804400 0.47383001 -0.19713800
0.30020800 0.24573299 0.08882900
0.25766999 0.60952401 0.17382599
-0.30366701 -0.35872200 -0.03304200
0.10222000 -0.03717400 -0.29923901
-0.04219600 -0.00149400 0.30195901
0.23251000 0.27199799 0.20534199
0.21923999 -0.00284000 -0.22817600
-0.04121700 -0.24738300 -0.31161001
0.24861400 0.48278400 -0.19632401
0.25545400 -0.37724000 0.17699100
0.21591800 -0.04394200 -0.23149700
0.18842600 0.44589999 -0.25416699
0.09364500 0.24138400 0.29197201
-0.25546601 -0.56701398 -0.17309800
0.26779899 0.59731102 -0.16892400
-0.25203401 -0.18580800 0.16843399
-0.30544600 -0.10696900 0.00313900
-0.11084500 0.07987900 0.28301001
0.17123300 -0.05002200 0.25664100
-0.02972600 -0.60475302 -0.31261501
0.18518201 -0.31215799 -0.25643900
-0.18883300 -0.57167202 0.23772800
0.30080199 -0.28092000 -0.09617800
0.26719099 -0.32968000 0.16022800
-0.02362400 -0.10143400 0.30358401
-0.11639400 -0.45498201 -0.28998700
0.18643799 -0.17319700 0.24599400
0.04558600 0.20484900 0.30248600
0.29008099 0.57823002 0.11594900
0.04183000 -0.09105800 -0.31237900
0.02485400 -0.10964400 -0.31386399
0.03665800 0.18729299 -0.31283200
0.06127300 0.18161500 0.30064601
0.28337401 0.08158200 -0.13989700
-0.05647000 0.34603101 0.29941201
-0.25024799 -0.25320300 -0.18054999
0.05784900 -0.18615399 0.30141300
0.30358100 -0.40816599 0.07623900
0.09920000 0.35273901 0.29048401
-0.17429399 -0.33649400 0.24790800
0.30027801 -0.05796900 0.08856800
-0.29937801 -0.15924799 -0.06637200
-0.24069700 -0.25856200 0.18462600
-0.03694700 0.47818601 0.30241799
0.31029299 0.19082400 0.05119200
-0.18405600 -0.57129002 0.24107300
-0.22767700 0.52715302 0.20076400
0.08365000 0.13457200 0.29464999
0.31397399 -0.00068700 0.01323500
-0.09174900 0.37953201 0.28995901
0.25849000 0.60262603 0.17265400
0.08090100 0.39382899 -0.30495101
0.07171600 0.56212598 -0.30741301
0.08056600 0.57250798 0.29547700
0.30245501 -0.28006199 0.08044100
-0.08612000 -0.16124800 -0.30103099
-0.00669700 0.54317600 0.30506501
-0.28903499 -0.40946400 -0.10497100
0.25597599 0.44770899 0.17624401
0.19745800 -0.26894799 -0.24784300
0.07531200 -0.43266600 -0.30644900
-0.27629000 -0.03728900 -0.13490900
0.30104199 -0.57614100 0.08571600
0.15369301 -0.38027900 -0.27698201
0.23418900 0.04790500 -0.21322700
-0.30380601 -0.11762000 0.02189000
0.31248900 0.20961501 0.03021000
-0.26958799 -0.07927900 0.13971600
0.30568400 -0.33223200 0.06839200
0.09936100 -0.18978199 -0.30000499
-0.22103600 0.28687099 -0.21696900
-0.29571101 -0.42182899 -0.08005600
0.25903001 0.10071100 0.17188300
-0.23996700 -0.36747000 -0.19523300
-0.23837399 0.24100700 0.18794399
0.31057799 0.22065800 -0.05969200
0.27944100 0.15499100 -0.14833300
0.31258300 -0.49625301 0.02913500
-0.00430000 0.20859900 -0.31483901
-0.30304500 -0.24886000 -0.04015300
0.07939400 -0.06316800 0.29579100
-0.26919901 -0.15079600 -0.15011400
-0.28761399 -0.07879400 0.10071100
-0.07585900 0.24783300 0.29421601
-0.24475400 -0.22081199 0.17883199
0.12024200 -0.22634700 0.28301600
0.02878000 0.54805100 0.30395600
0.23353900 -0.58504200 -0.21387701
-0.20933300 0.22116600 0.21910700
0.06612000 -0.49230400 -0.30891201
-0.03606400 0.14764000 -0.31206000
0.17128100 -0.03372500 0.25660700
0.11821100 -0.22935399 0.28396299
0.30172500 -0.22363999 -0.09273100
-0.05622100 0.06425400 -0.30904299
0.23865600 -0.32497999 0.19919500
0.27813801 -0.41042599 0.14156300
0.27161500 -0.52583802 0.15391000
0.26518801 0.42353800 0.16308901
-0.23752800 -0.46924901 -0.19871600
0.15137900 0.01313900 -0.27806100
-0.29784101 0.34932700 0.06254300
-0.09391500 -0.20211500 -0.29894301
0.31352499 0.41821000 0.01836100
-0.28197700 -0.20406200 -0.12271200
0.12750900 0.56165898 -0.28919199
-0.26969299 -0.11612200 0.13949101
0.31204301 0.15969200 0.03530900
-0.16924401 0.50088298 0.25144500
-0.24905300 0.49134499 -0.18225800
0.31492400 -0.39656600 -0.01194400
0.13104799 -0.58085102 -0.28754199
0.31305400 -0.26104900 0.02375400
0.07955900 0.02565700 -0.30531099
-0.11063800 -0.34987301 -0.29267099
0.28733000 0.00305700 -0.13141400
-0.06753600 -0.58764601 0.29644600
0.12592100 -0.38872701 0.28036800
0.31188700 0.48239499 -0.04665400
0.25700700 -0.35043699 0.17477199
0.22309300 -0.45923600 0.21475799
0.29024199 -0.53837401 0.11560500
-0.03806100 -0.57531399 0.30232099
0.24756999 -0.58357602 -0.19781400
-0.25270301 -0.40175200 0.16748001
-0.07526700 0.51714402 -0.30393901
-0.02360600 0.52095002 -0.31314999
0.30432701 -0.55318201 0.07345500
-0.08496600 -0.17076699 0.29177600
0.25462699 0.00477300 0.17817201
-0.30178800 0.39276499 -0.05451600
0.27638400 -0.01676100 0.14532299
-0.23654300 0.43057400 0.19055800
0.05538500 0.06264500 0.30162901
0.15896501 -0.08371200 0.26495901
-0.22650500 -0.03188500 0.20193601
0.05531300 -0.46118900 -0.31119999
0.05033600 0.49999601 0.30206999
0.31320900 0.30029801 0.02198100
0.02660100 -0.24257401 0.30414701
0.26766801 0.08636400 -0.16911100
0.29264101 0.27143800 0.11046000
-0.29604101 -0.51794600 0.06925900
0.11984400 0.60342401 0.28320199
-0.21154000 -0.17843500 0.21690100
0.10667700 0.38074300 0.28848001
-0.12941401 -0.58164197 -0.28391600
0.31255499 -0.01782900 0.02945600
-0.28185800 0.10044600 -0.12296900
-0.02525900 0.22263300 -0.31300601
0.22567900 0.13198100 -0.22173600
-0.12736900 0.18981300 0.27530399
0.31017300 0.03492000 -0.06120500
0.05009900 0.27038500 -0.31165600
0.29933199 0.05068000 -0.10166300
-0.29048601 -0.18237001 -0.09955600
-0.30143800 -0.21252701 -0.05851700
0.24140400 0.40511101 0.19644800
-0.20981500 -0.29830900 -0.22819000
0.01789300 0.27518699 0.30490899
0.30053800 -0.49992800 -0.09716200
-0.02532800 -0.05823000 0.30343500
0.31487399 0.18030700 -0.01251200
0.01455000 0.22223400 0.30520099
-0.10424500 0.11600600 -0.29565200
-0.30402699 -0.59885901 -0.02892400
-0.22360399 -0.04026500 -0.21440101
-0.17931201 0.03694300 -0.25395900
-0.27577800 0.12928700 -0.13600600
0.19826600 0.08671900 0.23771299
-0.02099900 0.16837201 -0.31337801
0.05294600 -0.37831300 0.30184200
0.31554100 0.00548200 -0.00488800
0.11052100 -0.48195899 -0.29701501
0.11565800 0.48754901 0.28515401
-0.27986699 0.33295000 -0.12723801
0.31088400 0.03958800 -0.05812200
0.29223400 0.43497199 -0.12089700
0.31528899 0.26524699 -0.00180400
0.10844100 0.02854800 -0.29757199
0.31166300 -0.11435500 -0.04920800
0.30182600 0.34204501 0.08279200
0.27986199 -0.53168303 -0.14742900
-0.30120599 -0.45102900 0.04998200
-0.00121900 -0.04685000 -0.31510901
-0.30596101 0.61186498 -0.00682300
-0.15494500 0.10695200 -0.27102199
0.10806700 -0.00945500 0.28810799
-0.28378701 0.32592201 0.10926700
-0.21261600 0.02079500 0.21582501
-0.29220301 -0.06033000 0.08358100
0.19669300 0.03125500 -0.24837901
-0.18788400 0.53328198 -0.24795701
0.30834600 -0.35942000 -0.06802300
-0.24723101 -0.34308800 0.17529400
-0.30259100 -0.23802300 0.03578200
0.01874900 -0.28540000 0.30483401
-0.28407300 0.32070601 -0.11821800
0.10975000 -0.32507199 0.28765699
-0.27290699 -0.37419799 0.13259900
-0.21414500 0.44197199 0.21429500
-0.26698899 -0.22006699 -0.15485400
-0.30607700 0.55941701 -0.00549900
0.29999399 0.02783700 0.08962900
0.30089799 0.17738201 0.08625400
0.16230901 -0.32882899 -0.27245501
-0.07166700 0.08488800 -0.30490401
-0.01755000 -0.04751100 0.30411500
0.07968900 0.29293799 -0.30527601
0.25177601 -0.24889100 0.18224300
0.14461400 -0.50535601 0.27165100
0.31160501 0.20880100 0.04030800
-0.07687600 -0.23756100 -0.30350801
-0.00269400 -0.15937200 -0.31498000
-0.13300200 -0.32656601 0.27267799
0.03614000 -0.04865100 -0.31287700
0.04299500 0.21053299 0.30271301
-0.29379100 0.28832600 -0.08722000
-0.26539999 -0.54909402 -0.15826200
-0.26119199 0.60789102 0.15535501
-0.21686900 0.26482600 0.21157099
0.21899500 -0.41502899 -0.22842100
-0.25154600 -0.45592499 0.16913199
0.12134000 -0.16312800 0.28250399
0.03372800 -0.60917598 -0.31308800
-0.06976100 -0.07391200 -0.30541500
-0.19716799 0.60546499 0.23127300
0.24904700 0.44307399 -0.19570599
0.14299300 0.43603399 -0.28197199
-0.11404600 0.45419699 -0.29108199
-0.29279000 -0.51537699 -0.09095500
0.24884400 -0.24884400 -0.19599600
0.31189200 -0.15101799 0.03703500
0.04001300 -0.01249000 -0.31253800
-0.27174300 -0.60082901 0.13509400
-0.19258399 -0.14290200 0.23510200
-0.24890600 0.33547401 0.17290300
0.15307900 -0.40795401 -0.27726901
0.22790100 -0.24527000 0.20995100
-0.06281800 0.16318101 0.29771101
0.26185399 -0.18244299 -0.17741600
-0.28082401 0.57001799 -0.12518500
-0.29228801 0.59503198 -0.09283100
0.29889500 0.55980098 0.09372700
0.14421199 -0.27333301 0.27183899
-0.05275000 0.13544400 0.30040801
0.00775700 0.36792400 0.30579600
-0.10131700 -0.31883299 -0.29695901
0.24484600 -0.33709401 0.19214000
0.10220800 -0.00562200 0.28967699
-0.17290699 0.36875600 0.24888000
-0.26436800 -0.37500599 -0.16038500
-0.17361000 -0.40840900 -0.25795200
-0.28376499 0.46492401 0.10931500
0.22591700 -0.45305100 -0.22149900
0.15799500 -0.59322500 0.26541200
0.04813600 -0.34438199 -0.31182700
0.26244101 0.33585799 0.16701300
-0.19707100 -0.58125901 -0.24093400
0.22308099 -0.38636199 -0.22433500
-0.25120699 -0.59607100 -0.17918000
0.29642701 0.37003601 -0.11190500
0.30436000 -0.56419498 -0.08289600
0.00919700 -0.16139300 0.30566999
0.07768100 0.08311700 0.29624999
0.18770599 -0.37897801 0.24510700
-0.10158000 0.06241000 -0.29688901
0.26326999 0.17313699 0.16582800
0.31390399 -0.20621100 0.01403800
0.21952499 0.39478099 0.21832600
0.20146500 -0.37342301 0.23547199
0.30086201 -0.43267500 -0.09595400
-0.29644200 -0.42208400 0.06776300
-0.03547800 0.04077900 -0.31211200
-0.30419201 -0.14930999 0.01747200
-0.15303600 0.24774601 0.26279399
-0.02506900 -0.56348598 0.30345801
0.11793500 -0.04952400 0.28409201
-0.21827900 -0.14876600 -0.21972600
-0.30515900 0.02808800 -0.01599500
0.11200800 0.56934899 0.28685600
-0.10548600 -0.33729801 0.28550899
0.06559200 0.61604601 -0.30905300
-0.30362400 0.16275400 -0.03353300
0.24375600 -0.50274098 -0.20326200
0.30664599 -0.32958901 0.06480000
-0.14930899 -0.15290500 0.26507401
-0.10496700 -0.03293800 0.28575099
0.27739799 -0.08415100 -0.15271400
0.06487200 0.11991000 0.29968199
0.14815000 0.34007999 0.27000299
0.29244599 0.57199502 -0.12044300
-0.10539400 -0.58339602 0.28555200
0.23670800 0.49102300 -0.21070699
0.12088100 -0.04278100 0.28271800
-0.27154100 0.20824800 0.13552700
-0.21505301 0.24406600 0.21338800
0.31378701 -0.31504300 0.01537100
0.02782100 -0.32782301 -0.31360501
0.29817399 0.03443600 0.09642100
-0.07411900 0.29878601 -0.30424699
0.26645401 0.29593900 -0.17084500
0.14128301 0.54598999 0.27320400
-0.17152999 -0.15970799 -0.25940800
-0.27541599 -0.01865900 -0.13678300
0.24738500 0.59753603 0.18851399
0.27997300 0.58223599 -0.14719100
0.20481500 0.52699500 -0.24260101
0.12285800 -0.13752700 -0.29136100
0.06936700 -0.37106299 -0.30804199
0.31524000 0.54504597 -0.00123600
0.27625301 0.05481400 -0.15516900
0.07490700 -0.25767300 0.29699299
-0.26883000 0.01164100 0.14134300
-0.25908801 0.59196502 -0.16792600
-0.02395700 0.21927400 -0.31311899
0.31239900 -0.43788201 0.03123700
0.31005600 -0.58095098 -0.06163900
-0.30480000 0.25962999 -0.02009100
0.07563900 -0.57604402 0.29679701
-0.24383000 -0.45495501 -0.18971699
0.13669799 -0.40467599 -0.28490701
-0.24234000 -0.13941100 -0.19184500
-0.29047701 -0.30554000 -0.09958800
0.31292999 0.32163200 -0.03472800
-0.04608200 -0.43278900 -0.31118399
-0.30207801 -0.41360801 0.04164700
-0.18420400 0.31056800 -0.25053400
-0.30286700 -0.46516499 -0.04218600
-0.27944401 -0.20071401 0.11857900
-0.03559200 0.35922700 -0.31210199
-0.27821800 0.28124601 -0.13077299
0.13414501 -0.14456201 -0.28609800
0.25010300 -0.51508200 -0.19419800
0.20107301 -0.47518200 -0.24531201
-0.30153301 0.58409601 -0.05743400
-0.08461000 -0.22262500 0.29187101
0.29417300 0.14042400 0.10717500
0.30787101 -0.37731200 -0.06979500
0.31286499 0.13083699 0.02590600
0.31485900 0.57643402 0.00311600
0.12899600 0.34729999 0.27893400
-0.02155400 -0.55358201 0.30376500
0.30687901 -0.55463302 0.06393300
0.18271600 -0.31776699 0.24860100
0.12773401 -0.05295600 -0.28908700
0.12022700 -0.23562400 -0.29258800
0.07674800 0.47904000 -0.30606401
0.11287600 0.39501300 -0.29601499
0.30329901 -0.52129102 -0.08685900
0.18030800 0.22672200 -0.25985199
-0.13740399 -0.17203000 0.27062500
0.29244101 0.47318399 0.11088900
-0.07416700 0.49452701 -0.30423400
-0.27611199 0.43187499 -0.13529100
-0.30464000 -0.05010900 -0.02192100
0.17148800 0.18445700 -0.26602700
0.28776300 -0.05216300 0.12092000
-0.14718799 0.24160600 -0.27562800
-0.11240400 -0.12500399 -0.29184699
-0.24271600 -0.17295501 -0.19130801
0.17375199 -0.41950700 0.25487700
-0.01316000 0.51173103 -0.31406400
-0.25089899 0.29103899 -0.17962000
-0.26918301 0.05406700 -0.15014800
-0.23164400 -0.38780999 0.19679700
0.15783300 0.60077900 -0.27505201
0.30058801 -0.56568199 -0.09697600
-0.30374399 -0.14261800 0.02260100
-0.03711200 0.18682300 0.30240399
-0.30343401 0.23440500 0.02614700
0.21482100 0.25317001 -0.23259500
0.31486899 -0.60124803 -0.01256700
-0.12312700 0.57290697 0.27728200
-0.28672099 0.28365201 0.10297300
0.28755999 0.33668801 0.12135600
-0.30158299 -0.20922001 0.04730100
-0.26268300 0.28264901 0.15322600
-0.23804800 0.07383300 -0.19797400
0.29339799 -0.59002799 0.10883600
0.00640700 -0.53685200 0.30591401
0.16903301 0.24302199 -0.26774600
0.01174100 0.30474299 0.30544701
-0.21889700 -0.02948600 -0.21910900
-0.29996100 0.35647801 0.05462900
-0.22077000 0.42410299 -0.21723500
-0.01412800 -0.41234499 -0.31397900
-0.28906700 0.10496700 -0.10485300
0.25158301 0.30197799 -0.19208400
-0.26957199 -0.28697899 0.13975100
0.20802000 0.34647399 -0.23939601
0.28389800 -0.24464899 0.12920800
0.28205299 0.33200201 0.13316700
-0.30439401 0.15690701 -0.02473100
0.10375600 0.53180701 -0.29882699
-0.30049101 -0.50803900 0.05265000
0.29720500 0.21824600 -0.10960000
0.31322300 -0.29967201 -0.03138100
0.05149400 -0.28698301 -0.31153399
-0.09299500 0.30620801 -0.29918900
-0.27867699 0.29029000 0.12022400
-0.03468100 0.05336500 -0.31218100
0.31326300 -0.32682201 0.02135700
-0.29632601 -0.02426900 0.06819400
0.17499401 0.49585500 -0.26357201
-0.19961300 -0.49186501 -0.23839200
-0.22881700 -0.46022499 -0.20918900
-0.17137700 0.16343801 -0.25951600
0.05868000 0.00107900 0.30134001
0.12888400 0.32762799 -0.28855100
-0.28532401 0.47099701 0.10597100
0.01982200 0.58321500 -0.31430501
0.23123901 0.23101600 -0.21617700
0.07192700 0.43285301 0.29779100
0.30972001 -0.51820397 0.05333100
-0.29029101 -0.04320000 0.09071800
0.22203501 0.35047099 0.21581601
0.12933300 -0.17250399 -0.28834099
-0.17191100 0.14459699 -0.25914201
0.28291699 -0.27473801 -0.14087699
-0.29919800 0.27981201 0.05747600
-0.08185700 -0.56222302 -0.30217400
0.29095301 -0.45402899 -0.12364500
0.31019399 0.14943901 -0.06112400
0.29796901 0.10509700 0.09718400
0.28547701 -0.38603300 -0.13538700
0.21679600 -0.12473700 -0.23062000
-0.18508799 0.09901500 0.24034999
-0.30188099 0.28790700 -0.05345300
0.08125800 0.59946400 0.29529101
0.08399800 -0.34192601 -0.30412099
-0.10002400 0.58302200 0.28774101
-0.03876300 -0.54868102 0.30226001
0.26287800 0.34481099 0.16638801
0.31192800 0.59286201 -0.04618200
0.07772100 0.59355700 0.29623899
0.27507499 0.47186601 0.14813000
0.23857100 0.25027400 0.19927999
0.09950700 0.58664203 0.29040101
-0.28746000 -0.24314600 0.10128500
0.16306500 0.34804901 -0.27192500
-0.27236700 -0.56537098 0.13375600
0.22546400 -0.46635699 0.21238700
-0.30199000 -0.15783399 0.04264200
0.27927700 0.34146801 -0.14868300
0.14975300 -0.04812600 0.26925501
0.21812500 -0.19418301 0.21972699
0.01773900 0.56983000 -0.31448701
0.29836801 0.24257401 -0.10526000
0.15574300 0.48820999 0.26646200
-0.00499900 0.08550700 0.30521300
0.29415101 -0.30243200 -0.11678600
0.08618600 0.41585901 -0.30353501
-0.30484700 0.15409200 -0.01955500
0.20453300 -0.08642200 -0.24288300
-0.22402900 -0.37395999 -0.21397600
0.30618599 0.14657700 -0.07608300
0.23930900 -0.57058501 -0.20810699
-0.13176601 -0.44095400 0.27325401
-0.26412499 -0.08418700 0.15116701
-0.20962501 -0.11604700 0.21881600
-0.18602601 -0.22030801 0.23969400
-0.28912199 0.04365900 -0.10464500
0.18585999 0.00260500 0.24639900
-0.27557999 0.52823102 -0.13643201
0.14979200 0.19057600 0.26923701
-0.16256499 -0.13488799 0.25612101
-0.25648901 -0.37911999 -0.17163700
-0.30599600 -0.29603401 -0.00313800
-0.14960501 -0.54340398 0.26493600
0.24369299 -0.45006299 0.19378699
-0.26990300 -0.28096101 0.13904101
-0.12779100 0.59730601 -0.28467199
0.29021701 -0.20237000 0.11565800
0.18835799 0.54532099 0.24465001
-0.03780400 0.37217799 -0.31190801
0.30690101 0.14828300 0.06385000
-0.29839599 -0.58358300 -0.07003300
0.08265000 -0.07470000 -0.30448300
0.17060700 -0.43785700 0.25707999
-0.26045600 -0.46756300 -0.16597100
-0.06734100 0.47592101 0.29649901
-0.20062900 -0.00237900 -0.23737700
0.17817700 -0.15310200 0.25177899
0.15402500 0.09696100 0.26726300
0.30756599 -0.29652199 -0.07093100
-0.06421700 -0.23501600 0.29733601
0.30860800 0.50438303 0.05747900
-0.27077699 -0.47295001 -0.14673100
-0.25731799 0.43710300 -0.17045400
0.18409000 -0.30025801 -0.25720301
0.31254700 0.46562001 0.02954700
0.00195400 0.21106100 0.30582201
-0.30592799 0.29300299 -0.00719500
0.25977400 0.00721400 0.17082100
0.30153501 0.36654100 0.08387500
0.13372999 0.20647199 -0.28629100
0.31520399 -0.57597202 -0.00082900
0.30729699 0.14160401 0.06237100
-0.23932301 -0.08327500 -0.19615300
0.26699200 -0.30699700 0.16051300
0.02460700 -0.43905500 0.30432099
0.16615599 -0.37254101 -0.26976100
0.28990200 0.22083700 0.11633400
-0.06419800 -0.34412599 -0.30690500
0.04219300 -0.31404400 -0.31234699
0.27414200 0.16456901 -0.15969600
-0.17150800 -0.37054199 0.24985901
-0.02989500 -0.03133400 0.30303499
-0.15306900 -0.26650000 -0.27233499
-0.21196000 -0.00296500 -0.22604500
0.30126601 0.05320900 0.08488000
0.08032500 -0.49942601 0.29554099
-0.26909101 -0.30820000 -0.15034600
-0.04163300 0.26730099 0.30200800
-0.16332400 -0.30295601 -0.26515499
-0.30550399 -0.18886800 0.00247700
-0.01175000 0.44607201 -0.31418800
0.28013599 0.14180499 0.13727701
0.17137800 -0.20700000 0.25654000
0.31052899 -0.50780898 -0.05987300
-0.30319399 0.11063000 0.02888100
0.16360100 0.61433399 0.26198500
-0.20592900 -0.31736401 -0.23207600
0.14013800 0.55515999 0.27373800
0.13661499 -0.40111899 0.27538100
-0.24536701 -0.58931297 0.17795700
0.02573800 -0.06319500 0.30422199
0.30420500 0.41124499 0.07391000
-0.30510801 -0.10631000 0.00700900
0.01014700 -0.31545001 -0.31515101
-0.28904900 -0.29760200 0.09535400
-0.18452699 0.47231200 0.24074300
0.31537300 -0.18063700 -0.00680700
0.29818800 -0.11081000 -0.10593000
-0.29117301 0.52441901 0.08742700
0.27416500 -0.21379399 0.15008099
0.04035300 -0.41997799 -0.31250799
0.26342899 -0.57090002 -0.17516500
-0.24096900 0.11678200 -0.19380200
-0.17727900 -0.55944401 -0.25538301
0.31414399 0.13312601 -0.02085200
0.01649400 -0.47123000 0.30503100
-0.25249001 0.04986200 -0.17734900
-0.29448199 -0.49442399 0.07507900
-0.24670701 -0.10433200 -0.18560800
0.07592600 0.41954499 -0.30628401
0.26130101 0.47401199 -0.17820500
0.22298400 -0.03915800 -0.22443201
0.30070001 0.41747200 0.08699300
0.26147601 0.03361100 -0.17795500
-0.29940599 -0.46918401 0.05670000
0.22778900 -0.44842601 0.21006200
-0.29931200 -0.29682401 0.05705300
-0.14352199 -0.44656599 0.26777199
-0.27273101 -0.52854198 -0.14253999
0.17720400 -0.22761400 0.25246000
-0.15104800 -0.57085198 -0.27375001
0.27792799 -0.15089500 0.14201100
0.31414700 -0.07873200 -0.02081700
-0.08225200 0.60528302 -0.30206800
0.29091099 -0.49581799 0.11416900
-0.16282800 0.41617301 -0.26550201
0.06295700 0.00688200 -0.30976000
-0.08962100 -0.45454100 0.29052901
0.12260700 0.27194199 0.28191301
0.27955800 0.04448900 -0.14808200
-0.27329201 0.43203500 -0.14133701
-0.03462300 -0.32431099 0.30262199
-0.01762100 -0.14285100 0.30410901
-0.03341600 -0.43476400 -0.31229201
0.29842100 0.04845500 -0.10506100
0.19374900 0.04266400 -0.25044000
-0.18597600 -0.02699900 -0.24929400
-0.26076901 -0.21877600 0.15595999
0.19903100 -0.50744700 0.23717700
-0.26568201 0.07192000 0.14809200
-0.26965600 0.57603198 0.13957000
0.27230200 -0.56830299 0.15292899
0.12627000 -0.59691000 -0.28977001
0.02886100 -0.07911400 0.30394900
-0.29711401 -0.54700500 0.06525300
0.31177199 -0.03693300 0.03839700
0.30069801 0.20347500 0.08699900
-0.26477900 -0.00270700 -0.15959300
-0.30204400 0.12379800 -0.05159100
0.31024599 0.05664600 0.05136600
-0.13198499 0.03146500 0.27315199
-0.14103000 -0.19383299 -0.27849901
0.29610300 0.40903801 0.10303500
-0.03884400 -0.26273701 0.30225199
-0.10253500 -0.19626400 0.28688499
0.17232400 -0.36245000 -0.26544201
0.31388101 0.42483300 -0.02386000
0.08951900 -0.05382500 0.29307801
0.06853100 -0.60220802 0.29870099
0.25754300 -0.49882200 -0.18357199
0.30881199 0.13693801 0.05671800
0.09073200 0.17697400 0.29275200
0.25834000 0.22613600 0.17286900
0.30889201 -0.61115801 0.05641900
0.12522700 0.49261299 0.28069100
-0.29744300 0.25390899 0.06402500
0.11344600 -0.35243899 0.28618500
0.06770600 0.10754000 0.29892200
0.05116400 0.22065100 -0.31156299
-0.30397299 -0.20633601 -0.02954600
-0.17499501 -0.13866800 0.24741800
-0.18504100 -0.14914100 0.24038300
-0.27293599 0.41524801 0.13253701
-0.30406299 0.48012400 -0.02852200
-0.24547200 -0.53572798 0.17780700
0.03657500 0.37152499 0.30327401
-0.27739301 0.34045601 -0.13254300
-0.00903900 -0.24145700 0.30486000
-0.27580801 -0.55189902 0.12637800
0.26704201 -0.05793400 0.16044100
0.27898201 0.55618399 0.13975100
0.27599099 -0.54728901 0.14616600
-0.29976100 0.31075200 -0.06493900
0.21588100 -0.24337099 0.22197001
-0.02462100 0.28821099 -0.31306100
-0.09183200 0.58595198 -0.29950100
-0.28586301 -0.16546300 0.10481500
-0.30386299 -0.39887801 0.02123700
0.30822700 0.57885897 0.05890100
-0.16846900 0.28190801 0.25198701
-0.17900500 -0.02509100 0.24461000
-0.23768300 -0.10923500 -0.19849500
0.13766600 0.33564299 -0.28445601
-0.29785699 -0.07880100 -0.07204600
0.12055300 -0.08175900 0.28287101
-0.10991400 0.19458100 0.28344399
0.15728000 -0.43526301 0.26574501
0.12056300 0.46709099 0.28286701
0.08893800 0.60868502 -0.30279800
0.25497100 -0.06160500 0.17768000
-0.24833100 -0.39568099 -0.18328799
-0.02096300 0.25959900 0.30381700
0.06303200 -0.10918900 0.30017501
-0.02185300 0.14502300 0.30373901
0.31118700 0.08660500 -0.05464900
-0.14389500 0.21761300 0.26759800
0.31351700 0.42514899 0.01845900
-0.22311200 -0.28338099 0.20532800
0.14792700 -0.26093000 -0.27967101
0.29882500 -0.35645300 0.09399000
0.30231100 -0.13332801 0.08098000
-0.28523099 0.36819300 0.10617000
-0.02233900 0.21077999 0.30369601
0.04147900 -0.56895000 0.30284500
-0.26899701 0.09135400 0.14098500
0.08734300 0.50855899 0.29366100
-0.07760900 -0.40936899 -0.30331200
0.31403399 -0.52405298 -0.02210900
0.31551501 -0.41766801 -0.00518500
0.30312800 0.22631399 -0.08749700
0.16156401 -0.39246699 -0.27297601
0.18987700 0.48729199 -0.25315100
-0.30041599 -0.10891100 -0.06249500
0.16844900 -0.04493900 0.25859100
-0.05532300 0.41511801 0.29971901
-0.30497199 -0.16593499 -0.01813200
0.05289200 0.45669299 -0.31141099
0.03567900 0.35096601 0.30335301
0.08945100 0.39185300 -0.30265999
0.28220800 -0.30842799 0.13283400
0.31209499 0.02202300 0.03471400
0.09345400 0.41209701 -0.30158800
-0.29469499 -0.07938600 0.07428400
-0.30162901 -0.42283699 -0.05633400
0.04450900 0.08905500 0.30258000
-0.23437101 -0.50079000 -0.20322500
0.21708500 0.09909600 0.22076599
-0.10399100 0.01062600 -0.29576999
-0.09315500 -0.11213000 0.28958201
0.28084201 -0.56315202 0.13576201
0.31501901 -0.29441300 0.00128900
0.30772501 -0.15899600 -0.07033800
0.31402501 0.19137400 0.01265400
0.14632000 -0.13142300 -0.28042001
-0.11359600 0.24315400 0.28172699
-0.27063999 -0.42411700 -0.14702500
0.24385700 -0.36168501 -0.20311800
0.11711400 0.40895301 -0.29403901
-0.20796600 -0.37653399 0.22047500
-0.00532500 0.28538299 -0.31474999
-0.11238600 0.07212500 0.28229100
0.02814400 0.16079400 0.30401200
0.20337600 -0.39843199 -0.24369900
-0.25840399 -0.50607401 -0.16890299
0.29925999 -0.07167000 -0.10193100
0.21754600 0.32589799 -0.22987001
0.29687801 -0.35778299 -0.11081900
-0.16805300 -0.38848999 0.25227800
-0.22891501 -0.07752900 -0.20908999
0.17865901 -0.16552000 0.25144199
0.01545600 0.09635100 0.30512199
0.25244001 0.41422701 -0.19086000
-0.27586901 0.55081499 0.12624601
-0.16735700 0.45457399 -0.26233000
0.31549701 0.10408300 -0.00539100
-0.30398300 -0.57989800 0.01987200
0.23625900 0.42030701 -0.21115699
0.25157601 -0.17137399 0.18252900
-0.15148300 -0.49932000 -0.27344501
0.30059999 -0.29936001 0.08736600
0.28031901 -0.05384300 -0.14645000
0.22970800 0.57841301 0.20814300
0.07864900 0.08004000 0.29598999
-0.21672601 0.35436901 0.21171400
0.20596801 -0.06193700 -0.24144800
-0.02587800 -0.55756402 -0.31295100
-0.25781199 -0.24607800 0.16018400
-0.07611600 -0.58630198 -0.30371201
-0.24775800 -0.53552699 0.17454199
0.22525300 -0.16165800 -0.22216301
0.17687900 -0.05436500 0.25268799
0.28990701 -0.19624200 0.11632200
-0.04574600 0.52582997 -0.31121299
0.20319600 0.56121403 -0.24382500
0.12928100 -0.02024700 -0.28836599
-0.09469500 0.31945401 -0.29873401
-0.14061999 0.06457900 -0.27869001
-0.29043701 -0.49009201 0.09017400
-0.10278300 0.58836502 0.28676900
-0.11673800 -0.07123400 0.28026199
0.17064500 0.59214801 -0.26661801
0.15487701 0.38403100 -0.27643001
-0.00597500 0.22551800 0.30512801
0.01445000 -0.15044600 0.30520999
-0.30190900 -0.55311698 -0.05313300
0.29855600 0.12290500 -0.10455800
0.13740499 0.17261000 0.27501300
0.08329700 0.15790001 -0.30430901
0.31398499 0.60982299 0.01311000
-0.20766801 -0.39849299 0.22077300
-0.04533600 -0.09405900 0.30168399
0.20160800 0.44401899 0.23537201
0.19596399 0.35300899 0.23932500
0.27648401 -0.20055100 0.14510900
0.24662700 -0.44544199 0.18959600
-0.24321800 -0.52467000 0.18102500
-0.19795500 -0.31962600 0.23048501
-0.24120700 -0.33508399 0.18389800
0.31400001 -0.21952900 -0.02250500
0.26345700 0.26914400 0.16556101
0.08490900 -0.36345801 0.29431301
-0.26423401 0.59309602 0.15101200
-0.18691701 0.22827999 0.23907000
0.17948900 0.30882701 0.25086001
0.07805100 -0.38873801 0.29615000
0.03293300 0.03345100 -0.31315801
-0.27443200 0.48759499 -0.13889299
0.22827300 -0.59080100 0.20957799
-0.07537700 -0.04749900 0.29434499
-0.23121700 0.42721799 0.19722401
0.25380200 0.02960100 -0.18891400
0.19776399 0.34451300 0.23806401
-0.22287400 -0.09942600 0.20556700
-0.17694400 0.46925199 -0.25561699
0.28150001 -0.51523799 -0.14391600
-0.18486001 0.42471901 -0.25007501
0.06922200 -0.27547601 0.29851601
-0.11803400 -0.08176400 0.27965701
-0.13486600 -0.03212700 0.27180901
0.09447100 0.59503698 -0.30131501
-0.18680400 0.56533903 -0.24871400
0.06870700 -0.17470400 -0.30821899
0.17761700 0.15800700 0.25217101
0.12107100 -0.05533600 0.28262901
0.27467200 0.16583601 -0.15855999
-0.09658100 -0.15572900 -0.29822800
-0.30418599 -0.50527698 -0.02711400
-0.11915800 0.47970000 0.27913299
-0.12620901 0.22456200 -0.28540999
-0.28586501 0.51317102 -0.11437500
0.28909600 0.07945300 0.11806300
-0.03888500 -0.22311400 0.30224901
-0.03724600 0.54660702 0.30239201
-0.28946701 -0.22007400 -0.10336000
0.26771200 -0.50683498 0.15948400
-0.21693701 -0.31517699 -0.22106799
0.29751700 -0.14006899 -0.10843600
-0.16551700 -0.07822300 -0.26361901
0.31451300 0.42520899 0.00707200
-0.26645300 0.48405299 0.14643900
-0.29861000 -0.09850200 -0.06923700
-0.17670099 -0.56422901 -0.25578800
0.04108200 -0.52004099 -0.31244501
-0.06209000 0.29404199 0.29790601
-0.07291900 -0.59514803 0.29500401
-0.29041100 -0.52533400 0.09027200
-0.09060300 -0.38182801 0.29026601
0.31428501 0.24165800 0.00968300
0.27057299 0.46327600 0.15539800
-0.30491599 0.29155999 0.00920800
-0.09269000 0.05416100 -0.29927099
0.27800399 -0.60050303 -0.15141299
0.12692800 0.01784700 -0.28946301
-0.21723200 0.31756201 0.21120800
0.05986000 0.22683799 -0.31058899
0.13601799 -0.38006800 -0.28522399
0.04132500 -0.60806000 -0.31242299
-0.05137600 -0.20579500 0.30077600
-0.30272999 0.26926300 0.03418500
0.25607100 -0.52926397 0.17611000
-0.16576301 -0.46720400 -0.26344699
-0.11036000 -0.37746900 -0.29280099
-0.11454800 -0.45424399 0.28128299
0.16523901 0.41212201 -0.27040300
-0.12269100 0.47354099 -0.28705099
0.23587200 0.27989799 -0.21154401
0.31062099 -0.17370000 -0.05953000
0.24671499 -0.11632400 0.18947101
0.12790599 -0.13078800 -0.28900701
0.29769301 -0.12973399 0.09821300
0.01074400 0.25971901 -0.31509900
-0.30246201 -0.48183700 0.03724700
0.30526701 0.08404500 -0.07951200
-0.18544200 0.06333900 -0.24966700
-0.21042900 0.07624700 0.21801101
-0.08225700 0.21344800 -0.30206600
0.31503999 0.26482299 0.00104400
-0.27872199 -0.07576000 0.12012900
-0.28821799 0.34806600 -0.10802000
0.18149900 -0.11388600 -0.25901800
-0.25752300 -0.47462901 -0.17016099
0.09790500 -0.09687100 -0.30039501
-0.15736701 0.15824300 -0.26932499
0.16559200 0.15348201 -0.27015600
0.25050801 -0.04323300 -0.19361900
0.10406500 0.34142801 0.28918001
-0.20756900 -0.01763700 0.22087100
0.31198201 0.01887500 -0.04557000
-0.06982800 -0.52128100 0.29583201
-0.16521201 0.34436801 -0.26383299
0.27765700 -0.52532899 -0.15215901
-0.19289000 0.07465500 0.23488800
-0.04693400 0.05108900 -0.31110901
0.11615800 -0.05122700 -0.29448500
-0.01862000 0.27218199 -0.31358600
0.22471800 -0.51886201 -0.22269800
0.12054400 0.53116798 -0.29244000
0.31083301 -0.42561999 -0.05870100
-0.29258400 0.27494201 0.08216000
0.24697800 0.01947200 0.18909600
0.27747601 0.61202002 -0.15254501
0.12018000 0.02771600 0.28304499
0.16987699 -0.09048800 -0.26715600
-0.12577000 0.03745100 -0.28561500
-0.30224800 -0.11476300 -0.04926400
0.29023701 0.42651200 -0.12518001
0.31347799 0.44160900 0.01890800
0.18038499 -0.29968101 0.25023299
-0.20698699 0.22534101 -0.23101901
-0.25516999 -0.52324700 0.16395600
-0.21777400 0.31013200 -0.22023100
0.17795400 -0.01157100 0.25193501
0.19460601 -0.11878500 0.24027500
-0.23403899 -0.47393799 0.19413400
0.03143300 -0.08685000 0.30372399
-0.21656699 0.31453100 0.21187299
-0.14853400 0.11645200 -0.27500001
0.31553701 0.31419101 -0.00493600
0.26714799 -0.07857500 -0.16985400
0.08045700 0.10161400 0.29550600
0.10953300 0.45767599 0.28771499
0.25073001 -0.07808500 -0.19330201
0.00110000 0.08462200 -0.31531200
-0.26167601 0.35943100 -0.16423000
-0.12673999 0.22254400 -0.28516200
-0.30160299 0.46481001 0.04707600
-0.00660600 0.22327600 0.30507299
0.09713500 0.47115099 0.29103699
0.29908901 0.22887699 -0.10256800
-0.22985500 0.61425900 -0.20815000
0.28671500 -0.39408401 -0.13273400
0.18550900 -0.04448900 0.24664500
-0.25498900 0.08271600 -0.17377900
0.08054400 0.11743700 -0.30504701
0.31490800 -0.38108900 -0.01211900
-0.28990099 -0.42450801 -0.10174000
0.31176400 0.54149699 0.03849000
0.27557600 -0.24530900 -0.15662099
0.11967600 -0.33707300 -0.29284501
-0.05093500 0.09666900 0.30089501
0.30101600 0.07351400 -0.09537800
-0.27600199 0.14421999 -0.13552500
-0.12984701 0.46319100 -0.28371301
0.21554799 0.48508799 0.22230300
0.30952400 -0.05923000 -0.06362500
-0.25031000 -0.32442001 0.17089701
-0.03842500 0.54939401 -0.31185400
0.30070201 0.55779201 0.08698600
0.14343500 -0.23676600 0.27220100
-0.24395999 0.41381100 -0.18953100
-0.27572200 -0.24310000 0.12656100
0.28255501 0.34591699 -0.14165300
0.27171701 -0.56428802 0.15376499
-0.24476799 0.08534500 0.17881100
0.06814200 0.57733899 0.29880601
-0.02709100 0.37415400 -0.31284499
0.18120500 0.23740301 0.24965900
-0.08365100 -0.48617801 -0.30169299
-0.07966500 0.54340798 -0.30276099
-0.27970099 0.22085699 0.11802900
0.22965901 0.36576700 -0.21775700
-0.30466801 0.48929799 0.01203700
-0.10253300 -0.56339902 0.28688601
0.26003200 0.12750299 -0.18001699
-0.00170800 -0.28230599 0.30550101
0.30255601 0.37003699 0.08006500
0.23938499 0.02709400 -0.20803100
0.24844500 0.28321400 -0.19656400
0.24704900 -0.53377199 -0.19855900
-0.29693699 -0.05404600 -0.07548200
0.04104100 0.07648400 -0.31244799
0.23161100 0.40370101 0.20624000
-0.27980000 -0.11305800 -0.12738100
0.28747401 0.22375500 -0.13110600
0.28861901 0.47216201 0.11908500
-0.24664199 0.44646499 0.17613500
-0.29276800 -0.50467402 -0.09103900
0.11521000 0.16651499 -0.29492700
0.25540999 0.26325300 0.17705400
0.24105801 0.10011700 -0.20635700
0.29120001 0.33713400 0.11355100
-0.12398300 -0.50789601 0.27688301
0.30229601 -0.51887798 -0.09060000
-0.18728399 -0.53112501 0.23881300
-0.23929100 -0.13824500 -0.19619900
-0.22493400 0.31259799 -0.21307100
0.30350700 -0.20259801 -0.08608200
0.29368800 0.48326600 0.10821400
0.01043700 -0.41752201 0.30556101
0.28071001 0.38206500 -0.14561100
-0.02385700 0.35001400 0.30356401
0.16564500 -0.02910900 0.26055399
-0.29234299 0.01448700 -0.09262400
0.20717201 -0.32274300 -0.24024400
0.31297901 -0.45265600 -0.03417000
0.19367300 -0.02987200 -0.25049400
-0.24284400 -0.13420200 -0.19112401
-0.27917200 0.03782700 -0.12872800
-0.28731000 0.23862100 0.10171200
-0.26552701 -0.30160099 0.14842500
0.25077701 0.22630100 0.18367000
0.19734100 0.59002501 0.23836000
-0.09661900 -0.43441400 -0.29821801
0.08860200 -0.11115400 -0.30288801
0.18431699 0.10124600 0.24748001
0.08178000 0.20581999 -0.30471599
-0.29821900 -0.24502100 0.06113000
-0.03534800 -0.41881999 -0.31212300
0.29281101 0.21524499 -0.11965900
-0.17509800 0.33912200 0.24734500
0.19790000 -0.59853101 -0.24753299
-0.26163000 0.46145099 0.15473101
0.04557100 0.40460700 0.30248699
-0.21910100 -0.47453099 -0.21890400
-0.12285400 0.48600101 0.27741000
0.23665500 -0.14590900 -0.21076100
-0.18640301 0.60515201 0.23943000
-0.29939699 -0.60842401 -0.06629700
-0.28937301 -0.21298499 -0.10370900
-0.24161500 -0.40555900 0.18331499
-0.22674000 -0.04908000 -0.21126500
0.31151000 0.42884901 -0.05096600
0.31032100 0.26545501 -0.06065200
0.31211799 0.29839900 0.03444900
-0.30291101 -0.19764800 0.03211700
0.18444900 0.13246000 -0.25695199
0.15357600 0.21639200 -0.27703699
0.16060100 -0.32469800 0.26408601
0.10165600 0.21427301 -0.29938999
-0.29810199 0.07954600 -0.07113300
-0.29505900 -0.14786100 -0.08248700
-0.11592600 0.19452800 -0.29020500
-0.02268400 0.59914702 0.30366600
-0.08581300 -0.11927300 -0.30111399
0.28258100 -0.42262101 -0.14159800
-0.23320700 -0.38034201 -0.20479800
-0.28124899 0.23473901 -0.12427300
-0.10065700 0.31580001 -0.29713601
0.30926701 -0.24573299 -0.06458300
-0.28854099 0.60324800 -0.10681300
-0.23334700 -0.06904000 -0.20465800
-0.20970801 -0.37276301 0.21873300
-0.30287400 0.39603901 0.03254100
0.28336301 0.51021802 -0.13992199
0.14279300 -0.26939800 0.27250001
-0.16417199 -0.27985501 -0.26456100
-0.22999600 -0.50548702 0.19844399
-0.09346400 0.34403700 -0.29906300
-0.30466801 -0.15952000 -0.02160300
-0.16116600 0.13255499 -0.26666501
0.13606200 0.38027200 0.27563900
0.24818499 -0.52876401 -0.19693699
-0.06549900 -0.58530903 -0.30655700
0.24598999 0.24637200 0.19050699
0.28289601 -0.20109700 0.13135800
-0.21880400 0.16468801 -0.21920100
0.02512400 0.39827800 -0.31384099
0.27300000 0.61246097 -0.16149700
0.16905101 -0.04768400 -0.26773399
0.16793600 0.56006402 0.25895000
-0.12242000 0.48697200 -0.28717700
0.23510200 0.35220599 0.20274900
-0.10722700 0.55620301 -0.29426101
-0.02486600 -0.52827901 -0.31303999
0.06897700 0.30043900 0.29858199
0.08105100 0.15229800 -0.30491099
0.30039901 -0.08813900 -0.09768000
0.31507599 0.25632399 0.00063400
0.16931000 -0.39639100 0.25798801
0.15442300 -0.17087500 -0.27664199
-0.27015799 -0.42638701 0.13849500
0.20395800 -0.07272200 0.23372699
0.29702100 -0.35716400 0.10072300
0.04498700 0.13112600 -0.31210300
0.17434500 -0.58199602 -0.26402700
0.10206600 0.30384600 -0.29927999
-0.30527100 0.12586400 0.00514200
-0.16296300 -0.21761300 0.25584301
0.13927899 -0.23199899 0.27413899
-0.27588099 0.34527200 -0.13578600
-0.01858000 0.18800400 0.30402499
0.23110300 0.26603901 -0.21631300
0.29265800 -0.48374799 0.11042300
-0.21837699 0.09440200 -0.21962801
0.26654300 -0.22958601 -0.17071800
0.30905101 -0.30434600 -0.06539100
-0.30372599 -0.17295900 -0.03236500
-0.30530500 -0.54242098 0.00475300
-0.26443300 0.23398800 0.15072700
-0.27138701 -0.20989600 -0.14542200
-0.07865800 0.57837898 -0.30303100
0.23771900 -0.11911100 0.20013200
0.30229899 0.20662600 -0.09059100
0.00691800 0.08463400 -0.31543401
0.28787699 -0.34954000 0.12067600
-0.15327699 0.54146898 0.26262501
-0.14736199 -0.27960899 -0.27554601
0.21221800 -0.02370200 -0.23519801
0.18871699 -0.45891601 -0.25396401
0.23762600 0.56195599 0.20022500
-0.29578200 0.25514400 -0.07979200
0.27390301 -0.03110000 0.15064199
-0.23545200 0.28733999 0.19211601
-0.08124700 0.33442301 -0.30233699
0.31492200 -0.15730301 0.00240100
0.29687101 0.20225200 -0.11084900
-0.26669300 -0.35118201 -0.15548900
0.30895299 -0.10857100 0.05619100
0.29874799 0.06360300 0.09427800
0.17091300 0.15997700 0.25686499
0.31274799 0.48757899 0.02725100
0.27054700 0.08127300 0.15543500
0.20756800 -0.03276100 0.23028301
-0.27356100 -0.55799401 -0.14076000
0.08007200 -0.37386501 0.29560900
-0.01951600 -0.40323201 -0.31350800
-0.28783700 -0.05289500 0.09987500
-0.07538400 -0.10958400 0.29434401
0.12766799 0.06098300 -0.28911799
-0.01528500 -0.41919601 0.30431399
-0.19564900 -0.10215200 -0.24235600
0.25843301 -0.53955901 -0.18230100
-0.01646700 0.52046400 -0.31377500
-0.12062000 -0.36699700 -0.28801599
0.13468800 -0.58799601 0.27627999
0.31057200 0.30446100 -0.05971300
-0.06764500 0.23019300 0.29641700
-0.02354200 0.03351100 0.30359101
0.22434600 -0.37728801 -0.22307000
-0.15570100 -0.09054000 0.26092699
0.31190300 -0.50431901 -0.04647100
-0.21197000 -0.07357200 0.21647100
0.08425500 0.20244400 -0.30405301
-0.30214700 0.28334200 0.04085000
0.22552900 -0.49012801 -0.22188701
-0.24330600 0.13618100 0.18089999
0.29807499 0.57459700 -0.10635500
0.04829800 0.35873500 -0.31181300
0.17726500 0.02850600 -0.26198199
-0.27659699 0.19748200 -0.13425000
0.16505800 0.59514201 0.26096499
0.19479500 0.26323399 0.24014300
0.08662700 0.52067101 0.29385301
0.04761700 0.42669901 -0.31187299
0.19113401 -0.23375000 0.24270600
0.01015100 -0.03545300 -0.31515101
-0.30457401 0.38165700 -0.02267300
0.23391899 0.05826800 0.20393200
0.09600900 0.07365300 -0.30090299
-0.04509400 0.14464401 -0.31127000
-0.16940200 -0.18616199 0.25133401
-0.14105400 -0.39599800 0.26892301
-0.29784000 0.32721901 0.06254400
0.13627800 -0.40080500 -0.28510299
-0.08544300 -0.52855700 0.29164800
0.18464400 0.56694800 0.24725001
-0.12575600 -0.01334400 0.27605700
0.31123900 -0.27898699 -0.05405400
0.16216600 0.22939600 -0.27255401
0.01721200 0.45457399 -0.31453300
0.25087300 -0.55546999 -0.19309700
0.00616600 -0.03403500 0.30593500
0.29429799 0.49057400 -0.11647200
-0.26347601 0.47906899 0.15209500
0.19760200 0.44194099 0.23817800
-0.22643800 -0.52669698 -0.21156700
0.15251499 0.07306400 0.26796699
-0.29258201 0.08338800 -0.09173100
0.22218800 0.16978100 0.21566300
0.10322400 0.10879200 -0.29897001
-0.30610201 0.40045401 -0.00521000
0.28140599 -0.17474000 0.13455300
0.09409800 -0.57408601 0.29185101
-0.00368500 -0.20715800 -0.31489301
-0.28180900 -0.39440101 0.11350800
0.27922899 -0.07420400 0.13922299
-0.30473799 0.13963400 0.01123800
-0.01401100 0.17266300 -0.31399000
-0.11186400 0.56507200 -0.29209900
-0.21773900 0.07808400 0.21070200
0.29964799 0.10940500 -0.10048400
-0.27244699 -0.37679499 0.13358501
-0.03929100 0.49860501 -0.31177801
-0.02944100 0.33662501 -0.31264001
0.13561399 0.04871300 0.27584800
0.31113300 0.07783700 0.04570800
-0.01036000 0.14624600 -0.31430900
0.26439199 -0.26270700 0.16422500
-0.12703399 -0.52965403 -0.28502601
-0.27561501 -0.02758500 0.12679000
-0.05366900 -0.52472502 0.30016199
-0.30456999 -0.11592400 -0.02271700
-0.25806099 -0.17074201 -0.16939200
0.28958601 0.57701498 0.11701100
-0.30501699 -0.43230301 -0.01760700
-0.15446500 -0.22961400 0.26179299
0.24505900 0.34296900 -0.20140100
0.15933800 0.21695100 -0.27434999
0.28010401 -0.20598499 0.13734600
-0.25315601 -0.03311300 0.16683200
-0.29582101 -0.39623401 0.07007900
0.29689899 0.40803099 0.10117900
0.08197600 -0.31720501 -0.30466300
0.09280300 -0.56640202 0.29219800
-0.30525699 0.44245300 0.00530300
0.14951400 -0.35087699 0.26936701
0.15933201 0.25202501 0.26478800
0.31494999 -0.39781901 0.00208200
-0.27085799 -0.48268899 -0.14655600
-0.17660999 0.18189099 0.24628700
0.28941599 0.58659399 0.11737600
0.16864499 -0.37447700 0.25845301
-0.30469200 -0.60871202 -0.02132900
-0.26369399 0.46442300 0.15178300
0.21510500 -0.05057600 -0.23231100
-0.00559800 -0.34786099 0.30516100
0.29240000 0.29201600 0.11097700
-0.27115199 -0.56616300 -0.14592600
0.06932800 0.31144699 -0.30805200
0.07442100 -0.43866301 0.29712299
0.30186400 0.10482600 -0.09221400
-0.27166399 0.53135800 -0.14482801
0.10671200 -0.01782600 -0.29803500
-0.30162400 0.01227600 0.04683100
0.24858899 -0.36087999 0.18679500
-0.27448899 -0.05910200 -0.13877000
0.30251199 0.21058699 0.08023100
0.14390799 -0.24436800 -0.28154501
0.22512200 -0.55111402 0.21272901
0.29980999 -0.01758800 -0.09987900
-0.09653700 0.08319600 0.28867599
0.25029999 0.20103700 0.18435200
0.02727000 0.03015200 0.30408800
0.30580899 -0.08768400 -0.07749000
0.16723900 0.18987200 -0.26900199
-0.04967300 -0.37601301 -0.31079701
-0.29149300 -0.48727399 0.08623200
0.07363200 -0.36562499 -0.30689901
-0.30544400 -0.28246999 0.00316400
0.31429201 -0.45850599 -0.01915900
0.31497601 0.49829900 -0.01135000
0.00247000 0.45328701 -0.31543201
0.26030001 -0.28466100 -0.17963500
-0.18546100 0.07243800 -0.24965400
-0.14329299 -0.23286100 0.26787901
0.22963101 0.17767601 0.20822001
-0.30253300 0.27243599 0.03644400
-0.28806299 -0.51683700 -0.10859900
0.31530201 -0.08877900 -0.00761400
0.01080700 -0.59979701 0.30552900
0.06961100 0.45766100 0.29841200
0.30299100 0.41586199 -0.08800500
-0.14208201 0.58836502 -0.27800801
0.14690500 0.14977700 -0.28014800
-0.11250900 0.51057398 0.28223401
0.30875099 -0.05271200 -0.06650900
-0.29981300 -0.18149000 -0.06474700
-0.25933701 -0.05630200 -0.16756900
0.27003500 0.50612801 -0.16573200
-0.14550100 0.52085203 0.26684901
0.30678701 -0.05270400 -0.07383800
0.13070700 -0.20575701 0.27813599
0.28504899 -0.39054200 0.12673999
0.07357300 -0.06019900 0.29734999
0.30585101 -0.24242000 0.06776800
-0.30530900 -0.51308203 -0.01427000
0.14128301 0.46233699 -0.28276899
0.31048200 0.47175899 -0.06004900
0.25480399 0.59984100 -0.18748300
0.25184700 0.16007000 -0.19170600
-0.29766300 -0.02815400 0.06320700
-0.29378200 -0.59243101 0.07768900
-0.04034400 -0.39331499 -0.31168601
0.26423100 -0.08585500 -0.17402001
0.28791299 -0.58889598 0.12060000
0.04762700 0.08236000 -0.31187201
-0.30528700 0.58307999 0.00496600
-0.15652700 0.07993100 0.26034901
0.31189799 -0.10489800 -0.04652800
0.24616399 -0.43607900 0.19025800
0.27008700 0.41440800 -0.16565700
0.06847700 -0.25420699 0.29871601
-0.28792900 0.02883400 -0.10909800
0.12166600 0.35325301 -0.29191700
0.31387401 0.47599000 -0.02394500
0.07762900 -0.61118698 -0.30582801
-0.05514300 -0.31639501 0.29976699
-0.28892201 0.26131999 -0.10539200
-0.23877500 0.59711498 -0.19693600
0.26928100 -0.49908501 -0.16680799
-0.28956699 -0.06853000 -0.10298500
0.19632100 -0.42336500 -0.24863900
0.21830501 -0.23244500 0.21954601
-0.29563099 -0.38296500 -0.08035300
0.25405899 0.23370001 0.17898300
-0.27632701 0.41465199 0.12526500
-0.27357599 0.06504700 0.13116400
0.25890899 -0.57880902 0.17205600
0.06159300 -0.12001400 0.30056000
-0.30372101 -0.38576600 0.02286700
-0.15918800 -0.13957700 -0.26804999
0.31288999 0.21983100 -0.03519300
0.00720000 0.25346100 0.30584401
0.01979300 0.12599599 0.30474299
0.04686200 0.45795599 -0.31193900
-0.21212600 0.34352100 0.21631400
-0.24661700 0.45769799 -0.18573600
0.29429200 -0.34833199 -0.11648500
0.19532500 0.31269300 -0.24933600
-0.24945900 -0.10821600 -0.18167700
0.30643600 0.41902199 -0.07515100
0.17796101 0.21132100 -0.26149499
0.07918100 0.40030900 -0.30541199
0.22805500 -0.53639698 -0.21936101
0.28235000 -0.31616801 0.13253000
0.14485399 -0.00624200 0.27153999
-0.25979999 -0.19979700 -0.16690899
-0.30500200 0.34384599 0.00821900
0.15901500 -0.15456299 0.26493600
0.26568699 -0.20054600 -0.17194000
0.27979201 0.16773200 -0.14758000
-0.10589700 -0.48849401 -0.29488200
0.25217000 -0.11675500 0.18168101
-0.00436400 -0.06511000 -0.31483400
-0.16548599 0.00057700 -0.26364100
0.22509700 0.40074301 0.21275400
0.21263200 0.40694600 0.22521999
0.24933200 0.25459099 0.18573301
-0.05705800 0.24109700 0.29925400
0.17819799 0.06406700 -0.26132900
0.22923701 0.41061500 -0.21817800
0.29102999 -0.43825200 -0.12348000
0.11113400 -0.34233701 0.28726301
-0.25942501 -0.38858700 0.15787999
-0.00143600 0.36627600 -0.31509000
-0.23616301 0.50761002 -0.20066600
0.09789200 0.25515401 -0.30039901
0.09908800 0.45919800 0.29051399
0.26839301 0.36359999 -0.16807599
0.21409500 0.09319300 0.22375700
-0.29751101 -0.59337199 -0.07333900
-0.22682799 0.21943501 -0.21117701
0.00721100 0.10286200 -0.31540799
0.16160500 0.49112299 0.26338300
0.15333600 0.03589000 0.26758400
0.31477901 -0.47023699 -0.01360200
0.16646700 -0.39890599 0.25997800
0.15114599 0.51897699 0.26860601
0.23297800 -0.01566400 0.20487399
-0.09805200 0.08846600 -0.29783401
-0.04743400 -0.37558001 0.30150101
-0.23572300 -0.58087999 -0.20129400
-0.26783201 -0.53069901 0.14348100
-0.11346400 -0.47580999 -0.29135299
0.29782501 0.04515400 -0.10728800
-0.27443501 -0.22270399 -0.13888501
-0.18701400 -0.31690601 0.23900200
0.23137000 -0.27113399 -0.21604601
-0.29610699 -0.60235900 -0.07857700
0.24708100 -0.20655000 -0.19851300
0.26187199 0.36820599 -0.17738900
-0.29284301 -0.52690798 -0.09076000
-0.24295899 -0.06600000 0.18139599
-0.29811600 -0.31547400 0.06151400
-0.07783000 0.54035199 -0.30325300
-0.13572100 0.09646600 0.27140999
-0.09443000 0.54427803 -0.29880500
-0.29389101 0.08978300 -0.08684600
0.18132800 -0.01673400 -0.25913700
0.09766400 0.48176801 -0.30046001
0.07418100 0.25277200 0.29718700
0.22853699 -0.46223801 -0.21887900
-0.23839700 -0.17931400 -0.19747500
0.25286800 -0.31667599 0.18068300
-0.05626700 -0.50306702 -0.30903000
-0.00461800 -0.03875800 0.30524701
0.03141300 -0.36257601 -0.31329101
0.18023799 0.42730799 0.25033599
-0.30145001 -0.45074499 0.04881800
0.29289201 -0.13459300 -0.11948700
0.29604000 0.41460001 0.10317200
-0.15853500 0.46258801 0.25894299
0.26548401 0.37568101 -0.17223100
-0.06923700 0.38493899 0.29598999
0.30236199 -0.24647599 -0.09035400
0.24518199 -0.59441102 -0.20122500
-0.24477600 0.42798200 -0.18836500
-0.02817200 0.11323300 -0.31275100
-0.30399299 -0.21108299 0.01975500
0.26942101 0.58871299 0.15704399
0.15722600 -0.03461600 -0.27533501
0.00825600 0.18606099 0.30575201
0.31265000 -0.00108700 -0.03792600
-0.26395100 -0.19851300 0.15141600
0.12770900 -0.22282200 0.27953401
-0.13174701 0.34087601 0.27326301
-0.15948500 0.39794201 0.25827801
0.29681399 -0.54068100 0.10149600
-0.08840500 -0.31502101 -0.30041900
0.01463400 0.06595100 0.30519399
0.17878300 0.13673100 -0.26091999
0.31549001 0.26736701 -0.00410100
0.25575200 0.53866702 -0.18613000
-0.05217000 -0.13907300 -0.31012800
-0.28970999 0.57785600 -0.10245200
0.31326100 -0.59634697 0.02138500
0.31228000 0.18859001 -0.04215500
-0.10560300 -0.15504900 -0.29501900
-0.30339700 -0.52936798 -0.03612700
0.31084299 0.48900801 0.04902300
-0.15613300 -0.11596300 -0.27018899
0.31339201 0.18746801 -0.02945500
-0.07809600 0.31279799 0.29361701
0.29645100 -0.37265500 0.10229000
-0.15883300 0.11227100 -0.26829901
-0.27410799 0.29176101 0.13002300
-0.05400600 -0.28058901 -0.30963600
0.20417801 0.25114599 -0.24313800
-0.29563701 0.51326001 -0.08033200
0.19508401 -0.01734100 -0.24950500
0.23052400 0.12448800 0.20732699
-0.00439100 -0.17655601 0.30526701
-0.16253000 -0.60414201 0.25614601
0.28576800 -0.54325801 0.12520000
-0.03293700 0.23533399 0.30276901
-0.29529601 -0.40925500 0.07203800
-0.11294200 -0.09588200 0.28203201
0.30279300 -0.13946900 -0.08874800
-0.19436599 -0.08594400 0.23385400
0.20174301 0.49307099 -0.24484301
0.09665700 0.52035201 -0.30072901
-0.27290401 -0.26505199 -0.14216900
0.30217999 -0.49040300 0.08146900
0.28148699 0.18883300 0.13437900
0.04720600 -0.15089899 0.30234399
-0.02702500 0.44827199 -0.31285101
-0.01168200 -0.37779501 0.30462900
0.07936300 0.35707399 0.29579899
-0.15867300 0.46333000 -0.26841101
0.02591300 0.16876601 -0.31377199
0.12201400 -0.52445602 -0.29175499
0.06787200 0.45950800 0.29887801
-0.30028200 0.53523803 0.05343200
0.22047199 0.43243599 -0.22694400
0.30962399 -0.08384000 0.05368800
-0.02494200 0.39249599 -0.31303301
-0.09667900 0.13617800 0.28863701
0.22772500 0.40778199 0.21012600
0.28811100 -0.50417602 0.12017400
-0.13730700 -0.40166399 -0.28023499
0.19887701 -0.49417600 0.23728500
0.26546100 0.00980300 0.16269800
-0.07145400 -0.60853201 -0.30496100
-0.25526199 0.17287600 0.16382501
0.05672500 0.44249600 -0.31107599
0.27705100 -0.38038599 0.14389300
-0.23237200 -0.09719400 -0.20563300
0.24504100 0.47566000 0.19186200
-0.30270001 0.25732201 0.03453200
0.05222800 0.32333201 0.30190501
0.20660301 0.13887399 -0.24081300
0.07774800 -0.05259900 -0.30579600
-0.18241499 0.07984700 0.24222299
0.15605800 -0.12528300 -0.27588001
0.20508100 -0.31099001 -0.24233399
0.01246600 -0.39223999 -0.31494799
-0.29362199 0.57094002 0.07828900
-0.30201200 0.35956600 0.04239900
0.28453201 -0.05205800 -0.13741399
-0.06156600 -0.44035301 -0.30761099
0.03845100 -0.31810001 -0.31267500
0.15980400 0.38682401 -0.27413300
-0.30172899 0.48680499 0.04562600
0.14102200 -0.17854901 -0.28289101
-0.01668200 -0.40193599 0.30419099
-0.28411999 -0.61292797 -0.11811600
0.14984700 0.23339500 0.26921099
-0.00984100 0.52853698 0.30478999
-0.19445699 0.41140199 0.23379000
-0.18227600 -0.16473000 0.24232000
-0.12104400 0.54057002 -0.28781900
-0.29495999 -0.09110200 -0.08285900
-0.08799700 -0.17416900 -0.30052799
-0.25425500 0.25933599 -0.17482799
-0.16277499 0.11806900 0.25597399
-0.23982900 0.07225800 0.18586500
-0.25542399 -0.21225500 0.16359299
0.17610200 -0.13866299 0.25323200
0.18217300 -0.39948100 0.24898100
-0.17496200 -0.39816400 0.24744099
0.29244101 -0.40566501 0.11088800
-0.02184200 -0.09904900 0.30373999
-0.16036201 0.12056600 0.25766400
0.26221001 0.57610297 0.16734099
-0.13542201 -0.27683899 0.27154899
-0.26844200 -0.05272500 0.14217500
-0.29673299 -0.31905800 -0.07623900
0.31379199 -0.42731601 0.01531500
-0.12811901 -0.23301700 0.27495500
0.10845600 0.34140500 -0.29756799
-0.15278099 0.22359200 0.26297200
-0.03071200 0.17577600 0.30296400
-0.14184700 0.42166701 -0.27811801
-0.14297500 -0.16479400 -0.27759200
0.20303300 0.30767199 -0.24393900
-0.19898500 0.17737900 0.22945499
0.25872800 0.15897800 -0.18187900
-0.25699499 -0.57689703 0.16135000
-0.12115200 -0.13232100 0.27820399
-0.30566201 -0.22583200 0.00067000
0.25323099 0.31011501 -0.18972901
0.25489199 0.20489401 0.17779300
-0.28291500 -0.58420998 0.11113700
-0.29984701 0.27028501 0.05505400
0.29448500 -0.03886600 0.10650600
-0.28470200 -0.16189100 -0.11687000
-0.02645900 -0.02049900 -0.31290099
0.12168200 -0.28424099 0.28234500
0.27443200 -0.25411901 0.14950900
-0.19486000 -0.20389999 -0.24307200
-0.26482701 -0.29417601 -0.15949100
0.24342000 0.36916900 0.19417700
0.30553100 -0.30309200 0.06896300
0.29624000 0.31364599 -0.11230700
0.31141800 -0.27871001 0.04245200
-0.22551700 -0.40947500 0.20292400
-0.30212399 0.37760299 -0.05067700
-0.15644500 0.25215101 0.26040700
-0.28266701 0.21477400 -0.12123300
0.05680000 -0.35467300 -0.31106901
-0.24936600 -0.35107201 -0.18181001
-0.14490899 -0.51175499 0.26712599
-0.23807700 -0.04847800 0.18836799
0.25511500 0.24032700 0.17747501
-0.16678600 -0.16795500 0.25316599
0.29932901 0.61573100 -0.10167200
-0.18876600 -0.00955600 -0.24733999
0.10986400 -0.05097000 0.28762600
-0.09737200 0.13694400 -0.29801601
-0.18762100 0.51223803 -0.24814101
-0.13722000 -0.42931700 0.27071100
-0.29565799 0.51472700 -0.08025300
-0.07242200 0.16345701 -0.30470201
0.20729400 0.13342801 0.23055699
0.27374300 0.46032500 -0.16043600
0.21183699 0.34064999 0.22601400
-0.29490599 -0.36363101 0.07349300
-0.30527601 -0.33556300 0.00508300
0.08523600 -0.12399600 -0.30379000
-0.29705501 -0.53008902 0.06547400
-0.09817300 0.09671400 -0.29780200
-0.23492000 -0.59651899 0.19287699
0.29688799 -0.14476100 -0.11078400
-0.30076599 0.17806999 0.05162400
0.24161500 -0.22055100 0.19623600
-0.30277199 0.03837100 0.03371200
0.30521601 -0.16473900 0.07014000
-0.06490200 -0.21600300 -0.30671701
0.26488400 -0.46867600 0.16352300
-0.28922501 0.16336000 0.09469600
0.08644600 0.53652602 0.29390100
0.31174001 -0.48322499 -0.04832700
-0.24175701 0.54181600 -0.19267701
-0.17348699 0.27229601 -0.25803801
0.15422399 0.14854901 0.26717001
0.20370001 0.54632801 -0.24347199
0.28987399 0.13848600 -0.12595800
-0.11630400 0.30965701 0.28046399
-0.28578100 0.02314800 -0.11455400
0.04183600 0.49049401 -0.31237900
-0.28842700 -0.07083200 0.09767700
0.29793501 0.51456201 -0.10687700
0.08743100 0.60374099 0.29363701
-0.24285699 -0.47976300 0.18154100
-0.30595201 0.60954201 -0.00263400
-0.14668299 -0.61049497 -0.27586299
-0.06089700 0.54420799 -0.30779001
-0.10631100 0.40478000 0.28512400
0.09783100 -0.43381301 -0.30041501
-0.06295300 -0.19652700 -0.30723900
-0.24824700 0.45475501 -0.18340801
-0.29330900 0.34110501 0.07945400
-0.04965200 0.39000499 0.30123800
-0.10500100 0.56131399 0.28573501
0.21455500 -0.37200099 -0.23286100
0.17736100 0.10644100 0.25235000
0.29597300 0.29113001 0.10331500
-0.30483401 0.38232401 0.01013400
-0.08402900 0.08899400 0.29202700
-0.24858800 -0.44229701 -0.18292101
-0.20650500 -0.04459600 -0.23150000
0.03712000 0.05098200 0.30322701
0.26887000 0.25356701 -0.16739500
-0.11716100 -0.45760301 -0.28962901
0.02698000 0.54974902 0.30411401
0.30449399 -0.53122699 0.07283200
0.31540301 -0.55120599 -0.00310600
-0.28057399 -0.18887600 0.11615700
0.22723199 0.21876501 -0.22018400
0.29204100 -0.47603700 0.11174600
-0.07481400 0.31735700 -0.30406100
0.10907600 0.35086799 -0.29740199
-0.09077600 0.42285201 -0.29978400
-0.26609600 0.44959599 -0.15677001
