0.11163835 -0.35519826 0.18640476
0.18245950 -0.02105810 0.12032468
0.07856286 -0.38836095 0.22598100
0.02247654 -0.64451098 0.32128543
0.03609964 -0.03902725 0.29403922
0.13402712 -0.26017368 0.15961565
0.14968155 -0.18908136 0.14483793
-0.01989196 -0.51868880 0.44958043
0.05116113 -0.61245978 0.26391622
0.01125023 -0.18111531 0.34373805
0.06808831 -0.56643975 0.23851424
0.00684008 -0.25983366 0.35255834
0.08663065 -0.67521507 0.21632755
-0.01133897 -0.02957704 0.41323787
-0.02778119 -0.71569818 0.63339090
0.35985270 -0.53828287 0.02371872
-0.03012880 -0.59478945 0.60647088
-0.01173029 -0.68216956 0.70076317
0.07927401 -0.10392798 0.22513008
-0.03023585 -0.32358813 0.52845681
-0.01735943 -0.35844117 0.67713535
0.16323254 -0.37832379 0.13470371
0.16630559 -0.71279567 0.13240552
0.04455246 -0.04905154 0.27713355
0.22757691 -0.47470254 0.08658326
0.09255824 -0.30589962 0.20923494
-0.03018939 -0.38070461 0.56231791
0.30570903 -0.57014889 0.04722674
-0.02673487 -0.36874300 0.63778275
0.10278113 -0.15517877 0.19700281
0.06766001 -0.35234722 0.23902673
-0.01707363 -0.61930233 0.43760505
0.34669709 -0.69780689 0.02943061
0.24687786 -0.67135596 0.07276996
-0.02624120 -0.51563990 0.63985491
0.29793909 -0.71409732 0.05060028
0.01617794 -0.14400150 0.33388263
-0.03015742 -0.25995514 0.58561170
-0.01302452 -0.09532805 0.69533074
-0.03020281 -0.54322392 0.55253178
-0.00426098 -0.06244915 0.38316280
-0.03012501 -0.20513467 0.60923672
0.22712642 -0.02389690 0.08692016
0.05081392 -0.44252285 0.26461065
0.12550783 -0.34593999 0.16980936
0.04675149 -0.13502994 0.27273551
-0.02188759 -0.72321618 0.45806006
0.23775801 -0.54888541 0.07896925
-0.03028111 -0.44134554 0.49546990
-0.03016100 -0.25732443 0.58300287
-0.01371486 -0.03934683 0.42333329
0.22206746 -0.01152180 0.09070355
-0.03015032 -0.59191304 0.59078842
0.11377247 -0.49661058 0.18385121
0.10164244 -0.68579191 0.19836530
0.23373936 -0.50034177 0.08197462
0.27762410 -0.13539979 0.05942062
0.12490407 -0.52080667 0.17053178
-0.03015867 -0.53908956 0.58470434
-0.03026914 -0.38096428 0.50419211
-0.03017757 -0.47421563 0.57093322
0.22271442 -0.58028007 0.09021971
0.05267510 -0.14271352 0.26088828
-0.01176929 -0.71016645 0.41506636
-0.00127173 -0.28718257 0.37046117
-0.03018698 -0.29259306 0.56406975
0.16556084 -0.18212280 0.13296248
0.19266964 -0.11327773 0.11268894
-0.02372521 -0.04992317 0.65041554
0.32148787 -0.43414971 0.04037591
0.21753548 -0.62688446 0.09409282
0.21784437 -0.28967142 0.09386183
0.26404801 -0.38349700 0.06531506
-0.02441943 -0.32686740 0.64750159
0.15822515 -0.44091520 0.13844854
-0.00120938 -0.68083733 0.74492377
0.08712967 -0.61994499 0.21573044
0.04293084 -0.20125465 0.28037682
-0.03019226 -0.70800048 0.56022376
-0.02432787 -0.42881846 0.64788598
-0.03017078 -0.69528872 0.57587808
-0.00954601 -0.57412517 0.70993143
-0.00638092 -0.47824717 0.72321665
-0.01514925 -0.20254447 0.42942816
-0.02771060 -0.24784017 0.63368726
0.11390965 -0.22860025 0.18368706
-0.02268127 -0.17229806 0.46143249
0.22920236 -0.17635037 0.08536766
-0.03015116 -0.50557828 0.59017533
-0.02101917 -0.52048892 0.66177392
-0.03012156 -0.27178344 0.61174911
0.01305290 -0.47456703 0.34013271
0.11041545 -0.53069997 0.18786801
0.33023533 -0.06571896 0.03657794
0.17278561 -0.33759174 0.12755938
-0.02062487 -0.27470639 0.66342896
0.17064653 -0.71848011 0.12915911
-0.01361076 -0.58140874 0.42289096
-0.02798485 -0.58579659 0.48396796
0.05262157 -0.50742024 0.26099536
0.08256004 -0.30272868 0.22119820
0.12026462 -0.06161500 0.17608307
0.03536234 -0.09711151 0.29551381
0.33299735 -0.32388216 0.03537874
-0.01077868 -0.60479176 0.41085717
-0.02334891 -0.22892390 0.65199506
-0.03015755 -0.59949148 0.58552265
-0.00224032 -0.23396586 0.74059647
0.23241954 -0.47895470 0.08296166
0.27689859 -0.70043856 0.05973560
0.19342597 -0.62916875 0.11212332
-0.03014651 -0.56280506 0.59356272
-0.00629506 -0.18991105 0.72357702
-0.03016124 -0.14577539 0.58282739
0.23291686 -0.42702428 0.08258974
0.31422761 -0.04104477 0.04352816
0.30343464 -0.67968309 0.04821423
0.23010327 -0.10687988 0.08469391
0.25739521 -0.54805773 0.06820355
0.12683146 -0.48266259 0.16822559
0.00817249 -0.00220228 0.34989354
0.03080509 -0.51359499 0.30462831
0.16935305 -0.04700858 0.13012645
0.19641481 -0.46987170 0.10988809
-0.01880775 -0.61232990 0.67105615
0.04840840 -0.29453257 0.26942170
0.27331775 -0.50635648 0.06129033
0.11503170 -0.54473454 0.18234450
0.15286437 -0.24385856 0.14245763
0.26142108 -0.11621661 0.06645561
-0.00571518 -0.31528148 0.72601104
0.35597003 -0.58097929 0.02540451
-0.03012458 -0.56791669 0.60954714
0.35636213 -0.38873935 0.02523425
0.08944576 -0.70903778 0.21295914
-0.01044594 -0.11937132 0.40944332
0.09847826 -0.64802599 0.20215137
0.17068768 -0.68193823 0.12912834
0.13395074 -0.42660716 0.15970705
-0.03022558 -0.45149672 0.53594023
-0.03025714 -0.44089687 0.51294237
0.24749827 -0.60480040 0.07250059
0.17193224 -0.46291861 0.12819758
-0.03014538 -0.16231635 0.59439158
-0.02895495 -0.71260661 0.62846416
-0.01417452 -0.31384119 0.42528644
-0.00488862 -0.26674670 0.38582972
0.16412121 -0.25308654 0.13403912
-0.03025771 -0.68912596 0.51252478
-0.03024958 -0.61660272 0.51844954
-0.02084504 -0.18332744 0.45363018
-0.02647537 -0.57364029 0.63887203
0.00259185 -0.46723363 0.36105484
-0.03026603 -0.25838777 0.50646210
-0.01444301 -0.09439656 0.42642730
0.25642398 -0.48505405 0.06862525
0.05255480 -0.23541555 0.26112890
0.18459736 -0.13412310 0.11872587
0.12661225 -0.55993766 0.16848786
0.05096794 -0.19648403 0.26430261
-0.00201296 -0.22909488 0.37361071
0.29346326 -0.03615909 0.05254359
0.20689791 -0.63733917 0.10204821
0.12398760 -0.43082368 0.17162837
0.15769526 -0.51896071 0.13884482
0.14672303 -0.47132936 0.14705049
0.13206860 -0.59806770 0.16195911
0.09478490 -0.33939359 0.20657064
-0.03023015 -0.68038243 0.53261095
-0.03014097 -0.37592635 0.59760559
0.17635515 -0.01735785 0.12488987
-0.03025878 -0.26022097 0.51174384
0.14359254 -0.52842242 0.14939165
0.11117313 -0.49587473 0.18696143
-0.02796674 -0.34148464 0.48389098
-0.01605017 -0.63581342 0.68263084
0.08464891 -0.03429239 0.21869878
-0.02581829 -0.50079274 0.64163005
0.03269082 -0.36718580 0.30085686
-0.01838741 -0.36982206 0.44318745
-0.00497394 -0.55221701 0.72912228
0.35355619 -0.59916377 0.02645254
0.01037856 -0.20998277 0.34548140
-0.02947126 -0.32391772 0.62629706
-0.03024362 -0.17594084 0.52279478
0.02006854 -0.65852135 0.32610142
-0.03014296 -0.70568192 0.59614974
0.21073009 -0.66213405 0.09918229
0.07887611 -0.30804002 0.22560619
-0.00544879 -0.35006070 0.72712922
0.29184619 -0.51501042 0.05324569
0.02393003 -0.35194406 0.31837845
-0.00908473 -0.52611184 0.40365940
0.11248410 -0.68624085 0.18539280
-0.03023644 -0.70281619 0.52802813
-0.03019739 -0.68893313 0.55648470
-0.03021190 -0.00423580 0.54591149
0.29364848 -0.24061908 0.05246317
0.09361467 -0.66362655 0.20797087
0.06585679 -0.29576975 0.24118435
-0.00421895 -0.45103925 0.38298419
0.01923281 -0.26606020 0.32777289
0.12075892 -0.05630187 0.17549162
-0.02949013 -0.17410830 0.62621778
0.32437080 -0.50459558 0.03912421
0.19686131 -0.38749197 0.10955416
0.25011960 -0.60365176 0.07136247
-0.00483718 -0.27507615 0.38561115
0.21967104 -0.60533702 0.09249573
0.06597881 -0.03068208 0.24103835
0.27292681 -0.68075949 0.06146007
-0.03011010 -0.40443787 0.62009877
0.29386297 -0.46640933 0.05237005
0.21634892 -0.63556224 0.09498020
0.35796827 -0.35042173 0.02453691
-0.02887915 -0.61592925 0.62878233
-0.00921528 -0.35411826 0.40421411
0.22003363 -0.70912880 0.09222457
0.13947326 -0.61845291 0.15309912
0.13111673 -0.55640131 0.16309805
0.10414107 -0.30344930 0.19537558
0.09795122 -0.55281079 0.20278201
-0.03014220 -0.09250163 0.59671056
-0.01785444 -0.19274595 0.67505759
0.08722927 -0.67528445 0.21561128
-0.02562188 -0.17679204 0.47392744
0.09241837 -0.55157650 0.20940229
-0.02866307 -0.42503074 0.48684978
-0.03026380 -0.08132014 0.50808197
0.31330383 -0.60335368 0.04392924
0.30372870 -0.09842841 0.04808655
0.01035221 -0.68859398 0.34553409
0.17272831 -0.29481274 0.12760223
0.13117561 -0.09930026 0.16302761
0.11258619 -0.00749528 0.18527064
0.06530435 -0.38850218 0.24184538
0.15282393 -0.41023096 0.14248788
-0.02453175 -0.53027493 0.46929535
0.19360541 -0.28794876 0.11198913
0.25061074 -0.42634419 0.07114922
-0.01529594 -0.09724732 0.43005145
0.26722959 -0.63615853 0.06393368
-0.03002478 -0.03718618 0.49263582
0.24256326 -0.66134119 0.07537559
0.26619196 -0.15537223 0.06438421
0.07946511 -0.00539143 0.22490144
-0.03018745 -0.49617678 0.56372589
-0.03024137 -0.42357516 0.52443308
-0.02021270 -0.72524166 0.45094329
-0.01412038 -0.63087553 0.69073099
-0.01179485 -0.42611107 0.41517499
0.15052259 -0.53960443 0.14420897
-0.03020838 -0.48318088 0.54847747
0.27813071 -0.02049397 0.05920065
0.00372141 -0.19805868 0.35879570
-0.01934758 -0.21410453 0.66879028
0.11851418 -0.30587003 0.17817755
0.07886278 -0.29551890 0.22562213
-0.02136338 -0.51073617 0.66032910
-0.00145273 -0.40684184 0.74390233
-0.00252553 -0.16132051 0.73939931
0.32096323 -0.57764977 0.04060369
0.02321473 -0.35440540 0.31980905
0.02156242 -0.21035455 0.32311368
-0.01544303 -0.70226115 0.43067646
0.29407665 -0.23127067 0.05227727
0.09237847 -0.01517897 0.20945004
-0.02199788 -0.10662574 0.45852867
-0.02202098 -0.00548565 0.65756893
0.05343343 -0.45586741 0.25937164
0.32615343 -0.47983068 0.03835023
0.16359213 -0.26541904 0.13443480
0.11962863 -0.66937494 0.17684406
0.21155080 -0.44750267 0.09856852
0.28041005 -0.31263611 0.05821101
-0.03016868 -0.56698543 0.57740831
0.35797399 -0.72685462 0.02453443
0.03693616 -0.09114145 0.29236618
0.00117810 -0.45913792 0.36388233
-0.02246019 -0.53370613 0.65572536
0.03431242 -0.58221692 0.29761365
-0.03011241 -0.05188700 0.61842102
-0.02252414 -0.64956582 0.65545696
0.04072694 -0.13114028 0.28478462
0.07124845 -0.70993978 0.23473300
0.34633824 -0.59795952 0.02958642
-0.03016624 -0.44094819 0.57918948
0.08286487 -0.29157954 0.22083347
-0.03010880 -0.50896406 0.62105101
0.14229436 -0.27017152 0.15036251
0.21371625 -0.66278893 0.09694907
0.31974733 -0.02506270 0.04113162
-0.03021243 -0.15570799 0.54552436
0.04559752 -0.54320055 0.27504343
-0.02321398 -0.12409704 0.65256143
0.18995672 -0.27908695 0.11471782
0.35660416 -0.04119743 0.02512917
0.04823164 -0.71083969 0.26977521
-0.02927954 -0.00864094 0.62710172
0.19645338 -0.15965383 0.10985924
-0.02992969 -0.72571391 0.62437278
0.13346489 -0.18233721 0.16028839
-0.02461321 -0.60966212 0.64668828
0.35533234 -0.06890385 0.02568137
0.15455806 -0.46831825 0.14119101
0.06327230 -0.30150044 0.24427681
-0.02743324 -0.38851708 0.63485140
0.30339417 -0.63290441 0.04823180
0.01174233 -0.31847110 0.34275386
0.25623751 -0.38774741 0.06870621
0.08556318 -0.13500196 0.21760482
-0.00846568 -0.18252487 0.71446609
0.29006037 -0.50151443 0.05402105
-0.02373536 -0.54809821 0.65037292
0.25543970 -0.36001664 0.06905259
0.02178358 -0.26892036 0.32267135
0.03558213 -0.52491462 0.29507425
0.07036524 -0.02726191 0.23578981
0.01393257 -0.63840610 0.33837339
0.08102442 -0.38810429 0.22303563
-0.00843653 -0.21175563 0.71458840
-0.03027048 -0.35105017 0.50321662
-0.00073125 -0.19847354 0.74693060
0.01758488 -0.15289649 0.33106875
-0.03011974 -0.56521541 0.61307549
0.12218517 -0.16125365 0.17378505
0.10868925 -0.10636148 0.18993349
-0.01349422 -0.09366808 0.69335920
0.04750037 -0.54980499 0.27123773
0.11523449 -0.62952328 0.18210183
0.25511801 -0.59069949 0.06919226
0.34032163 -0.56825268 0.03219870
-0.00308188 -0.28314942 0.37815267
0.22076853 -0.63654387 0.09167497
0.09096391 -0.35949165 0.21114261
-0.03019534 -0.44083971 0.55797952
0.07297818 -0.53231180 0.23266332
0.20491196 -0.47910395 0.10353342
0.11118224 -0.00834610 0.18695053
-0.03027610 -0.15475066 0.49912480
0.01757413 -0.43697932 0.33109024
-0.00394867 -0.68183845 0.73342580
0.18631075 -0.71020645 0.11744449
0.10100404 -0.64252806 0.19912916
-0.02658148 -0.12063514 0.63842660
0.06037324 -0.24993400 0.24774565
-0.01955307 -0.53360730 0.44814044
0.27883711 -0.05014962 0.05889395
-0.00146004 -0.22691301 0.37126133
0.02202457 -0.07969766 0.32218936
-0.02186120 -0.71909201 0.65823960
0.35025266 -0.42707020 0.02788686
0.22790638 -0.30546179 0.08633687
0.13710310 -0.49447492 0.15593512
0.01753876 -0.01810928 0.33116099
-0.03014601 -0.71506178 0.59392953
0.16371247 -0.50367415 0.13434480
0.25400636 -0.11034994 0.06967493
-0.02597935 -0.09235024 0.47544634
-0.01884244 -0.24183910 0.44512090
-0.02184806 -0.28067839 0.45789209
0.35636061 -0.72333968 0.02523492
-0.01514364 -0.10770679 0.42940435
-0.03021949 -0.11054082 0.54037774
0.34791407 -0.69175768 0.02890222
0.03321807 -0.71667051 0.29980236
-0.02197166 -0.36151171 0.45841727
0.03074852 -0.06988788 0.30474147
0.13018726 -0.44238329 0.16421022
0.09753075 -0.35510233 0.20328511
0.01137832 -0.06395426 0.34348187
0.09459363 -0.57161391 0.20679951
0.26279947 -0.39083943 0.06585714
0.24486572 -0.08090169 0.07365369
-0.03018899 -0.24724813 0.56260264
-0.02997847 -0.63117415 0.49243900
0.11772542 -0.59275466 0.17912133
0.01240548 -0.48477244 0.34142756
-0.03014187 -0.49397343 0.59694529
0.10169653 -0.65164167 0.19830059
0.18996456 -0.53669089 0.11471196
0.25441650 -0.06002596 0.06949685
0.16727963 -0.48846641 0.13167708
0.04075199 -0.70346975 0.28473452
0.03470115 -0.53385419 0.29683620
0.03562657 -0.69512957 0.29498535
-0.03024724 -0.39646128 0.52015054
0.30068335 -0.47054878 0.04940878
0.13922144 -0.08104799 0.15340042
0.12920433 -0.68593353 0.16538632
-0.03011135 -0.13879588 0.61918908
0.27395362 -0.51947421 0.06101425
-0.02109090 -0.47373751 0.66147286
-0.03024540 -0.40116015 0.52149326
0.11856502 -0.37314510 0.17811672
-0.00146656 -0.00612855 0.37128901
0.31610927 -0.00212698 0.04271118
-0.00286429 -0.54521751 0.37722811
0.17008343 -0.60140622 0.12958021
-0.03015696 -0.01649637 0.58595335
0.33023116 -0.63054115 0.03657977
-0.00870836 -0.71876007 0.71344745
0.01401369 -0.67427468 0.33821115
0.11994348 -0.01288926 0.17646733
-0.02885297 -0.30952558 0.62889224
-0.03024457 -0.33736598 0.52209693
0.29599461 -0.64588356 0.05144453
0.17872117 -0.10443839 0.12312042
0.30949304 -0.25338542 0.04558381
-0.00676547 -0.39076191 0.39380464
-0.03023424 -0.38182548 0.52962667
-0.00823305 -0.47562322 0.40004054
-0.02117683 -0.42141822 0.66111213
0.29539886 -0.16404100 0.05170319
0.04983583 -0.22339416 0.26656684
0.21725762 -0.18852812 0.09430063
0.26093748 -0.56765813 0.06666558
0.02258853 -0.45401728 0.32106143
-0.01183168 -0.38256460 0.70033759
-0.01161319 -0.36247030 0.70125467
0.26243967 -0.30308229 0.06601336
-0.00582699 -0.48342845 0.72554171
0.02484429 -0.43440139 0.31654993
0.08695737 -0.33118844 0.21593662
-0.01955888 -0.67683369 0.66790330
-0.01917267 -0.14498922 0.44652408
0.00455330 -0.48775795 0.35713193
0.12397760 -0.30452579 0.17164034
0.34052435 -0.00183215 0.03211069
-0.00340630 -0.40282306 0.73570234
0.09257893 -0.40004414 0.20921019
0.23200354 -0.30633929 0.08327277
0.10273358 -0.63468379 0.19705971
-0.03011327 -0.63681269 0.61779106
0.25934318 -0.17183281 0.06735779
0.03331133 -0.55354470 0.29961586
-0.02595760 -0.67333531 0.64104527
-0.01012064 -0.08804207 0.70751953
0.11752364 -0.22149162 0.17936277
-0.02213445 -0.65647870 0.65709263
-0.02361615 -0.24697520 0.46540487
-0.03023824 -0.34344006 0.52671558
0.17447047 -0.46248236 0.12629934
-0.02314409 -0.17838240 0.65285474
0.08377293 -0.06154963 0.21974693
0.07731798 -0.37501085 0.22747055
-0.03011787 -0.25050363 0.49303138
-0.02486026 -0.67671394 0.47069123
0.29048577 -0.63002038 0.05383635
-0.01092929 -0.41199857 0.41149712
0.34922788 -0.39649710 0.02833180
0.06124400 -0.62078482 0.24670376
-0.03019006 -0.23597218 0.56182975
-0.01055473 -0.30886918 0.70569748
0.06345461 -0.32853866 0.24405867
0.07839634 -0.07047519 0.22618026
-0.01937414 -0.50002182 0.44738013
0.00113747 -0.68804276 0.36396357
0.25416499 -0.58380157 0.06960605
0.29258645 -0.09823327 0.05292428
0.24878070 -0.33419573 0.07194379
-0.01653672 -0.68113065 0.43532369
-0.00406943 -0.12869826 0.38234887
0.14665990 -0.04515255 0.14709771
-0.01702597 -0.20519540 0.67853498
-0.01114413 -0.17334564 0.41240999
-0.02765851 -0.21576555 0.48258129
0.04053026 -0.69663316 0.28517798
0.26117215 -0.51516366 0.06656370
-0.03023478 -0.04328133 0.52923787
0.03741962 -0.20966503 0.29139924
0.10455250 -0.52524132 0.19488329
0.24154353 -0.63421315 0.07613821
0.20622747 -0.25409961 0.10254961
0.00030255 -0.10653065 0.36563343
-0.01429767 -0.68063718 0.42580968
-0.03022886 -0.03345590 0.53355116
-0.02289464 -0.13007703 0.46233913
0.33509433 -0.22584027 0.03446828
-0.02963548 -0.58963770 0.49098164
0.19425568 -0.07329401 0.11150281
0.08888695 -0.68047196 0.21362779
0.17265886 -0.52732688 0.12765417
0.32130802 -0.05098810 0.04045400
0.33675694 -0.40612784 0.03374641
-0.02638250 -0.58560914 0.63926184
-0.03017938 -0.70623368 0.56961381
-0.03023925 -0.07485544 0.52597564
0.04755595 -0.33970135 0.27112657
-0.00087295 -0.30505100 0.36876670
-0.03023578 -0.02702382 0.52850676
-0.03014782 -0.32843018 0.59261435
0.07712931 -0.44635472 0.22769630
-0.03012048 -0.71507716 0.61253262
0.32521904 -0.36585233 0.03875592
0.01210967 -0.40036869 0.34201917
-0.00483590 -0.52493817 0.72970170
-0.02409426 -0.49907306 0.64886647
0.20642333 -0.57476407 0.10240314
-0.03025399 -0.70172971 0.51523268
0.28639564 -0.45076874 0.05561219
0.00654001 -0.03476558 0.35315850
0.01484823 -0.21138172 0.33654207
0.06260590 -0.64764845 0.24507418
-0.03021507 -0.47993389 0.54359823
0.13282207 -0.64839655 0.16105756
-0.00194533 -0.68140256 0.37332335
0.06442577 -0.46606359 0.24289665
-0.00456667 -0.63819951 0.38446170
-0.02181390 -0.07720210 0.45774695
0.34609243 -0.25067464 0.02969314
-0.00065641 -0.67208326 0.74724478
0.01737394 -0.55869383 0.33149064
-0.02878185 -0.68594134 0.62919074
0.00255034 -0.64375973 0.36113784
0.04253846 -0.63449097 0.28116158
-0.00033130 -0.64373404 0.74860936
0.04956911 -0.35133615 0.26710027
0.03901256 -0.57730168 0.28821337
-0.03011247 -0.58789498 0.61837107
0.04005066 -0.16951570 0.28613716
0.14792222 -0.68055683 0.14615367
-0.01072736 -0.48369816 0.70497286
0.13385698 -0.63931477 0.15981923
0.02788760 -0.38604343 0.31046331
-0.00667320 -0.52909434 0.72198987
0.07420137 -0.60536140 0.23119971
-0.00719437 -0.56683266 0.71980226
-0.02018234 -0.50107872 0.66528642
0.05333777 -0.44359356 0.25956294
0.17528623 -0.67730147 0.12568927
0.02188504 -0.45018822 0.32246843
0.34003747 -0.03507935 0.03232208
0.23121946 -0.20713748 0.08385915
0.03227984 -0.53022975 0.30167881
0.18471324 -0.46004245 0.11863921
-0.03012166 -0.43970519 0.61167967
-0.03011290 -0.41338637 0.61806029
0.22491717 -0.30809596 0.08857237
-0.02916035 -0.68668765 0.48896277
0.33595368 -0.53020620 0.03409516
-0.03017694 -0.08861651 0.57138652
0.21710223 -0.43500566 0.09441683
-0.01961504 -0.23311980 0.66766763
-0.03022241 -0.33395454 0.53825235
-0.02110240 -0.39178655 0.45472372
-0.00824415 -0.57182503 0.40008768
0.32814977 -0.48489824 0.03748346
0.10966948 -0.61487639 0.18876061
0.24580371 -0.69331318 0.07323633
-0.01577888 -0.07647646 0.43210351
0.10120495 -0.67938316 0.19888878
-0.03012221 -0.54121059 0.61127448
0.08937889 -0.03864239 0.21303916
0.06022631 -0.58649379 0.24792147
0.35408902 -0.22955880 0.02622120
-0.01353590 -0.16485499 0.42257288
0.17931327 -0.26856709 0.12267762
-0.00547865 -0.47991168 0.38833681
0.26731744 -0.33097881 0.06389554
0.26011971 -0.15762872 0.06702064
0.33951092 -0.62668484 0.03255069
-0.03019023 -0.06955031 0.56170309
0.00880508 -0.09543177 0.34862834
0.16677111 -0.60872316 0.13205737
0.26215723 -0.36604977 0.06613599
-0.00322714 -0.57406932 0.73645437
0.17862570 -0.15979691 0.12319183
-0.00228407 -0.50887859 0.37476268
-0.03018315 -0.04245298 0.56685984
0.02677964 -0.71158177 0.31267923
0.17402343 -0.46785715 0.12663366
-0.00600651 -0.09841295 0.72478819
-0.00095478 -0.60960090 0.36911440
0.27283746 -0.00190991 0.06149886
0.09117217 -0.28202048 0.21089342
0.24657638 -0.03359289 0.07290086
0.24049389 -0.53723258 0.07692319
-0.02223240 -0.58914119 0.65668148
0.12747529 -0.08013024 0.16745520
0.05626081 -0.19796756 0.25371689
0.28643525 -0.30795857 0.05559500
0.17193639 -0.50658995 0.12819448
0.29918796 -0.27585125 0.05005804
-0.03014534 -0.65600115 0.59442180
0.03491363 -0.69062740 0.29641125
-0.01181293 -0.37550738 0.41525182
-0.03018531 -0.63781250 0.56528789
0.26612803 -0.35004804 0.06441195
0.29928696 -0.65309995 0.05001506
0.30784437 -0.57418025 0.04629962
0.26264039 -0.58526301 0.06592622
-0.03015378 -0.37738463 0.58826607
0.29153222 -0.63105577 0.05338201
-0.01053914 -0.38523421 0.40983936
0.04650307 -0.64637536 0.27323234
-0.03024733 -0.05876555 0.52008778
-0.00625916 -0.37482241 0.39165324
-0.01902929 -0.02081257 0.67012626
0.01476386 -0.32862943 0.33671081
0.01998718 -0.05551210 0.32626414
-0.02540945 -0.38957027 0.64334613
0.02753118 -0.49214676 0.31117615
-0.01309608 -0.46047029 0.42070404
0.13394305 -0.72270733 0.15971623
-0.01445302 -0.28200087 0.42646980
0.02261557 -0.02260419 0.32100737
-0.03020028 -0.21263579 0.55437666
0.09177315 -0.60381496 0.21017434
0.03106272 -0.27854824 0.30411306
0.19253606 -0.63374394 0.11278885
0.32049295 -0.04849327 0.04080788
-0.02983811 -0.41486594 0.62475717
0.29740480 -0.28335798 0.05083226
0.17617768 -0.47765830 0.12502259
-0.00116713 -0.24346465 0.74510109
-0.03011903 -0.47268417 0.61359406
0.20499094 -0.62923270 0.10347436
-0.03020500 -0.70735061 0.55093747
-0.03025649 -0.22808562 0.51341248
0.21760659 -0.50798601 0.09403964
0.05679004 -0.53215677 0.25265840
0.13192703 -0.01764829 0.16212851
0.05985526 -0.67110997 0.24836543
-0.02403686 -0.59807998 0.64910740
0.28045464 -0.58853471 0.05819165
0.35673496 -0.40247968 0.02507239
0.13867462 -0.64881808 0.15405473
0.05394480 -0.64945978 0.25834888
-0.03027030 -0.24998873 0.50335020
-0.01835814 -0.36316156 0.44306308
0.13345391 -0.71076518 0.16030152
0.01140271 -0.65269202 0.34343308
0.26178566 -0.23926692 0.06629732
0.05344824 -0.62086010 0.25934201
0.02386263 -0.34335241 0.31851324
0.12546018 -0.04092321 0.16986637
0.06851043 -0.28471550 0.23800917
0.34782192 -0.46540606 0.02894223
0.08020740 -0.64843041 0.22401324
0.00634580 -0.47613066 0.35354692
-0.02197091 -0.03919460 0.45841408
-0.00152148 -0.70932269 0.74361372
-0.00519184 -0.25819123 0.72820771
0.23072720 -0.51135129 0.08422729
0.13100082 -0.12489280 0.16323675
-0.02381103 -0.69115436 0.46623296
0.22818755 -0.67825437 0.08612660
0.25795421 -0.46569285 0.06796085
0.11387394 -0.42643037 0.18372980
0.34322044 -0.55567729 0.03094010
-0.00485233 -0.28812426 0.38567549
-0.03020674 -0.10707081 0.54966742
0.11188333 -0.50792158 0.18611164
0.13794646 -0.07808819 0.15492600
0.30300719 -0.72201377 0.04839982
0.00702440 -0.52531832 0.35218972
0.31739414 -0.39086807 0.04215332
0.23740481 -0.03991762 0.07923339
0.01300836 -0.06247676 0.34022179
-0.03026314 -0.18771194 0.50856537
-0.01611136 -0.36248860 0.68237400
0.19814855 -0.40077427 0.10859150
-0.02613144 -0.03049184 0.64031559
0.03735935 -0.05918649 0.29151979
0.16569205 -0.07334172 0.13286436
-0.03026598 -0.02816359 0.50649625
-0.02531421 -0.20514271 0.64374584
0.20018215 -0.08568188 0.10707065
0.13934486 -0.37094668 0.15325275
0.01996338 -0.37255615 0.32631177
-0.01680873 -0.06560668 0.67944688
0.01102328 -0.58102828 0.34419197
-0.02245661 -0.06302620 0.46047789
0.31960112 -0.34963384 0.04119509
0.18482962 -0.28878105 0.11855217
-0.00282090 -0.04462002 0.37704372
0.01387579 -0.31839311 0.33848694
-0.00024429 -0.38064194 0.36672711
0.30288288 -0.46456835 0.04845380
-0.01625301 -0.71391678 0.43411815
-0.00990782 -0.57414508 0.70841283
0.30936456 -0.06186627 0.04563959
0.35987005 -0.37741405 0.02371120
-0.02257785 -0.17286576 0.46099302
-0.02769748 -0.12240587 0.48274687
0.31315896 -0.54422992 0.04399214
0.03511902 -0.12585311 0.29600045
-0.00985761 -0.50041151 0.40694347
0.22585833 -0.50314713 0.08786852
-0.02915573 -0.53072244 0.62762141
0.07461457 -0.07960038 0.23070529
0.01950863 -0.08706807 0.32722124
-0.02982002 -0.70095336 0.49176577
0.10132856 -0.38602242 0.19874087
0.15717606 -0.56320387 0.13923311
-0.00273656 -0.59736687 0.73851353
-0.00457446 -0.60065478 0.38449478
-0.03024493 -0.36154175 0.52183783
0.13346975 -0.46271563 0.16028257
-0.02358223 -0.28782105 0.46526077
-0.00231203 -0.60531211 0.74029547
0.04137123 -0.26130754 0.28349602
-0.00644967 -0.59435380 0.39246276
0.00543085 -0.45620313 0.35537684
-0.03024615 -0.23280877 0.52095145
-0.01507045 -0.58724171 0.42909333
0.04732334 -0.47190511 0.27159181
0.06864913 -0.52093494 0.23784320
0.02742809 -0.32254803 0.31138232
-0.00454953 -0.16926074 0.38438886
-0.00454575 -0.02846973 0.38437277
0.33022642 -0.40139306 0.03658182
-0.02465987 -0.19800210 0.64649236
0.03906924 -0.59871620 0.28810003
-0.02345371 -0.26516882 0.65155512
-0.01447461 -0.18639630 0.42656156
-0.03015476 -0.23771355 0.58755028
0.08868676 -0.63156551 0.21386732
0.11981164 -0.47160125 0.17662509
-0.03024393 -0.51300216 0.52256668
0.03100267 -0.63595301 0.30423316
-0.03012853 -0.09649934 0.60666603
0.05137535 -0.39300063 0.26348779
0.28655657 -0.63240677 0.05554232
-0.03023822 -0.57646030 0.52672762
0.01866045 -0.44611529 0.32891762
-0.03017334 -0.56983691 0.57400882
-0.02345651 -0.27660224 0.46472657
0.05115254 -0.11189459 0.26393342
-0.03013366 -0.51699674 0.60292906
0.31497148 -0.58055425 0.04320519
0.03957309 -0.06853347 0.28709233
-0.03020989 -0.39144167 0.54737347
0.24417339 -0.15517004 0.07417145
0.11760464 -0.50735331 0.17926586
-0.00568652 -0.09209254 0.72613132
-0.02831027 -0.72156101 0.48535070
-0.01612688 -0.34794047 0.43358222
0.32541311 -0.36867642 0.03867165
0.17183740 -0.65407413 0.12826850
0.05585013 -0.42231062 0.25453824
-0.03012654 -0.02482293 0.60812283
-0.00420791 -0.59049076 0.38293728
-0.00399268 -0.13818212 0.38202274
0.23289688 -0.42045557 0.08260468
0.22842360 -0.20266005 0.08595006
-0.03012472 -0.00197190 0.60944450
0.31021297 -0.12093157 0.04527123
-0.00449807 -0.60536253 0.73111975
0.02946669 -0.20716409 0.30730513
-0.02526742 -0.24479674 0.47242129
0.18786399 -0.07437122 0.11628289
0.12271814 -0.55112028 0.17314734
0.13290177 -0.47214463 0.16096218
0.35592633 -0.11562564 0.02542347
0.01525575 -0.11169188 0.33572701
-0.01752555 -0.04099465 0.43952531
0.29223153 -0.38118902 0.05307838
0.04775872 -0.62184805 0.27072105
0.28840283 -0.64346755 0.05474073
0.08094462 -0.07500411 0.22313114
0.04607651 -0.24538551 0.27408546
0.07794640 -0.16664365 0.22671862
0.01861206 -0.71494013 0.32901439
-0.03017835 -0.37532872 0.57036239
0.00540272 -0.71381807 0.35543308
-0.02251427 -0.67167008 0.65549839
0.00661958 -0.61162919 0.35299936
0.12165121 -0.43996352 0.17442396
0.05006596 -0.50783330 0.26610658
-0.02928254 -0.03242638 0.62708914
0.30685192 -0.53233498 0.04673053
-0.02157669 -0.13326153 0.65943378
-0.00342685 -0.17390946 0.73561609
0.00640083 -0.71564871 0.35343686
-0.03014779 -0.02283272 0.59263015
0.32267147 -0.62381995 0.03986201
-0.02890001 -0.34568524 0.62869477
-0.01265713 -0.47205734 0.41883889
-0.03027577 -0.53896463 0.49936104
0.33515731 -0.27678388 0.03444093
-0.03014745 -0.64051062 0.59288329
-0.02373056 -0.27039069 0.65039313
0.11426417 -0.06362677 0.18326287
-0.03024225 -0.27120537 0.52378994
-0.03024038 -0.48933163 0.52515161
0.08382554 -0.22631806 0.21968399
0.18249640 -0.38353166 0.12029708
0.10583865 -0.69908625 0.19334435
0.23224311 -0.39677793 0.08309361
-0.03012538 -0.71594703 0.60896575
-0.00283971 -0.55800962 0.37712365
-0.03016414 -0.15009919 0.58071691
0.23732258 -0.22664188 0.07929488
0.19939511 -0.62042832 0.10765926
0.20830096 -0.65507448 0.10099894
-0.01835533 -0.44292638 0.44305113
0.17486140 -0.00390449 0.12600698
-0.02415522 -0.29025605 0.64861065
0.04502736 -0.11227635 0.27618378
-0.03020864 -0.12755972 0.54828352
-0.03020863 -0.68688482 0.54829431
0.09127103 -0.12300405 0.21077514
0.03064206 -0.53583843 0.30495438
0.29410779 -0.28363714 0.05226375
-0.02157687 -0.60614133 0.65943301
0.25436780 -0.41176403 0.06951800
0.01731439 -0.42802095 0.33160973
-0.00455692 -0.10674638 0.73087275
-0.02059723 -0.37029049 0.66354495
0.04588592 -0.31433246 0.27446663
-0.00511960 -0.34941220 0.72851092
0.30858982 -0.17530118 0.04597597
-0.03011948 -0.27891967 0.61326152
-0.03012651 -0.38668910 0.60814327
0.08423879 -0.06837933 0.21918951
0.06141423 -0.33780855 0.24650006
0.11266290 -0.26871213 0.18517885
0.35158584 -0.35573801 0.02730802
-0.03017011 -0.02662558 0.57636994
0.33781826 -0.39714065 0.03328560
-0.03013252 -0.20157403 0.60376507
-0.01522521 -0.22311769 0.42975095
0.06670893 -0.52141863 0.24016473
0.35440740 -0.40482509 0.02608296
0.33250675 -0.14976977 0.03559175
0.24922857 -0.43387651 0.07174934
-0.02329513 -0.32449082 0.65222079
0.32867712 -0.70781159 0.03725450
-0.01139979 -0.04921380 0.41349632
-0.00242817 -0.17946450 0.73980796
-0.01456875 -0.55159050 0.42696157
0.07589086 -0.65973842 0.22917816
-0.03017202 -0.18757363 0.57497120
-0.02029206 -0.48140645 0.45128047
-0.03017304 -0.55493569 0.57423460
-0.01130953 -0.13939032 0.41311279
0.21420264 -0.53127575 0.09658531
-0.03026146 -0.46091342 0.50979012
-0.02057943 -0.24618924 0.45250157
0.32786036 -0.04880844 0.03760911
0.08665279 -0.60225749 0.21630105
-0.02463621 -0.19690268 0.46973926
-0.00923029 -0.70041907 0.40427789
0.34161451 -0.31271705 0.03163736
-0.02600989 -0.15747592 0.64082581
0.11204267 -0.08982188 0.18592098
0.25673780 -0.60188949 0.06848899
-0.03011333 -0.31375390 0.61774480
-0.00725226 -0.40041918 0.71955925
0.30793074 -0.09200097 0.04626213
0.02129255 -0.27185017 0.32365343
0.07142176 -0.58144754 0.23452564
0.24659485 -0.70225823 0.07289284
0.17994899 -0.68414456 0.12220220
0.19918478 -0.31086814 0.10781655
0.27746066 -0.11428621 0.05949157
0.16739154 -0.45049879 0.13159338
0.13688131 -0.37110946 0.15620050
-0.01603716 -0.22104602 0.68268543
-0.00362769 -0.13717939 0.38047189
-0.02554261 -0.68882483 0.64278716
-0.03018397 -0.57013786 0.56626183
0.25313747 -0.68999547 0.07005218
0.11700302 -0.64177173 0.17998570
0.05056999 -0.07924931 0.26509851
-0.02267588 -0.60720819 0.65482002
0.04591345 -0.16455874 0.27441159
0.35620266 -0.59980667 0.02530350
-0.02126180 -0.62415540 0.45540100
-0.02278510 -0.59086049 0.65436161
0.26184556 -0.72483122 0.06627131
-0.00931691 -0.52267373 0.40464598
0.02965936 -0.01811454 0.30691978
-0.03015739 -0.68482447 0.58563352
0.15051794 -0.29371241 0.14421242
-0.01164515 -0.23989208 0.41453889
-0.03028208 -0.55689007 0.49476337
0.29166189 -0.35930526 0.05332571
-0.00385651 -0.26943317 0.73381263
0.01468011 -0.17550643 0.33687830
0.05076553 -0.54241705 0.26470742
-0.03015300 -0.16671319 0.58883756
-0.02954235 -0.46034071 0.49058589
-0.00496555 -0.54317212 0.38615659
-0.01010198 -0.69085538 0.70759785
0.23433040 -0.19211197 0.08153261
0.13641185 -0.10602615 0.15676223
0.24440433 -0.43372536 0.07399873
0.04988986 -0.27545297 0.26645878
0.08476178 -0.59884477 0.21856374
0.00222013 -0.23182133 0.36179826
-0.03017603 -0.08062921 0.57204950
-0.01816652 -0.44895634 0.44224882
0.00251590 -0.18534462 0.36120674
0.00248434 -0.28841355 0.36126986
0.10201345 -0.32151961 0.19792138
0.08068305 -0.09058027 0.22344410
0.13398257 -0.18394934 0.15966895
0.10720889 -0.71844923 0.19170481
0.26653248 -0.14394358 0.06423636
0.27049753 -0.54708445 0.06251481
-0.01049432 -0.64238471 0.40964890
0.14809428 -0.10191400 0.14602499
0.27076617 -0.55571711 0.06239818
0.03314592 -0.62858087 0.29994667
-0.02297419 -0.45932773 0.46267712
-0.02064735 -0.23818566 0.66333455
0.35627365 -0.58439511 0.02527267
0.03530898 -0.09895311 0.29562053
-0.02454479 -0.04147998 0.64697546
0.24225448 -0.71865505 0.07560652
-0.03019867 -0.26273340 0.55555290
0.07425731 -0.61429775 0.23113278
0.24034072 -0.46741331 0.07703774
0.31100255 -0.18126108 0.04492841
-0.01165232 -0.09579881 0.70109046
-0.02815479 -0.40715787 0.63182276
-0.03013530 -0.57710856 0.60173583
-0.03012171 -0.68725204 0.61163890
0.25482064 -0.33452424 0.06932137
-0.03018584 -0.24172655 0.56490272
-0.01162238 -0.57106256 0.70121610
-0.03028180 -0.59382093 0.49496657
-0.01202782 -0.51248962 0.41616490
-0.03011492 -0.16291578 0.61658657
-0.00813219 -0.19305260 0.71586585
0.35305938 -0.11586969 0.02666825
0.07067081 -0.62569481 0.23542418
0.01216076 -0.00598546 0.34191701
0.11604083 -0.07831842 0.18113703
0.22616455 -0.07696427 0.08763951
0.07208087 -0.62304401 0.23373698
0.16115074 -0.60119951 0.13626061
0.31325504 -0.33772501 0.04395043
-0.01039707 -0.23495474 0.70635921
0.09672099 -0.35399994 0.20425403
0.27376339 -0.07025553 0.06109685
0.31889585 -0.37179112 0.04150130
0.33394217 -0.22873443 0.03496852
0.14155692 -0.18098390 0.15091400
0.12900108 -0.12258416 0.16562952
-0.02267777 -0.11779294 0.46141762
-0.01577078 -0.45882252 0.68380356
-0.02152383 -0.37903759 0.45651442
0.05993760 -0.59006333 0.24826692
-0.01499314 -0.22282748 0.68706763
0.22305334 -0.22465864 0.08996625
0.04201382 -0.04563087 0.28221086
0.08337241 -0.53556281 0.22022617
0.34538475 -0.63670838 0.03000040
-0.00081357 -0.01741011 0.74658513
-0.02736662 -0.63214910 0.48134103
-0.00589101 -0.40891719 0.72527301
0.24648361 -0.42024603 0.07294114
-0.00928118 -0.72695196 0.71104312
-0.03013065 -0.18082306 0.60512376
0.16965905 -0.42854670 0.12989761
0.30327129 -0.25546506 0.04828516
-0.00843002 -0.21050397 0.40087748
0.11703233 -0.60529119 0.17995064
0.06577278 -0.68755341 0.24128488
-0.02329351 -0.54785776 0.46403396
-0.00273087 -0.66690755 0.37666121
-0.03015224 -0.42647898 0.58939171
0.35172328 -0.71403271 0.02724834
0.13311137 -0.41547349 0.16071138
0.23784992 -0.29297727 0.07890050
0.28461006 -0.35298550 0.05638746
0.01630174 -0.54268849 0.33363503
0.05400340 -0.51561064 0.25823170
-0.01888089 -0.09342693 0.44528431
-0.03013649 -0.41937703 0.60086596
-0.03014859 -0.45013583 0.59205073
0.07654823 -0.08679504 0.22839160
0.12131507 -0.33690593 0.17482616
-0.01275733 -0.51921481 0.69645226
0.16994701 -0.31474569 0.12968224
0.08292761 -0.56938553 0.22075838
0.01215499 -0.44337499 0.34192854
0.06053032 -0.56078327 0.24755771
0.30795753 -0.66611129 0.04625050
-0.03020535 -0.19836919 0.55068058
0.36075032 -0.72553504 0.02332901
0.05158050 -0.45533311 0.26307747
0.11116640 -0.00279168 0.18696947
-0.00984277 -0.42274204 0.70868582
-0.03025885 -0.16797212 0.51169604
-0.00658088 -0.50306600 0.39302030
0.35594711 -0.19563715 0.02541445
0.03145698 -0.45962363 0.30332455
0.02786270 -0.32580587 0.31051311
0.01718435 -0.42366567 0.33186981
0.23099202 -0.52114993 0.08402924
0.27373192 -0.26082757 0.06111051
0.10356542 -0.32651892 0.19606438
-0.01337599 -0.65680569 0.69385546
-0.01874515 -0.14007702 0.44470748
0.24347349 -0.42321709 0.07469488
-0.02130482 -0.48860446 0.45558381
-0.00440753 -0.70820719 0.73149979
-0.02570099 -0.57049465 0.64212239
-0.01863498 -0.15844961 0.44423938
-0.02173882 -0.25667948 0.45742792
0.22928204 -0.37328970 0.08530807
-0.00245613 -0.32271603 0.37549379
-0.03011049 -0.71110803 0.61981803
-0.01053939 -0.67358881 0.70576185
0.19385386 -0.57749784 0.11180332
-0.03019348 -0.37783980 0.55933630
0.18248403 -0.16907455 0.12030634
0.00078496 -0.47956425 0.36466861
0.32919824 -0.08020627 0.03702823
0.34436134 -0.41379413 0.03044474
0.28430992 -0.05412775 0.05651777
0.12240616 -0.37533933 0.17352062
0.24171628 -0.38096920 0.07600902
0.04184789 -0.58844125 0.28254271
-0.02364222 -0.00699503 0.65076387
-0.00298272 -0.23172219 0.73748028
-0.01997474 -0.13239016 0.44993219
-0.03016356 -0.49390584 0.58113950
0.12802333 -0.49277595 0.16679944
-0.02267858 -0.43316063 0.65480870
-0.00037765 -0.41405463 0.36699384
-0.00673412 -0.32204837 0.72173411
-0.03016914 -0.22836331 0.57707059
-0.00848846 -0.17062636 0.40112576
-0.03026715 -0.00435698 0.50564218
0.34732896 -0.18419793 0.02915626
0.13239914 -0.24634612 0.16156359
-0.00214563 -0.66179430 0.37417448
-0.02563137 -0.65176463 0.47396776
0.18995154 -0.30893177 0.11472170
0.04766484 -0.58694565 0.27090880
-0.01626405 -0.71787739 0.68173313
0.20768736 -0.20730074 0.10145782
-0.03027170 -0.57898951 0.50232613
0.01383842 -0.30358720 0.33856168
0.32721594 -0.64561230 0.03788891
-0.02947019 -0.33051008 0.62630153
0.22007100 -0.08478189 0.09219661
0.20905006 -0.47539291 0.10043871
0.09075564 -0.40973213 0.21139182
0.25592050 -0.52016073 0.06884385
0.10493931 -0.54432797 0.19442046
-0.01102986 -0.39174804 0.70370317
0.00973327 -0.63083845 0.34677199
0.08708440 -0.57926244 0.21578462
0.16949086 -0.45694634 0.13002339
-0.02126140 -0.14236251 0.45539930
0.06938156 -0.47896150 0.23696682
-0.00011765 -0.51309508 0.36647382
0.00815548 -0.03505179 0.34992754
0.00386721 -0.44215369 0.35850412
0.05637972 -0.16289003 0.25347903
-0.03020618 -0.56523526 0.55008221
0.01578320 -0.55328768 0.33467212
0.00030006 -0.23071897 0.36563841
0.07925929 -0.17444380 0.22514769
-0.02421250 -0.56648439 0.64837021
-0.03018171 -0.35913399 0.56791240
-0.03016892 -0.59677976 0.57723522
-0.01048449 -0.40947694 0.40960711
0.22065593 -0.14121468 0.09175917
0.02201532 -0.55444574 0.32220787
-0.03021529 -0.61032665 0.54343897
-0.00763730 -0.43165988 0.71794313
0.08862977 -0.29605365 0.21393552
0.01860153 -0.40725437 0.32903543
0.04885979 -0.53417182 0.26851892
0.16219611 -0.41299397 0.13547882
-0.03024411 -0.07332017 0.52243710
-0.00171155 -0.37250891 0.37233001
0.33028513 -0.21988991 0.03655633
-0.01240605 -0.04091994 0.69792670
-0.02695665 -0.40857306 0.63685191
0.02443897 -0.40317994 0.31736058
0.03919733 -0.42077246 0.28784382
0.01808601 -0.30169448 0.33006650
0.25140211 -0.08702165 0.07080564
-0.00154156 -0.13338955 0.74352944
-0.01737578 -0.27917570 0.43888894
0.35963419 -0.53297418 0.02381360
-0.03010902 -0.53605950 0.62088549
-0.03017794 -0.45871738 0.57066101
0.00185650 -0.43358731 0.36252552
-0.02489616 -0.69358987 0.47084379
0.24554995 -0.43217537 0.07334652
0.22019354 -0.16721542 0.09210498
-0.00092834 -0.62561512 0.74610341
0.06673939 -0.01273907 0.24012829
-0.00951900 -0.07075915 0.71004486
0.03209335 -0.56733513 0.30205178
0.18561408 -0.11350288 0.11796550
-0.02913033 -0.00769294 0.62772804
0.17511347 -0.05180595 0.12581848
0.15798931 -0.56485677 0.13862491
-0.01555209 -0.16837655 0.68472147
-0.00267034 -0.07382508 0.37640402
-0.03027366 -0.68593460 0.50089937
0.00415688 -0.29282796 0.35792476
0.05565736 -0.37334386 0.25492376
-0.00184728 -0.13579717 0.74224621
-0.03011678 -0.07306141 0.61523294
-0.02860230 -0.48998138 0.48659155
-0.01940476 -0.03971962 0.66855025
-0.03024157 -0.57293856 0.52428597
-0.03013674 -0.37967005 0.60068899
-0.02643603 -0.38745704 0.63903713
-0.03022457 -0.24964258 0.53667837
-0.01447793 -0.15963721 0.68923020
-0.00768926 -0.01904021 0.71772498
0.02173699 -0.69127887 0.32276452
-0.02341584 -0.06746180 0.65171409
0.05428204 -0.30448195 0.25767440
-0.01051270 -0.19754003 0.70587385
-0.01449044 -0.53605855 0.68917763
0.12387144 -0.42631999 0.17176735
0.34894896 -0.04026526 0.02845290
-0.00791240 -0.20330603 0.71678841
0.09154231 -0.20801142 0.21045054
0.23466200 -0.68589294 0.08128462
0.23167607 -0.00325750 0.08351766
0.01124865 -0.51093429 0.34374121
-0.03016556 -0.46767762 0.57967848
0.07139634 -0.49344885 0.23455605
-0.01145545 -0.52500176 0.70191675
-0.02782841 -0.63869637 0.48330319
0.01516594 -0.15864643 0.33590662
0.08282510 -0.19495016 0.22088106
0.05441979 -0.19355893 0.25739890
-0.02863985 -0.64710402 0.48675111
-0.01028166 -0.55641192 0.70684367
0.03364772 -0.35001576 0.29894307
-0.02870662 -0.15124673 0.62950653
0.28630108 -0.67407143 0.05565325
-0.03018877 -0.25391141 0.56276441
0.03809874 -0.21221168 0.29004103
-0.01921719 -0.42971158 0.44671327
0.11477698 -0.45265099 0.18264927
-0.00230861 -0.72538704 0.74030983
0.09125784 -0.63974047 0.21079092
-0.01829989 -0.62057960 0.67318785
-0.03026053 -0.37918392 0.51046944
0.02400115 -0.69096518 0.31823620
-0.03017328 -0.69135106 0.57405227
-0.02548202 -0.70396262 0.47333315
0.32677916 -0.41036433 0.03807855
0.10578129 -0.66409177 0.19341299
0.15249445 -0.10466275 0.14273429
0.29292542 -0.24541417 0.05277711
0.00769294 -0.28408748 0.35085264
0.32349840 -0.35533464 0.03950299
-0.01242804 -0.35095787 0.41786546
-0.02560990 -0.55660003 0.64250469
0.31060857 -0.24202403 0.04509947
-0.02503636 -0.35829508 0.47143948
0.10013425 -0.66689295 0.20016992
0.03477786 -0.70355946 0.29668278
0.05051446 -0.37416989 0.26520956
0.35090098 -0.38439569 0.02760537
0.10063073 -0.72303587 0.19957586
0.06371737 -0.44687018 0.24374427
-0.03021636 -0.23335217 0.54265726
0.13991225 -0.66925943 0.15257385
-0.03014703 -0.65026897 0.59318441
0.23314959 -0.10717855 0.08241569
0.32094759 -0.07157920 0.04061049
-0.03020018 -0.02946029 0.55445200
0.00225618 -0.62459397 0.36172616
0.07361579 -0.32797021 0.23190038
0.29803282 -0.28923559 0.05055958
0.10585528 -0.47675839 0.19332446
0.18379955 -0.19293773 0.11932252
0.10399842 -0.22353178 0.19554627
-0.02826364 -0.56053424 0.63136590
0.31321678 -0.60232550 0.04396704
-0.02475904 -0.58641154 0.64607614
0.33538899 -0.27069727 0.03434034
0.35632837 -0.02723855 0.02524891
-0.03027965 -0.07329360 0.49653074
-0.03014205 -0.29904240 0.59681493
-0.02112172 -0.02562201 0.66134346
0.21662331 -0.67688900 0.09477500
0.16424921 -0.15490294 0.13394339
-0.03027871 -0.69106734 0.49722263
-0.00759615 -0.61222029 0.39733425
0.00949838 -0.07569733 0.34724176
-0.03012803 -0.03211804 0.60703599
0.18007991 -0.29670289 0.12210427
0.05617405 -0.58446890 0.25389037
-0.03027434 -0.35038063 0.50040227
-0.01404109 -0.13882324 0.42471948
-0.03025664 -0.19829215 0.51330441
0.26722693 -0.67316419 0.06393483
-0.02136922 -0.33105436 0.66030461
0.06262677 -0.69565654 0.24504921
0.23083976 -0.25662655 0.08414312
0.10434007 -0.10563505 0.19513749
0.16808112 -0.09387806 0.13107768
-0.01343391 -0.24911802 0.69361234
0.23262583 -0.47801855 0.08280739
-0.03017885 -0.11648966 0.56999809
-0.03012207 -0.72180849 0.61137879
-0.00707620 -0.37839511 0.72029829
0.09297122 -0.30395439 0.20874079
-0.03023649 -0.21314949 0.52798861
0.01846568 -0.18157949 0.32930717
0.19651060 -0.69680297 0.10981645
0.13575584 -0.56752926 0.15754718
0.07881548 -0.23987779 0.22567873
0.11900656 -0.65617836 0.17758839
0.14639874 -0.41345334 0.14729300
0.30696473 -0.58939439 0.04668155
-0.00482000 -0.70892966 0.72976851
0.14140567 -0.43070975 0.15102711
0.09232526 -0.40775770 0.20951369
0.33130318 -0.34364653 0.03611432
-0.00146668 -0.38238221 0.37128949
-0.01674407 -0.45458665 0.67971826
-0.01875520 -0.24281183 0.44475022
-0.00750265 -0.65987426 0.71850830
-0.03022969 -0.53792357 0.53294373
0.07164557 -0.02987887 0.23425783
-0.01772585 -0.05555868 0.44037637
0.14263231 -0.04748822 0.15010977
-0.00928104 -0.64608032 0.40449354
0.18654859 -0.61046016 0.11726662
-0.02646569 -0.62982124 0.47751290
0.29931951 -0.55777353 0.05000094
-0.03017717 -0.41251782 0.57122272
-0.03010635 -0.07342369 0.62283158
0.23534098 -0.22054259 0.08077684
-0.01270407 -0.50042731 0.41903836
0.11250989 -0.03007898 0.18536194
-0.00974056 -0.70077825 0.70911485
-0.03023375 -0.11599271 0.52998286
0.34347686 -0.31619740 0.03082877
0.19340278 -0.11123521 0.11214066
0.07059912 -0.28240690 0.23550995
0.20597468 -0.01964091 0.10273866
0.09523478 -0.56339210 0.20603234
-0.01118062 -0.33775306 0.41256505
-0.03014280 -0.72568023 0.59626901
-0.02761796 -0.50058162 0.48240900
-0.01490870 -0.61714613 0.42840606
0.07085931 -0.44482133 0.23519863
-0.01776263 -0.72030377 0.67544293
0.07443666 -0.05315625 0.23091817
-0.00046471 -0.59185296 0.74804938
-0.02702472 -0.65508312 0.63656616
0.34801799 -0.60823965 0.02885710
0.12730518 -0.17679799 0.16765873
0.21826524 -0.00305659 0.09354708
-0.02830789 -0.32294375 0.63118017
-0.03024550 -0.08880788 0.52142262
0.04947859 -0.35710374 0.26728129
0.19693314 -0.12328161 0.10950046
0.13836005 -0.45904192 0.15443110
-0.02830909 -0.57328981 0.48534569
-0.02014499 -0.01217536 0.66544318
-0.03016683 -0.40050414 0.57875305
0.28243110 -0.50341916 0.05733352
0.13295999 -0.22712286 0.16089253
0.22301164 -0.55090135 0.08999744
-0.03020185 -0.69105995 0.55323219
-0.01769306 -0.24152319 0.44023708
-0.01569147 -0.09903342 0.68413645
0.05320880 -0.51051176 0.25982088
-0.01412586 -0.58643085 0.42507970
-0.00943307 -0.63497663 0.71040553
0.05179195 -0.23974508 0.26265457
-0.03012386 -0.68722844 0.61007094
0.05100813 -0.39457151 0.26422223
0.30555558 -0.17608500 0.04729337
-0.03027525 -0.21545111 0.49974340
0.16453272 -0.44524688 0.13373137
-0.03011724 -0.05981641 0.61489612
-0.01185836 -0.12249728 0.41544485
0.35094547 -0.30045113 0.02758606
-0.03021952 -0.36730269 0.54035652
-0.03018650 -0.40545234 0.56441927
0.31130719 -0.52663743 0.04479614
-0.00442235 -0.52298707 0.73143762
0.08798116 -0.40519574 0.21471159
-0.03027004 -0.55452627 0.50354022
0.09711669 -0.25415716 0.20378056
-0.02185134 -0.66039121 0.45790601
-0.00990682 -0.58824873 0.70841700
0.13742296 -0.12395165 0.15555239
-0.03014637 -0.52966744 0.59366530
0.12282484 -0.26379409 0.17301966
-0.03021512 -0.53315902 0.54356021
0.06843604 -0.16332527 0.23809817
0.32699966 -0.57961333 0.03798281
0.00887057 -0.22885564 0.34849739
-0.01177954 -0.12719439 0.41510993
-0.02561552 -0.45885855 0.64248115
-0.03023957 -0.21055081 0.52574044
0.32794842 -0.19767541 0.03757088
-0.02683305 -0.31829026 0.63737065
-0.03026504 -0.62319309 0.50718057
-0.01211964 -0.63006479 0.69912893
0.30832970 -0.46879789 0.04608890
0.02352889 -0.11472096 0.31918073
0.04180145 -0.41466185 0.28263560
-0.00716935 -0.41677910 0.71990728
-0.02471728 -0.05535311 0.47008371
0.18072833 -0.58364248 0.12161935
0.05515113 -0.45198357 0.25593624
-0.01548075 -0.23802841 0.68502092
-0.00751456 -0.31376997 0.71845829
0.28713849 -0.65109718 0.05528966
0.22066827 -0.41024098 0.09174994
0.15628390 -0.55521196 0.13990031
-0.02085512 -0.45143461 0.66246247
-0.03018359 -0.61597043 0.56654119
-0.03027785 -0.60148615 0.49784535
0.04820667 -0.56309271 0.26982516
0.28695101 -0.63543981 0.05537107
0.23152195 -0.28533345 0.08363293
0.02062331 -0.47080925 0.32499188
0.10834157 -0.51180243 0.19034950
-0.03020281 -0.26697370 0.55253285
0.09045154 -0.11078337 0.21175569
-0.00889136 -0.13042873 0.71267933
0.24447241 -0.14424533 0.07394783
-0.01032842 -0.49289763 0.70664734
0.00373232 -0.06447878 0.35877389
0.02781416 -0.29389706 0.31061018
0.14769669 -0.12971573 0.14632232
-0.03022740 -0.50342190 0.53461015
0.28423721 -0.63296223 0.05654934
0.31485096 -0.64596564 0.04325752
-0.03015251 -0.00921623 0.58918965
-0.02148746 -0.31056049 0.65980828
-0.01866356 -0.30295065 0.67166138
-0.00045384 -0.33020389 0.36714622
0.20090100 -0.51517063 0.10653306
0.07918209 -0.17458422 0.22524007
0.12307157 -0.44593492 0.17272444
-0.03011506 -0.02824461 0.61648464
0.15204456 -0.16587673 0.14307074
-0.00430632 -0.33756208 0.73192465
-0.03028207 -0.49018496 0.49476969
0.25874242 -0.47549635 0.06761863
0.30043092 -0.30577552 0.04951838
-0.02058617 -0.33173659 0.45253018
-0.00105509 -0.13804196 0.36954060
-0.02359043 -0.16118111 0.65098125
0.20387633 -0.09000509 0.10430793
0.00704017 -0.36145511 0.35215819
0.00873466 -0.24689677 0.34876919
0.11671382 -0.38577586 0.18033175
0.01769777 -0.36889434 0.33084297
-0.01494651 -0.68448347 0.42856669
-0.03011074 -0.58290094 0.61963451
0.01025189 -0.16368000 0.34573475
-0.02703011 -0.01840915 0.63654351
0.14608601 -0.21755463 0.14752689
0.27419090 -0.18761599 0.06091123
0.35540405 -0.05790075 0.02565024
-0.02223413 -0.20485106 0.65667421
0.26679504 -0.46397150 0.06412235
0.10224796 -0.23963945 0.19764076
-0.03010665 -0.22012760 0.62261832
-0.03023942 -0.52557224 0.52585214
-0.02016376 -0.51583052 0.45073533
-0.02487795 -0.01344790 0.64557701
-0.00016873 -0.47266674 0.36657599
0.14141323 -0.18385187 0.15102147
-0.03025055 -0.18508606 0.51773798
0.08266394 -0.67875367 0.22107388
-0.01098436 -0.35053217 0.70389414
0.02668555 -0.46566206 0.31286740
0.34424800 -0.00582511 0.03049396
0.30302885 -0.39272559 0.04839042
0.14380583 -0.61236095 0.14923213
0.05737503 -0.71385556 0.25148842
-0.02588167 -0.06319223 0.47503129
0.31052905 -0.21467212 0.04513399
-0.00595794 -0.45395100 0.39037332
0.09641870 -0.58955693 0.20461573
-0.00782912 -0.47430354 0.39832416
0.23057120 -0.28872159 0.08434397
0.05142893 -0.68815655 0.26338065
0.00388276 -0.28315645 0.35847300
0.14494276 -0.19277416 0.14838187
0.18032025 -0.65026933 0.12192454
-0.02584060 -0.49190459 0.47485679
0.15076877 -0.51264292 0.14402485
0.13116114 -0.42736167 0.16304491
-0.03017932 -0.21583340 0.56965226
0.16008110 -0.59366125 0.13706054
0.05227365 -0.40282929 0.26169118
0.24077527 -0.63404989 0.07671276
-0.03017321 -0.34725282 0.57410729
0.22803275 -0.32076252 0.08624236
-0.03012163 -0.60653466 0.61169970
0.17975399 -0.35263616 0.12234803
-0.02151470 -0.20475994 0.45647565
-0.03012900 -0.42518774 0.60632670
0.22031681 -0.09835146 0.09201279
-0.03013572 -0.25310600 0.60143209
-0.03012053 -0.02557915 0.61250246
-0.00759332 -0.38123205 0.71812773
0.18156219 -0.61772019 0.12099575
0.17538917 -0.31329307 0.12561229
-0.00877604 -0.10109328 0.71316332
0.06213427 -0.04407913 0.24563850
-0.01096696 -0.06771801 0.41165721
0.21578579 -0.71717578 0.09540135
-0.03020541 -0.13120787 0.55064213
0.03572365 -0.22871460 0.29479119
-0.03025651 -0.31894729 0.51339865
0.15295379 -0.57020700 0.14239077
0.30946633 -0.61309224 0.04559540
0.20635350 -0.52231073 0.10245536
0.24139263 -0.57931799 0.07625107
0.16826282 -0.13878989 0.13094178
-0.00687913 -0.03383226 0.72112548
0.33963346 -0.70228016 0.03249748
-0.03010672 -0.05269521 0.62256575
0.12959801 -0.36205372 0.16491528
0.10345817 -0.52547729 0.19619270
0.08672774 -0.12042543 0.21621138
-0.03025366 -0.71166003 0.51547605
0.33025318 -0.62973732 0.03657020
-0.02441576 -0.16127700 0.64751703
0.25089851 -0.34595907 0.07102429
-0.00659469 -0.14564380 0.72231936
-0.03027454 -0.25265548 0.50025707
0.02828774 -0.50806850 0.30966303
0.21452084 -0.66990840 0.09634735
0.05397483 -0.44362491 0.25828883
0.02759241 -0.45559552 0.31105369
-0.00987581 -0.22882308 0.40702078
-0.01793075 -0.42053846 0.44124705
0.33804154 -0.64504349 0.03318866
0.30846527 -0.36936441 0.04603004
0.02553762 -0.32011929 0.31516328
0.34645671 -0.25207627 0.02953498
0.08268411 -0.69749528 0.22104976
0.00962478 -0.19352837 0.34698895
0.22138204 -0.71914536 0.09121615
0.18725134 -0.06274009 0.11674106
0.08806931 -0.14905120 0.21460612
0.00112744 -0.17218761 0.36398363
-0.00300919 -0.56162721 0.73736918
0.18146403 -0.24109651 0.12106915
0.25383025 -0.20378964 0.06975138
0.24879715 -0.41700426 0.07193665
-0.02317545 -0.05604711 0.46353230
0.09615435 -0.18008986 0.20493205
-0.00569455 -0.15149398 0.72609764
0.22129890 -0.11283989 0.09127831
0.01139907 -0.42882720 0.34344038
-0.02427730 -0.57174915 0.64809823
-0.03027403 -0.43119609 0.50063044
0.13389753 -0.68031192 0.15977071
-0.02911087 -0.30842724 0.48875251
0.26922634 -0.36927781 0.06306674
-0.01359929 -0.55602336 0.69291818
0.34442925 -0.58445197 0.03041526
-0.03018110 -0.18369268 0.56835312
-0.00389191 -0.18940440 0.73366404
-0.01556632 -0.56092542 0.68466175
0.09788682 -0.46779215 0.20285906
-0.03011104 -0.54084849 0.61941439
0.03511823 -0.16729908 0.29600203
-0.00453770 -0.43444940 0.38433859
0.07608967 -0.01816567 0.22894028
0.26004303 -0.03476509 0.06705393
-0.00808291 -0.00239360 0.39940253
0.11682488 -0.19659068 0.18019886
0.01766581 -0.24835473 0.33090690
-0.03015826 -0.11699738 0.58499980
-0.00516335 -0.59199721 0.38699704
-0.03013528 -0.54761696 0.60175025
0.22183274 -0.69652522 0.09087909
0.26112172 -0.32365233 0.06658559
0.25549704 -0.48820716 0.06902771
-0.02950372 -0.01089835 0.62616080
-0.00640219 -0.68727314 0.39226103
0.05017509 -0.07779191 0.26588830
0.00628359 -0.12479211 0.35367134
0.22130756 -0.52642596 0.09127185
-0.00861288 -0.27835801 0.40165445
-0.00559685 -0.50081426 0.72650772
-0.03020536 -0.70532775 0.55067331
-0.00375963 -0.67789131 0.38103247
-0.02744405 -0.58907175 0.63480610
-0.03023658 -0.03999951 0.52792585
0.02234540 -0.20027699 0.32154772
0.08108333 -0.02166969 0.22296515
0.16612332 -0.16013557 0.13254182
0.12169825 -0.38480249 0.17436767
0.32141581 -0.62381226 0.04040720
0.16200475 -0.46232656 0.13562192
0.21019389 -0.13669494 0.09958330
0.05202118 -0.68870217 0.26219612
-0.01454232 -0.12125624 0.68895990
-0.03019677 -0.13444579 0.55693442
-0.00233092 -0.45724404 0.74021614
0.07776899 -0.47093627 0.22693090
0.25541481 -0.60144740 0.06906341
0.20659506 -0.60580879 0.10227471
0.11342567 -0.02677665 0.18426616
-0.03022814 -0.33873630 0.53407532
0.23921657 -0.08223861 0.07787845
-0.02718674 -0.42557579 0.63588607
0.02946610 -0.09731464 0.30730632
0.12615573 -0.29491714 0.16903411
0.27265641 -0.04585960 0.06157747
0.12904671 -0.45825553 0.16557492
-0.00716261 -0.39566591 0.71993560
0.31010601 -0.50514632 0.04531767
0.28651011 -0.47161582 0.05556250
0.35661668 -0.62392479 0.02512374
0.09827469 -0.14992361 0.20239496
-0.03026807 -0.59075838 0.50496912
-0.00406654 -0.12490592 0.73293108
-0.01204292 -0.59806132 0.41622904
-0.01598050 -0.55074817 0.68292326
-0.02101850 -0.22114933 0.66177672
-0.00176361 -0.57383746 0.37255120
0.13311191 -0.49163491 0.16071075
0.22419418 -0.06594215 0.08911306
0.30066448 -0.57251322 0.04941697
-0.03027862 -0.14659522 0.49728143
0.12868115 -0.07664655 0.16601233
0.05106228 -0.63559771 0.26411393
0.05646838 -0.25770515 0.25330171
0.21717945 -0.35124600 0.09435908
0.31018308 -0.48190525 0.04528421
-0.01839460 -0.72266817 0.44321799
-0.03012021 -0.14229409 0.61273289
0.04077034 -0.53657889 0.28469780
0.01232502 -0.68002617 0.34158847
-0.00541603 -0.70075715 0.72726673
-0.02735094 -0.49931791 0.48127437
-0.02794180 -0.24438539 0.63271683
-0.01306230 -0.28978321 0.69517213
0.02030967 -0.24190471 0.32561919
-0.01331951 -0.02004875 0.42165342
0.27202648 -0.41833454 0.06185098
0.00317621 -0.44571033 0.35988611
0.24232416 -0.54413283 0.07555441
0.30291086 -0.33611348 0.04844164
-0.03013847 -0.52876997 0.59942526
-0.03023588 -0.50926906 0.52843535
0.01684403 -0.58623117 0.33255047
0.28628930 -0.61236858 0.05565837
-0.01239999 -0.57277334 0.41774631
-0.03016257 -0.12283543 0.58186078
-0.02713903 -0.60211921 0.48037398
0.00280973 -0.29835355 0.36061907
0.02124667 -0.48303023 0.32374516
0.03000337 -0.33318087 0.30623177
-0.03014228 -0.38459045 0.59664565
0.35365123 -0.00527921 0.02641128
-0.00637702 -0.29416066 0.72323304
-0.02683410 -0.28798962 0.63736629
-0.02888857 -0.41230997 0.48780793
0.22814353 -0.00108240 0.08615950
0.20243789 -0.60178381 0.10538368
0.19518758 -0.20973550 0.11080588
-0.03018401 -0.15141277 0.56623894
-0.01421888 -0.46250838 0.69031751
0.02706696 -0.41207969 0.31210458
-0.03020621 -0.60907614 0.55005533
0.06372155 -0.06997404 0.24373928
0.01725142 -0.61519414 0.33173567
-0.02734418 -0.70776206 0.63522524
-0.01145632 -0.54413259 0.41373652
0.09880319 -0.08101393 0.20176259
-0.00449810 -0.20938931 0.73111963
-0.00425996 -0.00801278 0.73211920
-0.03020900 -0.12051000 0.54802144
-0.02078829 -0.49168509 0.66274297
0.02344353 -0.49408817 0.31935146
-0.02455339 -0.57812363 0.46938732
0.24886782 -0.69219828 0.07190596
0.04734218 -0.47513092 0.27155411
-0.02657659 -0.61184013 0.63844711
0.04228879 -0.52379709 0.28166091
0.17476669 -0.64731872 0.12607782
0.11596218 -0.04123723 0.18123113
-0.01718210 -0.45084387 0.67787969
-0.01124807 -0.45237011 0.70278722
0.17792736 -0.09421451 0.12371407
0.33134067 -0.08767973 0.03609803
-0.02641451 -0.59591740 0.63912743
0.05412856 -0.29645523 0.25798136
-0.02932200 -0.64677656 0.62692356
-0.00641434 -0.71497262 0.72307640
0.10420582 -0.61671692 0.19529812
-0.02765080 -0.04224637 0.48254853
-0.02298538 -0.25986689 0.46272469
0.10238130 -0.26608032 0.19748123
-0.02218972 -0.16399463 0.45934385
0.24508035 -0.07960884 0.07355040
0.02708212 -0.11076693 0.31207424
-0.03019742 -0.20249012 0.55646628
0.27593952 -0.43303102 0.06015201
-0.03022863 -0.38023841 0.53371662
-0.02595324 -0.54822087 0.64106357
0.02056389 -0.21923062 0.32511073
-0.00900487 -0.17651248 0.40332004
0.20151274 -0.72520673 0.10607556
0.13336368 -0.21510051 0.16040950
0.20420924 -0.28362343 0.10405896
-0.02578476 -0.51372617 0.47461954
-0.00215074 -0.21098731 0.74097246
0.04774288 -0.63801122 0.27075273
0.02653221 -0.31840450 0.31317410
0.00251291 -0.69238305 0.36121270
-0.00548636 -0.18939394 0.72697151
-0.00891742 -0.22125091 0.40294850
-0.00081384 -0.30177957 0.36851555
0.01372703 -0.43541336 0.33878446
-0.01409257 -0.29070914 0.69084769
0.20363604 -0.22727728 0.10448764
0.16110308 -0.30410016 0.13629626
0.00967115 -0.69672996 0.34689623
-0.03017469 -0.38850933 0.57303137
0.33960292 -0.43270209 0.03251074
-0.02458582 -0.48483875 0.46952513
-0.01955427 -0.12892660 0.66792268
-0.03014143 -0.35072550 0.59726632
0.05955297 -0.65232188 0.24872714
-0.00167225 -0.64268321 0.74298090
-0.03022094 -0.09783822 0.53931856
0.03000930 -0.02199572 0.30621991
-0.03020549 -0.06494425 0.55058253
-0.01678217 -0.55435210 0.43636659
0.35040817 -0.37512755 0.02781934
-0.01714037 -0.62851185 0.43788865
0.27480474 -0.38208276 0.06064471
0.21649997 -0.06139543 0.09486724
0.19938588 -0.64422429 0.10766615
0.33904678 -0.59522206 0.03275222
-0.00694525 -0.14700176 0.39456853
-0.03026162 -0.10790917 0.50967252
0.34696403 -0.57504821 0.02931471
-0.03016657 -0.67817706 0.57894695
-0.02493831 -0.55953819 0.64532369
0.35784417 -0.62316257 0.02459078
0.02419571 -0.16374294 0.31784710
0.00579013 -0.37814552 0.35465825
0.26336783 -0.44546252 0.06561038
-0.02786322 -0.39173481 0.48345113
-0.01240832 -0.07527491 0.69791722
-0.03015303 -0.13027309 0.58881265
-0.00810404 -0.57666558 0.39949235
0.30941448 -0.33844912 0.04561792
-0.03013625 -0.53120583 0.60104364
-0.00907971 -0.40265623 0.71188873
0.30529228 -0.42812303 0.04740769
0.09539521 -0.13388844 0.20584039
0.06191480 -0.59797627 0.24590112
0.35010263 -0.15133221 0.02795199
0.23257495 -0.54258662 0.08284543
-0.03012250 -0.52259570 0.61106616
0.27651778 -0.28847215 0.05990095
-0.01289260 -0.15467805 0.41983944
-0.03023731 -0.04456804 0.52739447
0.01724745 -0.41741228 0.33174363
0.24977036 -0.29196936 0.07151411
0.18450230 -0.58738852 0.11879696
0.01125538 -0.71762520 0.34372777
-0.00780102 -0.02623396 0.71725589
0.10456854 -0.56563288 0.19486409
0.05135880 -0.29675570 0.26352090
0.01013281 -0.03956485 0.34597290
0.19810283 -0.59141958 0.10862570
-0.00776238 -0.31141233 0.39804059
0.00033104 -0.69847411 0.36557645
0.00353230 -0.50914097 0.35917392
-0.03020168 -0.40828109 0.55335575
0.10250923 -0.48248237 0.19732815
0.23256707 -0.40264270 0.08285133
0.02731092 -0.41223440 0.31161669
-0.02539431 -0.25700593 0.64340961
-0.00811711 -0.27947846 0.71592915
0.19839805 -0.44771412 0.10840490
0.04850547 -0.62895948 0.26922753
0.12936087 -0.59092742 0.16519903
0.28032067 -0.29662541 0.05824981
0.11876687 -0.19020943 0.17787519
0.06224668 -0.25692040 0.24550401
-0.03026377 -0.10091527 0.50810719
0.16150096 -0.02492392 0.13599870
0.22494723 -0.21318325 0.08854989
-0.02483731 -0.40469813 0.47059372
-0.01246842 -0.64041489 0.41803706
-0.02518271 -0.70648301 0.64429784
0.04656458 -0.52654648 0.27310935
-0.01146333 -0.06395824 0.41376629
-0.01439312 -0.19597341 0.42621532
0.32785919 -0.33523795 0.03760963
-0.03016918 -0.37280115 0.57704628
0.15098518 -0.39733532 0.14386301
0.33885214 -0.00894949 0.03283672
-0.00664802 -0.58811283 0.39330557
0.25109193 -0.32632503 0.07094031
-0.03014840 -0.12649673 0.59218812
-0.01902732 -0.20545775 0.44590646
0.23689994 -0.61897844 0.07961095
0.09585915 -0.28945932 0.20528527
0.21906422 -0.10577875 0.09294954
0.09985393 -0.27581128 0.20050535
0.22279151 -0.71806759 0.09016207
-0.01231036 -0.07611007 0.69832838
0.02370327 -0.42637265 0.31883198
0.00815062 -0.41648385 0.34993729
0.02448174 -0.00980738 0.31727502
-0.01929843 -0.62021005 0.44705844
-0.00711807 -0.61046726 0.39530286
0.01151651 -0.24091139 0.34320551
0.29219493 -0.54932672 0.05309428
-0.02186864 -0.57269877 0.45797953
0.33088869 -0.49914169 0.03629427
0.09437899 -0.41068164 0.20705633
-0.03015359 -0.70920628 0.58840787
-0.01863151 -0.26327255 0.67179590
0.19245775 -0.41797426 0.11284740
0.00650591 -0.38914180 0.35322669
-0.02610517 -0.21575348 0.64042586
-0.03027698 -0.11333303 0.49848196
0.21633330 -0.17632480 0.09499189
-0.00550430 -0.16465759 0.72689617
0.07849095 -0.43995988 0.22606705
0.20532858 -0.08411489 0.10322186
0.17119627 -0.60387903 0.12874798
-0.02916735 -0.64294845 0.62757266
0.07300623 -0.37502491 0.23262975
-0.02848206 -0.05931243 0.48608065
-0.03028299 -0.44984972 0.49410102
-0.02022094 -0.36399046 0.66512442
0.09921826 -0.57518369 0.20126593
-0.03014309 -0.23592097 0.59605557
0.11798444 -0.43380016 0.17881140
0.07931285 -0.57093775 0.22508362
0.01658095 -0.55187696 0.33307660
-0.02031161 -0.36769667 0.66474384
-0.03017272 -0.61891073 0.57446277
0.09326970 -0.52130747 0.20838365
0.13645214 -0.58184439 0.15671402
0.35371307 -0.54854184 0.02638442
-0.01971417 -0.43749452 0.66725153
-0.00453951 -0.44550744 0.38434628
0.07282822 -0.67397690 0.23284274
0.12060714 -0.43025234 0.17567323
-0.03021068 -0.01176702 0.54679865
0.05031842 -0.22424057 0.26560163
0.15391584 -0.14284907 0.14167129
0.32612455 -0.25377011 0.03836276
-0.03011758 -0.50815254 0.61464971
-0.03028158 -0.18143328 0.49512491
0.00949800 -0.66374618 0.34724253
0.19891442 -0.05895914 0.10801873
0.33990040 -0.59419394 0.03238159
0.13138840 -0.60097790 0.16277300
0.31551817 -0.72051662 0.04296782
-0.03021608 -0.07367890 0.54286593
-0.00645087 -0.24143186 0.72292304
-0.03027623 -0.28405881 0.49902683
-0.02234061 -0.06361894 0.45998502
0.10123683 -0.10541655 0.19885065
-0.03013980 -0.39482805 0.59845805
0.22549532 -0.24186707 0.08814000
0.21106049 -0.19511133 0.09893519
-0.02019553 -0.43682677 0.45087031
-0.02612243 -0.46962616 0.64035344
-0.03027908 -0.00790578 0.49695116
-0.01911296 -0.64705873 0.66977507
-0.02205261 -0.03797050 0.45876125
-0.01971751 -0.60863286 0.66723752
0.30336618 -0.61266476 0.04824395
0.09274159 -0.06989249 0.20901555
-0.00988905 -0.22071420 0.40707704
0.17216417 -0.10389842 0.12802413
-0.03023059 -0.44645047 0.53228468
-0.03013236 -0.24139355 0.60388047
0.04215918 -0.04384767 0.28192014
0.02534694 -0.15565263 0.31554464
0.05709740 -0.44145647 0.25204369
0.18178377 -0.58224148 0.12083003
-0.02076047 -0.40447748 0.45327082
0.26613644 -0.47890702 0.06440831
-0.03014263 -0.49662858 0.59639460
0.18520372 -0.33276922 0.11827239
-0.03024941 -0.40714958 0.51857561
0.11478747 -0.37488091 0.18263672
0.05518656 -0.45293874 0.25586537
-0.03014305 -0.72133595 0.59609002
0.03001086 -0.20505957 0.30621678
0.17994122 -0.45991856 0.12220800
-0.02236080 -0.56402594 0.65614253
0.02754577 -0.16243239 0.31114697
0.05920454 -0.08276697 0.24914406
0.10517578 -0.71408319 0.19413751
-0.01374429 -0.68949997 0.69230956
0.00322835 -0.60927051 0.35978183
0.35908210 -0.28104812 0.02405330
-0.01092481 -0.48277956 0.70414406
0.20693080 -0.66538364 0.10202362
0.15824392 -0.01003626 0.13843450
0.03958198 -0.60209787 0.28707454
0.17232811 -0.18822689 0.12790152
-0.03017956 -0.67926580 0.56948024
-0.00102361 -0.10915861 0.36940688
-0.00844819 -0.69271487 0.40095469
0.11257277 -0.23331584 0.18528670
-0.03026212 -0.69213265 0.50930965
-0.02579317 -0.24002919 0.47465527
0.25815383 -0.51836002 0.06787419
0.01959487 -0.53762889 0.32704878
-0.01864561 -0.58400512 0.67173672
-0.01084611 -0.43547353 0.70447445
0.28958815 -0.20340382 0.05422607
0.26458818 -0.31346798 0.06508053
-0.00050408 -0.32535395 0.74788415
0.01825944 -0.37925914 0.32971963
0.34858978 -0.69876838 0.02860885
-0.02537247 -0.22559112 0.47286770
-0.03015436 -0.40544343 0.58784527
0.17444147 -0.25549951 0.12632102
-0.01958832 -0.37720057 0.66777974
0.06808963 -0.10391902 0.23851268
0.03496340 -0.36142004 0.29631171
0.06467887 -0.58254051 0.24259380
-0.01200120 -0.06407322 0.69962603
0.02179708 -0.06077300 0.32264435
-0.00446769 -0.70146322 0.73124731
-0.03018378 -0.11414136 0.56640482
0.34038037 -0.46896514 0.03217320
-0.03015873 -0.28112301 0.58466107
0.05631067 -0.70938313 0.25361714
-0.01262937 -0.63256669 0.69698936
0.00300557 -0.05424976 0.36022738
0.22823185 -0.01009762 0.08609346
-0.01410615 -0.18737964 0.42499593
-0.03023225 -0.48597679 0.53108275
0.31226531 -0.66125280 0.04438015
0.00008183 -0.69198400 0.36607486
0.21481872 -0.28072336 0.09612458
0.11971294 -0.66936523 0.17674318
-0.03024005 -0.36256126 0.52539343
0.31898758 -0.62802100 0.04146148
0.29808944 -0.20371974 0.05053500
-0.03023093 -0.00794136 0.53204119
0.15494949 -0.43734869 0.14089826
0.08595135 -0.54802215 0.21714036
0.12725121 -0.50594586 0.16772331
0.04021927 -0.36831591 0.28579995
-0.00199764 -0.20247617 0.74161512
-0.03022808 -0.40918639 0.53411680
-0.03025487 -0.53589940 0.51459032
0.03477518 -0.28144011 0.29668814
0.24407651 -0.45409605 0.07424390
0.04166447 -0.43841070 0.28290954
-0.00252204 -0.65166485 0.37577388
-0.00867468 -0.28686026 0.40191707
0.01414324 -0.64378107 0.33795205
0.17774822 -0.32302853 0.12384806
-0.03019399 -0.17203675 0.55896175
0.01639020 -0.58008367 0.33345813
-0.02551427 -0.50211328 0.47347018
0.30962411 -0.57799685 0.04552690
0.34120756 -0.24763042 0.03181404
0.26521969 -0.35057065 0.06480633
0.04259595 -0.57470626 0.28104660
0.34654829 -0.59974897 0.02949522
0.05111705 -0.30518493 0.26400438
0.00416918 -0.18338042 0.35790017
-0.00581765 -0.49530563 0.72558093
0.05534030 -0.45242962 0.25555789
-0.00405913 -0.19121081 0.38230509
-0.01519439 -0.10530999 0.42961994
-0.00202425 -0.09613802 0.37365869
0.26840812 -0.53330141 0.06342199
-0.02508990 -0.15239041 0.47166699
0.14783251 -0.52826846 0.14622074
-0.03020477 -0.43221745 0.55110365
0.05967880 -0.25136814 0.24857658
-0.03014088 -0.34794185 0.59766561
-0.03019847 -0.30193171 0.55569649
0.31635177 -0.09737122 0.04260590
-0.00652811 -0.40228388 0.72259885
0.08863568 -0.70256782 0.21392845
0.08896808 -0.40987527 0.21353070
-0.03013085 -0.17808463 0.60498023
0.00010897 -0.43571192 0.36602059
-0.00802435 -0.61367595 0.71631849
-0.02034915 -0.21211423 0.66458625
0.10881263 -0.01693033 0.18978587
-0.03025093 -0.50784039 0.51746804
-0.02925155 -0.53048575 0.48935029
0.34805584 -0.45602575 0.02884066
0.04647914 -0.62020367 0.27328020
0.32360610 -0.05234710 0.03945621
0.16240266 -0.37896752 0.13532434
0.35907468 -0.44297230 0.02405653
0.34653077 -0.41622630 0.02950282
-0.02272788 -0.34655267 0.46163055
0.10967161 -0.68217504 0.18875806
-0.00175159 -0.25912544 0.74264789
0.01206803 -0.55749661 0.34210247
-0.03025588 -0.65428030 0.51385468
-0.02592794 -0.24387430 0.47522792
0.21002111 -0.40875289 0.09971251
-0.00120765 -0.12272822 0.37018889
-0.00772716 -0.67981178 0.71756595
0.21539952 -0.50526738 0.09569022
0.10624820 -0.42285454 0.19285432
-0.00534372 -0.41944197 0.72757024
-0.01601705 -0.50000763 0.43311554
-0.00253910 -0.30164704 0.37584633
-0.03023886 -0.60944068 0.52626431
-0.03021816 -0.28485122 0.54134780
0.18762253 -0.43800473 0.11646346
0.17588718 -0.01601001 0.12523985
-0.03016963 -0.12062950 0.57671827
-0.01256760 -0.69055545 0.69724864
0.13752313 -0.64724284 0.15543254
0.05813007 -0.35172686 0.25042969
-0.02490193 -0.70524329 0.64547634
0.20777996 -0.63015521 0.10138857
0.01859290 -0.55641246 0.32905272
-0.00967653 -0.37387067 0.40617400
-0.00449949 -0.67316514 0.38417625
0.28137335 -0.16288438 0.05779276
-0.01206325 -0.34597835 0.69936562
0.16429071 -0.15171152 0.13391235
-0.02411885 -0.24572761 0.64876330
-0.00636097 -0.06896277 0.72330040
0.13403594 -0.17339769 0.15960510
-0.03017967 -0.39808363 0.56940085
0.03734884 -0.07957143 0.29154080
-0.00608580 -0.42572588 0.72445536
0.03047268 -0.09536109 0.30529314
-0.01099139 -0.27756658 0.41176099
-0.03028023 -0.14851639 0.49610966
0.15075529 -0.25899902 0.14403492
-0.01455858 -0.24508166 0.68889165
0.08078458 -0.01276958 0.22332262
-0.02603124 -0.61492705 0.47566685
0.15952678 -0.27214819 0.13747510
-0.02178525 -0.35038024 0.65855837
0.11850078 -0.35938099 0.17819357
0.25440690 -0.34641623 0.06950101
0.01953802 -0.47480205 0.32716247
0.08394952 -0.69554096 0.21953563
0.33205348 -0.18877068 0.03578855
-0.02204019 -0.38235185 0.65748829
-0.02530020 -0.29863989 0.47256058
0.26221839 -0.07336933 0.06610943
0.28546900 -0.50749981 0.05601452
0.24130091 -0.25222856 0.07631965
0.00146780 -0.06581403 0.36330292
-0.03026203 -0.47084993 0.50937277
0.34537208 -0.64366049 0.03000591
0.34728736 -0.32127443 0.02917433
0.03213846 -0.51483709 0.30196157
0.29576239 -0.21702968 0.05154536
0.31497341 -0.03293518 0.04320435
0.01012445 -0.64299113 0.34598961
0.28119758 -0.72515643 0.05786909
-0.02159237 -0.11171795 0.45680568
-0.03025652 -0.55860931 0.51338691
0.06137129 -0.60669351 0.24655145
0.25050429 -0.57664239 0.07119545
0.03245440 -0.58705592 0.30132970
0.02500877 -0.22279169 0.31622097
0.06218891 -0.60916847 0.24557313
-0.00274564 -0.01713629 0.37672397
0.14506802 -0.65530598 0.14828819
0.08767787 -0.55620486 0.21507449
0.18448077 -0.44527403 0.11881306
-0.02919755 -0.45648319 0.48912084
-0.03025294 -0.25427961 0.51600128
-0.03022322 -0.11512779 0.53766179
-0.01553250 -0.66556656 0.68480372
0.11932178 -0.11644244 0.17721123
0.02203516 -0.21818157 0.32216820
-0.00521039 -0.39458638 0.72812986
0.08450575 -0.35122028 0.21887007
0.30967161 -0.44479650 0.04550627
0.11176273 -0.26311705 0.18625595
-0.02875192 -0.17283747 0.48722729
-0.02366218 -0.17165184 0.65068012
0.13292705 -0.36883739 0.16093194
0.13928311 -0.07028167 0.15332665
0.11607675 -0.61032373 0.18109405
0.34477276 -0.55409664 0.03026611
0.22206464 -0.14392538 0.09070566
-0.03024372 -0.21416077 0.52271801
-0.00297970 -0.15720850 0.37771851
0.03795946 -0.45983678 0.29031956
0.23227270 -0.56639528 0.08307148
0.27454740 -0.39308587 0.06075646
-0.02072205 -0.45584193 0.66302103
0.02557812 -0.25714594 0.31508228
0.15830950 -0.68709540 0.13838544
0.35896426 -0.06294367 0.02410446
0.31076086 -0.67472512 0.04503335
0.22978300 -0.46642536 0.08493343
0.20147979 -0.42559394 0.10610020
0.22052097 -0.45782441 0.09186011
0.07413355 -0.59264731 0.23128086
-0.00302901 -0.69928980 0.37792802
0.21516740 -0.53634053 0.09586380
0.17530891 -0.13356559 0.12567231
-0.02453554 -0.53789937 0.46931148
-0.01338303 -0.34945643 0.42192331
0.28656712 -0.49718374 0.05553774
-0.03027691 -0.28711990 0.49853042
-0.03019771 -0.71307677 0.55625081
0.04345487 -0.52113605 0.27932876
-0.03025602 -0.29917720 0.51375276
0.11208342 -0.05977533 0.18587223
-0.03022690 -0.36323193 0.53498048
0.23261574 -0.61205894 0.08281493
-0.00166516 -0.23849854 0.74301064
-0.03011100 -0.31315455 0.61944443
-0.01906788 -0.11287219 0.66996425
0.00813093 -0.29677653 0.34997666
0.32186893 -0.44828263 0.04021046
-0.02432699 -0.12911980 0.46842530
0.29694623 -0.51595682 0.05103135
-0.02612476 -0.49170810 0.47606423
0.19310060 -0.34412962 0.11236665
0.03905480 -0.67574984 0.28812888
-0.01887549 -0.57135153 0.67077178
0.16622029 -0.20636065 0.13246930
0.26020253 -0.34060949 0.06698468
-0.02784160 -0.42812434 0.48335925
0.02845557 -0.72329521 0.30932736
-0.01916149 -0.17446737 0.66957134
-0.01337295 -0.23373413 0.42188048
0.07863937 -0.50706851 0.22588946
-0.00119892 -0.29221895 0.74496764
-0.00415909 -0.17752168 0.38272986
-0.02299576 -0.44109681 0.46276876
0.02349566 -0.54640359 0.31924719
0.20316623 -0.61701351 0.10483899
0.13095067 -0.71352309 0.16329674
0.11272799 -0.14646834 0.18510097
-0.00053971 -0.48403370 0.36735073
-0.02631442 -0.07958567 0.47687012
0.25759578 -0.36561239 0.06811648
-0.00820365 -0.01767114 0.71556592
0.00557011 -0.34112048 0.35509831
0.26263785 -0.05546477 0.06592732
-0.02399462 -0.71557444 0.46701306
0.22803456 -0.37734351 0.08624101
0.09120502 -0.45850810 0.21085411
-0.01969296 -0.07145815 0.66734052
0.13712789 -0.31144360 0.15590546
0.00254148 -0.24657844 0.36115557
-0.01756176 -0.69863474 0.67628610
-0.00093087 -0.72703630 0.74609274
0.26738197 -0.47501475 0.06386752
-0.03026583 -0.22269709 0.50660622
0.10883272 -0.10383713 0.18976183
0.32449120 -0.15066017 0.03907192
-0.01001304 -0.30539307 0.70797116
0.10403008 -0.38019997 0.19550839
0.27761206 -0.72066635 0.05942584
-0.02826680 -0.19369002 0.48516598
-0.00105495 -0.25853390 0.74557197
0.13555361 -0.66786623 0.15778914
0.24876429 -0.13078646 0.07195091
0.10525309 -0.63373101 0.19404502
0.14365688 -0.36929762 0.14934354
0.02974647 -0.19716330 0.30674556
0.26238626 -0.51724815 0.06603655
-0.00148421 -0.35775101 0.37136400
0.29564136 -0.03804748 0.05159791
-0.01903528 -0.72374320 0.44594032
-0.03019914 -0.29293290 0.55520755
0.26966813 -0.52437532 0.06287492
-0.03027807 -0.12947530 0.49768490
-0.01829536 -0.25364131 0.67320687
0.13790600 -0.51354939 0.15497442
-0.03027992 -0.35770175 0.49633500
-0.02658006 -0.41651240 0.63843256
-0.03019034 -0.37106812 0.56161916
0.15422677 -0.36860031 0.14143875
0.25050807 -0.71339768 0.07119380
0.04784032 -0.30599254 0.27055785
0.02719392 -0.25422007 0.31185067
-0.00901396 -0.42689276 0.40335870
0.06626637 -0.16652158 0.24069427
-0.00654635 -0.66742885 0.72252226
0.24048476 -0.18804657 0.07693002
-0.00890153 -0.30079192 0.71263665
-0.00851154 -0.56113070 0.40122384
0.11661975 -0.49461019 0.18044432
0.16365732 -0.51018083 0.13438605
-0.01053867 -0.27214751 0.70576489
0.35106874 -0.49442860 0.02753253
0.28886843 -0.23441482 0.05453857
0.03728504 -0.19949473 0.29166842
-0.03011918 -0.42334577 0.61348391
0.07866675 -0.04131996 0.22585669
-0.02308791 -0.28812584 0.65309054
0.02049479 -0.56544596 0.32524893
0.06404682 -0.30519387 0.24335007
-0.03010721 -0.14536452 0.62221104
0.06956794 -0.19335732 0.23674381
-0.02392636 -0.35545877 0.46672300
-0.03018147 -0.09055825 0.56808376
0.14143488 -0.33492789 0.15100528
-0.00993630 -0.04097718 0.40727779
0.23556314 -0.38390738 0.08061069
0.27272543 -0.39207101 0.06154750
-0.03017702 -0.48498759 0.57133341
0.08064564 -0.09567585 0.22348887
0.18914540 -0.56932473 0.11532458
-0.02743858 -0.03442831 0.63482904
0.31265181 -0.19063286 0.04421233
0.12918161 -0.43674734 0.16541353
0.31261861 -0.21202062 0.04422674
-0.02547464 -0.49543253 0.47330183
0.20158711 -0.70434594 0.10601994
0.01887891 -0.34368217 0.32848069
0.31032673 -0.70597273 0.04522184
0.14627145 -0.04913653 0.14738820
-0.01981658 -0.43286794 0.66682166
0.15213019 -0.50789094 0.14300671
-0.03018840 -0.40424529 0.56303334
-0.01216402 -0.65891922 0.41674364
-0.02456498 -0.03503258 0.64689070
0.25121051 -0.60182655 0.07088882
-0.03024813 -0.71599960 0.51950759
0.35180682 -0.47907495 0.02721208
0.14214605 -0.55655330 0.15047342
-0.03017038 -0.59384698 0.57616591
-0.03025844 -0.10988132 0.51198870
-0.03012434 -0.64779598 0.60972357
0.12958434 -0.00978493 0.16493164
