-0.03229200 -0.59151399 0.26199499
-0.27892300 0.50631797 -0.00783900
0.49554399 -0.31348100 -0.12160700
-0.57450098 -0.12261400 0.01941200
-0.00487200 -0.59243101 -0.02961900
0.00904900 0.57567900 0.22258200
-0.58636099 0.00164300 0.35199901
0.50836998 0.27460799 -0.09675800
0.57567102 -0.09052100 0.11896100
-0.16451401 0.55204701 0.19348300
0.32833999 -0.48998901 -0.18712300
0.51682299 0.26033601 0.45576200
-0.57490098 0.10342900 -0.21765301
0.37869200 -0.45214701 0.03535300
0.38121599 0.43248901 0.29155999
-0.14968300 0.55664802 -0.13796701
0.45390400 0.35552701 0.04671600
-0.40770999 -0.42993799 -0.31850100
0.27005801 0.50768900 -0.10629700
0.21471199 0.53324097 -0.10633100
0.01248600 0.57579398 0.42799601
0.32321900 -0.49376300 0.11247500
-0.14220200 -0.57618600 0.29961899
-0.58300298 0.05179600 0.43340600
-0.41540501 -0.42170501 0.22339500
-0.55359900 0.18239400 -0.21399200
-0.39230299 0.42574599 -0.07541900
-0.50603700 -0.30541199 -0.16932499
0.27001101 0.50771499 -0.15667900
-0.48512200 0.31899801 -0.14661300
0.51901102 -0.27386001 0.31609899
-0.02942400 -0.59161001 0.23135599
0.51366901 0.26566100 -0.15526401
0.50626099 -0.29538599 -0.01594300
0.56974697 0.11254100 -0.21143700
0.56669003 -0.14091700 -0.31196800
0.38633901 0.42753500 0.04992400
-0.46477401 -0.36585701 0.35912901
0.56702399 -0.13969600 0.34867901
-0.31930301 0.48129299 0.11971300
0.16636001 -0.56838000 0.27189299
0.09518000 0.56812602 0.39120400
-0.56411302 0.15211600 0.40802300
0.42512700 0.39002100 0.07708900
0.52280301 0.24827801 -0.32405999
-0.18498801 0.54569602 -0.27160600
0.14884800 0.55533600 0.48232400
0.40454900 0.40992299 -0.10062200
0.56507897 -0.14679600 -0.26898000
0.38941401 0.42456099 0.39171401
-0.32856399 0.47538099 0.34142300
-0.19122601 -0.56097901 0.09524200
-0.57060802 0.12455200 0.42480299
0.40318301 0.41124400 -0.24880201
-0.57926399 -0.09918500 -0.03153800
0.09575900 -0.58520502 -0.10837900
0.29083800 0.49630100 -0.23087500
0.55920398 0.15102699 0.28774700
-0.58620298 -0.02121700 -0.30851501
0.49990100 0.28890601 0.16358000
-0.20132200 0.54062903 0.19618800
0.57856798 -0.06898400 0.23640101
-0.11298000 -0.58174598 -0.18882300
0.11539500 -0.58052599 0.27456200
-0.48491499 0.31929901 -0.05842300
0.38973799 -0.44146499 0.09554200
-0.58577299 0.01042100 -0.25524101
0.39446300 -0.43689501 0.14408299
-0.02171100 0.57465100 0.28999701
-0.43488801 0.38294601 -0.27225801
-0.58300602 0.05176200 0.06522000
0.10205000 0.56648803 0.13007800
-0.58614701 -0.02205500 -0.08496600
-0.50280201 -0.31046000 0.25291300
-0.45948800 0.35574701 -0.06922500
0.44960499 -0.37819001 -0.03477400
0.40419400 -0.42748401 -0.13816400
0.57199597 -0.11784800 0.09466800
0.57243198 0.09739100 0.14831001
0.30049101 -0.50822902 -0.06855000
0.37613600 -0.45462000 0.29645500
-0.56675398 0.14351100 0.15029800
0.36640301 -0.46194401 0.20849200
0.53433001 0.22109300 -0.16707800
-0.22248700 0.53250700 -0.03230700
-0.03870400 0.57408297 0.18355601
0.44939199 -0.37845901 0.08299500
0.26144201 0.51241100 0.09747500
-0.52666098 -0.26459900 -0.30988801
-0.19167900 0.54361999 0.21800800
-0.19680899 0.54202902 -0.15516999
0.58143401 0.02547200 -0.08516900
-0.37811401 0.43774199 0.14596900
-0.24819900 0.52057499 -0.29668301
-0.20559700 -0.55652100 -0.31829500
0.39943501 -0.43208700 0.11867700
-0.34035900 0.46785101 -0.32212499
0.26728600 -0.52642602 -0.01735400
-0.30908599 -0.50503302 0.18454599
-0.55062401 -0.20818099 -0.29544300
-0.28219900 0.50479800 0.36906299
-0.24108499 -0.54109401 0.37262800
0.01142200 0.57575798 0.03924900
-0.57952201 0.08069700 0.04204800
0.04957900 0.57271999 0.36855200
0.35344601 -0.47149101 -0.29095501
0.57194197 -0.11824900 -0.12085600
-0.35032600 0.46123499 0.32439199
0.35779700 -0.46828499 0.06765300
-0.49283901 -0.32497400 0.25054801
-0.39450800 0.42388201 0.29597101
0.02373100 -0.59253800 0.18228801
-0.55711800 0.17226100 -0.20490900
0.29187700 0.49573201 0.47351101
-0.58487803 -0.04100600 -0.15838200
-0.06867800 0.57200098 0.00344500
0.42542100 0.38973701 -0.07955300
-0.26611701 -0.52947801 -0.31463200
0.50809902 0.27506599 -0.06188400
0.53683800 0.21517900 0.39418501
-0.37670499 0.43893400 -0.22725900
-0.54873699 -0.21361400 0.13894001
-0.24737200 0.52095902 -0.23166201
0.39922601 -0.43228900 0.32260600
0.22130001 -0.54792202 0.28471699
0.51705599 -0.27716100 0.16380100
-0.24289700 -0.54025298 0.24993300
0.55166799 -0.19575600 0.44362399
0.56605500 0.12601700 -0.00341000
-0.56730199 0.14081600 0.11438400
0.56918699 0.11458300 -0.05960000
-0.58236599 0.06131100 -0.13705300
-0.18612701 0.54534298 -0.08142400
0.15922800 -0.57007998 -0.21852399
0.12901500 0.56006199 0.24962300
-0.57986099 0.07902600 -0.13145500
-0.19424900 -0.56004101 0.34378299
-0.28444600 -0.52076298 0.42626199
0.46735299 0.33849800 0.16037300
0.26041099 0.51297599 -0.25714901
-0.46823999 -0.36080801 0.20248000
0.51688498 0.26023099 -0.15999000
-0.34053299 0.46774000 0.20195600
-0.28631201 -0.51957202 0.47281900
0.30193001 0.49022201 0.20918600
-0.52303898 -0.27176800 0.43294400
-0.43803501 0.37946600 -0.28852701
-0.47900599 -0.34512499 0.08228300
0.02858500 -0.59204900 0.12149100
0.40210599 0.41228601 0.36822399
0.06607500 -0.58827800 -0.01683800
0.43835700 0.37521499 -0.08774400
0.58143401 0.00676200 0.18351200
0.39215699 0.42190799 0.09609400
0.55620801 -0.17918301 0.22470300
-0.55485398 0.17877901 0.33276501
0.15175299 0.55464399 0.24914099
-0.20549500 -0.55655199 0.03403300
0.01762000 -0.59315199 0.12356000
-0.48587000 -0.33512601 -0.10053800
0.57783997 0.05718200 -0.28713500
0.29572201 -0.51084203 0.18136500
0.58125901 0.03175800 0.16367100
0.35259700 -0.47211701 -0.04639900
0.55541497 0.16485900 0.24105200
0.53271598 -0.24211700 0.25690600
0.56247801 -0.15629201 0.02186300
-0.55474001 0.17911001 0.05638600
-0.08898300 -0.58579397 -0.05007200
-0.40195999 0.41758099 -0.03589400
0.53830200 0.21172699 0.23137000
0.54968297 -0.20210600 -0.20508100
0.02758200 0.57493299 0.38502499
-0.50414699 -0.30850101 0.02525000
0.30195901 -0.50742400 0.32240799
0.29683501 -0.51023197 -0.14938000
0.54198998 0.20303001 0.00036200
0.05532300 0.57214200 0.08739100
-0.32724300 -0.49344200 0.17278200
0.09589800 0.56795502 0.42491001
-0.21544600 0.53577501 -0.07782400
0.58143401 -0.03701800 0.32830599
0.13216500 0.55931199 0.06357200
-0.20351900 -0.55716503 -0.21267900
-0.07881700 0.57029098 0.22407500
0.54338801 0.19973400 0.25860199
-0.54046500 0.22006400 -0.26614600
0.38056400 -0.45033699 0.44194201
0.53147602 0.22782600 -0.02907100
0.41251099 0.40222299 -0.11292700
0.44609100 -0.38263899 -0.09518100
-0.47706500 0.33073500 0.08237400
0.13789500 -0.57516402 -0.13856600
-0.34666899 0.46382400 -0.23445800
0.33013800 0.47144699 0.21713500
0.51944101 0.25591701 -0.13033099
0.55185002 0.17787400 -0.11579300
-0.57254499 0.11502300 0.32020000
-0.58500302 0.02193100 -0.32455999
-0.29511300 0.49673599 -0.03362500
0.16885699 0.55056697 -0.04651100
-0.37511799 -0.45749199 -0.05335700
-0.54672801 -0.21940100 -0.13224199
0.13379000 -0.57614201 0.43767500
-0.13901199 -0.57717502 -0.25406101
-0.21202400 -0.55452698 0.22278599
-0.48413399 -0.33765399 -0.13050000
0.42782000 0.38741699 0.36898500
0.13703300 0.55815202 -0.12776799
0.11119600 0.56430900 -0.15611300
-0.00970300 -0.59227002 0.32954299
0.19613600 -0.55761302 -0.02604900
-0.29896501 0.49427700 0.33568501
0.08022900 0.56963599 -0.06219300
0.13924401 -0.57484198 -0.20897900
-0.51712900 -0.28346300 0.06343700
-0.06632100 -0.58961600 -0.31561700
-0.54256803 -0.23137900 -0.19837400
-0.52513403 0.25040299 0.37636101
0.12721500 0.56049103 0.25035501
-0.56857002 -0.15179600 -0.06704400
-0.35211501 0.45972300 -0.12557900
-0.47211099 0.33795100 -0.24736400
-0.11751800 -0.58098000 0.33963001
0.22022800 -0.54833400 -0.14663200
-0.49690801 -0.31904599 0.46143800
-0.46177000 -0.37023300 0.02207000
0.26161101 -0.52953601 0.02809500
-0.32260901 -0.49640000 0.45967701
-0.58237100 -0.07846000 -0.12760900
0.22866400 -0.54508501 0.17027700
0.58143401 -0.03387100 -0.14931300
0.08892200 0.56876200 -0.14578301
-0.01979900 0.57471502 -0.31024599
0.56907099 -0.13222399 0.43288001
-0.58366603 -0.05911000 0.01950700
-0.51180899 0.27677399 0.15167899
-0.58639199 0.00118100 0.23986501
-0.50434202 -0.30821699 0.08893500
-0.22636300 -0.54792601 -0.19319101
-0.15331200 -0.57274002 -0.20713700
-0.26493800 -0.53002501 0.25039899
-0.48529801 -0.33596000 -0.02741700
0.50945300 0.27277899 -0.24610400
-0.57826400 -0.10410500 0.39687499
0.54078102 -0.22309799 0.40255499
-0.35592699 0.45649999 -0.19848000
-0.58492702 -0.04027800 0.28129300
0.17169200 0.54980999 -0.27269000
0.37426600 -0.45615101 0.11509800
-0.01998800 0.57470798 -0.12364900
0.16974300 0.55035597 0.16836201
0.58057302 0.03685800 -0.08181700
0.40307900 -0.42856199 0.11083100
0.57416499 -0.10171900 -0.09967100
-0.13716701 0.56044900 -0.24825400
0.53154498 -0.24487901 -0.23840301
0.58143401 -0.04177200 0.16822299
-0.36880600 0.44561201 0.25068501
0.57531399 -0.09318000 0.36079800
0.56610799 -0.14304000 -0.17297700
0.58143401 -0.02398600 0.45517799
-0.11860600 -0.58079702 -0.10909600
0.53258502 -0.24242800 -0.01009900
0.50910002 0.27337599 0.25207400
0.55442297 -0.18569900 0.18336600
-0.00474300 0.57521802 0.47579801
-0.36966100 -0.46210599 -0.21708700
0.58143401 -0.01428400 0.44446099
0.57616401 -0.08686100 -0.06262800
-0.11864300 -0.58079100 -0.09599400
0.08206400 -0.58666903 0.05623600
0.42253301 -0.40974799 0.38472500
0.41661301 0.39825600 0.45731601
0.14603899 -0.57322299 -0.20311800
-0.53926998 0.22243001 -0.05689900
-0.58264297 0.05717300 -0.04818600
0.18980899 0.54283297 0.05826600
-0.14148000 0.55919200 -0.07497100
-0.36113200 -0.46931699 -0.10559900
-0.02302800 0.57460701 0.36227399
-0.47500899 -0.35094801 -0.19709601
0.55447698 -0.18550000 -0.22952600
-0.07633900 -0.58792698 -0.09460200
-0.26600099 -0.52953202 0.31081301
-0.58648199 -0.00016200 0.27531800
0.10335100 0.56617802 0.30279601
-0.05999700 0.57337099 0.02823300
0.32598001 -0.49172801 0.32149401
0.25769901 -0.53167897 -0.29441601
-0.38393500 -0.45003799 -0.08182400
-0.57014799 -0.14403100 0.34884799
-0.57116598 0.12180400 0.28392401
-0.57380199 -0.12605600 0.43687299
0.48078901 0.32117400 -0.14434101
0.45133600 0.35878000 0.27310300
-0.49705401 0.30161601 0.27399600
-0.38677901 -0.44763401 0.43267900
0.05500200 0.57217401 -0.27409899
-0.56788999 -0.15514100 0.02696900
0.43359599 -0.39846200 -0.26897201
0.51998103 -0.27215099 0.31404001
0.20910800 -0.55261701 -0.04939900
0.12538400 0.56092799 -0.10524600
-0.58538198 0.01626400 -0.15564901
-0.31976500 0.48099801 0.08876900
-0.28258601 -0.52183598 0.22454999
-0.35218301 0.45966500 0.01922300
0.55307698 -0.19061200 0.35397100
-0.54198599 0.21583800 -0.00403900
0.34128001 0.46323800 0.01676800
0.58143401 -0.01738400 0.17898799
0.58143401 -0.03847700 0.03458900
-0.56603098 -0.16381000 0.00021800
0.04094000 0.57358903 0.24378200
-0.51126099 -0.29507500 0.24278000
-0.45596799 0.35963801 -0.01403100
0.53505898 0.21937400 -0.00872900
0.12284300 0.56153297 -0.15288299
0.40694600 -0.42482299 -0.28190801
0.52636999 0.23986600 -0.22508900
0.54183900 -0.22060400 -0.13839100
-0.41912201 0.40037799 -0.10837900
0.43690300 0.37705699 0.41535300
0.57896799 -0.06600700 0.42756599
0.26691100 0.50941402 -0.27072999
-0.32388201 0.47837001 -0.28803399
-0.24465901 0.52221799 0.06833900
-0.17644601 0.54834598 -0.28059801
0.39875799 0.41552401 0.23538899
-0.03395600 0.57424098 0.03598000
-0.23735499 0.52560800 0.20366000
-0.07438400 0.57103902 -0.02608400
-0.52513099 0.25040901 0.35437301
-0.43594900 0.38177299 0.08534700
-0.06449800 -0.58992398 0.46896401
0.55481201 0.16706200 0.19239300
-0.23986000 0.52444500 0.04498400
0.04874100 0.57280397 0.26363200
0.04321700 -0.59057701 0.36450899
-0.51536500 -0.28695399 0.27565199
0.20159300 0.53829402 0.19425300
0.47315899 -0.34836301 0.06982400
0.57654798 -0.08400600 -0.32223600
0.53369600 0.22258900 0.42565900
0.21620800 -0.54988301 0.41492400
0.34933299 0.45730400 0.37915000
-0.28825101 0.50111598 -0.21047500
0.57007903 -0.12854600 -0.28085300
-0.51069999 0.27896699 -0.28370199
0.55448699 -0.18546499 -0.16561900
-0.37004101 0.44456801 0.44677299
0.29620701 0.49335900 0.34667099
-0.51750702 0.26549700 0.42389899
0.50509697 0.28013301 0.38698199
0.02350200 -0.59256101 0.06862000
0.35528201 0.45292100 -0.07993900
-0.57473999 -0.12144000 0.07427500
0.58143401 -0.04197700 0.09633900
-0.32629099 -0.49405000 -0.12965401
-0.03944300 0.57405800 -0.11120200
0.55805802 0.15520900 0.16781500
0.23617999 0.52497298 -0.08011600
0.55772501 0.15642500 -0.07981000
0.39025399 -0.44096500 -0.25471699
-0.57576698 -0.11638800 0.30730501
0.26446101 -0.52797401 -0.20698500
-0.01236000 0.57496297 -0.27009001
0.41731900 -0.41479000 0.32752299
-0.05501500 -0.59075499 0.34084800
0.04863700 -0.59003198 -0.16620700
0.24869500 -0.53661400 0.18684800
0.40417400 -0.42750299 0.25664499
0.38466701 0.42915201 0.15284200
0.52203298 0.25009501 0.25463599
-0.58399397 0.03699600 0.07248800
-0.19219799 -0.56067699 -0.27125999
0.29767001 0.49255699 -0.05649600
-0.18695800 -0.56230301 -0.28275400
0.58143401 0.00630800 -0.01615300
-0.58275199 -0.07277300 -0.03690500
0.03043900 -0.59186298 -0.20031001
0.52290100 -0.26526400 -0.12687100
0.31738901 -0.49805900 0.19312499
0.35730201 0.45143199 0.16050600
-0.27888000 0.50633800 0.43292201
0.53140199 0.22800000 0.03039800
0.39105400 0.42297399 0.20310900
0.18699600 -0.56113398 -0.10513600
0.04770400 0.57290798 0.04795300
-0.58197498 -0.08437400 0.16855900
0.26908401 -0.52543998 -0.20382901
-0.34660900 -0.48107901 -0.03614500
-0.49241200 0.30837899 0.24464101
-0.50529498 0.28961000 0.40945899
-0.57697803 0.09321300 0.16723999
0.43592000 -0.39551800 -0.17092900
0.41272801 0.40201300 -0.11071200
0.55784702 0.15598200 -0.21229100
-0.15044799 0.55641001 0.19111800
-0.43034101 0.38797301 0.12954301
0.41966999 -0.41251701 0.13602200
0.29205301 -0.51285303 -0.07240000
-0.50239301 0.29383799 0.02501800
0.58143401 -0.02884100 0.32812899
-0.58458400 -0.04539900 0.40937400
0.20602299 -0.55380499 -0.16394199
-0.00688300 0.57514602 0.31045499
-0.58416802 -0.05161400 0.14149299
0.43872401 -0.39196801 0.01798000
0.33443701 -0.48549700 0.06224400
0.55943698 -0.16739300 0.07055900
0.23942600 -0.54094100 -0.17710400
0.19613700 -0.55761302 0.30327499
-0.00538000 -0.59241402 0.43708399
0.10896800 0.56484002 0.29975000
0.35765299 0.45117399 0.15973701
0.24811500 -0.53693199 -0.01696000
0.52784801 0.23638000 -0.16282500
0.58143401 0.00878900 -0.24379700
-0.30300200 0.49169999 0.45279101
0.58105302 -0.05050500 0.35511699
0.58143401 0.02232400 -0.28391099
-0.43417901 0.38372999 0.27540800
-0.26861900 0.51109898 -0.31675801
0.58143401 -0.02753900 -0.01324200
-0.58499902 -0.03920100 -0.17628799
0.25951400 0.51346701 -0.13053900
0.45263901 0.35712999 0.04547700
0.39211500 -0.43916601 -0.09102000
0.44399199 0.36807901 0.30739701
0.38919801 0.42477000 -0.28897801
0.40151599 0.41285601 0.14119500
-0.58571500 0.01129400 0.12717199
0.48200101 0.31912801 0.17429100
-0.30308101 -0.50886703 0.09993800
0.27417600 -0.52265000 0.08913100
-0.57701898 0.09300900 0.15432000
0.26468399 -0.52785200 -0.25605300
-0.04917500 0.57373202 -0.13292199
0.50806803 0.27511701 0.38500801
0.57705402 0.06302600 0.46532801
0.21052700 -0.55207098 0.23063999
-0.32293400 0.47897500 0.01366100
-0.17278101 0.54948300 0.12229600
-0.23541200 0.52650899 -0.13964000
-0.58329701 -0.06462300 0.01313200
0.47693199 -0.34358400 0.20873500
-0.15303800 -0.57282501 0.01525700
-0.13651000 0.56055897 0.45147201
0.29041699 -0.51375002 -0.15698600
0.06874900 0.57079101 0.39287201
0.52735299 0.23754799 0.32492501
-0.05552000 -0.59073800 0.29720899
-0.03891700 -0.59129298 -0.27527201
0.11350100 -0.58097702 0.27278101
0.04472100 -0.59042603 0.47856900
0.52898800 0.23369201 0.09131400
-0.24189800 0.52349901 -0.28317499
-0.38067701 -0.45279300 -0.11067800
0.37687701 0.43668601 0.38768801
0.58143401 -0.00333700 -0.28290999
-0.57631397 0.09648100 -0.13721500
-0.47436199 0.33467299 -0.28001300
0.57379299 0.08727200 0.10028300
0.32840300 -0.48994300 -0.20769501
-0.53421098 -0.24965800 -0.29995701
0.43308100 0.38189599 0.13097499
-0.57696700 0.09326700 0.00110100
-0.55727702 -0.18902101 0.47056499
0.53228903 0.22590899 -0.17228900
-0.51380998 0.27281299 0.34867400
0.33669600 -0.48383299 0.26770899
-0.04660800 0.57381803 0.17302200
-0.49925700 -0.31562400 -0.07570200
-0.07001100 -0.58899403 0.12155900
0.47669601 0.32666501 0.46172500
0.56892300 -0.13276400 0.18269201
0.03642500 -0.59126103 0.14244200
-0.57202202 -0.13481200 -0.02114200
0.23188099 0.52662897 0.07177400
-0.16161600 0.55294597 -0.19174799
0.47669199 -0.34388900 0.14845300
-0.56412297 0.15208800 0.16100501
-0.08467600 0.56930298 0.27352801
0.49971899 -0.30643100 -0.10310800
0.08164400 0.56949401 0.40347901
0.55858099 0.15330200 0.23197100
0.46275899 0.34431499 -0.22989100
0.30673400 0.48758999 0.09376700
-0.52965200 0.24146301 0.32792199
-0.32457700 -0.49514401 -0.02358000
-0.40502200 -0.43221000 -0.13924900
0.17162500 0.54983598 0.43002301
-0.58512700 0.02007100 -0.01581400
-0.08297700 -0.58680701 0.37628901
-0.55844998 0.16842499 -0.22419301
0.58143401 0.00362000 0.30147600
0.57563502 -0.09079500 0.39335701
0.45349899 0.35604000 0.42777801
0.52923298 0.23311600 0.24860400
0.30566299 -0.50539500 -0.26046801
-0.28666401 -0.51934701 -0.18823799
-0.56844300 0.13520201 -0.26505500
0.25879499 0.51386100 0.31259799
-0.52058899 0.25939801 0.47646600
-0.56962001 0.12941299 -0.31128401
0.03220300 0.57446802 0.12920401
-0.41106001 -0.42650899 0.35489801
0.55861902 0.15316300 0.31365001
0.48192000 0.31926399 0.14734100
0.51173502 -0.28614399 0.14414100
0.11567400 0.56324202 -0.00011000
0.00331400 -0.59270501 -0.12754101
0.19338199 0.54145700 0.35851201
0.55607998 -0.17964999 0.24298100
-0.56952298 0.12988900 -0.24835899
-0.20770200 0.53864998 -0.14677501
-0.13876200 -0.57725298 -0.07104500
0.25809500 -0.53146303 0.05970600
0.54262298 -0.21875501 -0.18877900
0.35613200 0.45229399 0.34055901
0.56173801 -0.15899301 0.34180200
0.04703800 0.57297498 0.04631600
0.37793699 0.43566000 -0.15165800
-0.50852400 0.28327399 0.06581800
-0.42084599 0.39847100 -0.10155500
0.57876998 0.05026700 0.12326200
-0.06447300 0.57271099 -0.07063200
-0.44809699 0.36834100 -0.24937400
0.26758301 0.50904500 -0.00280300
0.46697199 0.33897999 -0.03025800
-0.40689299 -0.43062899 -0.17453600
0.18154900 -0.56323099 -0.15838100
-0.33787799 0.46943501 -0.26576900
0.57801902 -0.07306700 -0.24758500
0.05160000 -0.58973402 0.21662700
-0.09537700 -0.58471501 0.18279301
-0.40307099 0.41664201 0.32135001
-0.43415299 0.38375801 0.29093301
0.52099001 0.25255299 -0.01102000
-0.58344698 0.04516600 0.01789800
0.34873199 -0.47496399 0.22377899
0.37190101 0.44067600 -0.27583200
0.31495899 0.48263100 0.43586600
0.39539501 -0.43599400 -0.04499300
0.03804000 -0.59109801 -0.26014200
-0.38275400 0.43381900 -0.04758300
0.43452701 0.38006499 0.40894401
0.57449102 0.08207800 0.13598000
-0.58422202 -0.05080700 -0.25220799
-0.32208100 0.47951999 0.17377301
0.57746297 -0.07720000 -0.25542501
-0.47479501 0.33404201 0.42816800
0.12913901 -0.57725000 0.22157300
0.48304501 -0.33458301 0.40746501
0.12020600 -0.57937902 0.39141601
-0.36378199 -0.46707699 -0.10067500
-0.29698500 -0.51275802 -0.25496000
-0.29717499 0.49541900 0.10431100
-0.35854301 -0.47150600 0.35297301
-0.10163000 -0.58366102 0.05535000
0.43989500 0.37326801 0.38606399
-0.56313699 0.15492700 0.03244700
0.22027799 0.53109801 0.03859200
0.53749502 0.21363200 0.41032800
0.35173801 0.45553201 0.39670101
-0.28052500 -0.52279198 0.00617300
-0.27136800 0.50982398 0.41336501
-0.53286898 0.23509599 0.34379801
0.44842601 0.36246499 0.24877700
0.52407998 0.24526700 0.44060099
0.25675800 0.51497799 -0.12155100
-0.24038400 -0.54141903 0.33083299
0.34713599 0.45892301 0.40983900
-0.55281502 -0.20186900 -0.09562800
0.52973199 0.23193800 -0.27555999
0.41622400 -0.41584900 0.10178100
-0.54183102 -0.23350200 0.12912500
-0.09927900 0.56683898 -0.06800300
-0.30791000 0.48856601 -0.09653500
-0.52488101 0.25090399 0.15423000
0.36528501 -0.46276799 -0.14062600
0.40459099 -0.42710000 0.31774601
0.51460499 -0.28129900 -0.25073299
0.17425001 0.54882503 -0.09591400
0.28376800 0.50017601 -0.14872999
0.54790199 0.18908700 0.19131801
-0.58402199 0.03658100 -0.02071600
0.11196900 -0.58134198 0.40310001
0.51501799 -0.28060099 0.37594900
0.55942899 0.15020700 -0.11938200
-0.29123399 -0.51643002 -0.10493700
-0.24844199 -0.53767997 -0.32091600
-0.55927598 -0.18326400 0.19505300
-0.53571999 0.22945599 -0.16116200
0.29909399 0.49177700 0.24338099
0.56651402 -0.14155900 -0.30837399
-0.41173500 0.40854499 -0.27099699
-0.53436399 0.23213799 -0.27698901
-0.35747999 0.45518699 -0.09361600
-0.53242499 0.23597400 0.22788601
-0.57498401 -0.12024200 0.08124500
-0.56593603 0.14686599 0.01619800
0.06215100 0.57145500 0.34906200
0.31900999 0.47964600 0.00232700
-0.33440599 -0.48886999 -0.13140000
0.54522002 0.19541299 0.47518200
-0.21297300 -0.55413902 0.09492700
0.37209299 -0.45775199 0.08934200
0.57139498 -0.12231700 0.44304499
-0.44854599 -0.38506299 0.31903300
0.00776700 0.57563603 0.23323500
-0.54601699 -0.22144800 -0.10334700
-0.43145400 -0.40396100 0.40347201
0.52461702 -0.26121899 -0.30051401
-0.38160899 0.43478701 -0.10826100
-0.09840600 0.56698698 -0.22412699
0.36712399 -0.46141300 0.10120400
0.53375900 -0.23965800 0.12179300
-0.53477198 -0.24854800 -0.11228500
-0.57995898 -0.09576400 -0.24819700
-0.18357700 0.54613400 0.15872601
0.19010900 -0.55993402 0.10023400
0.44054100 0.37244999 -0.22910900
-0.56689101 -0.16005699 -0.20423099
-0.38010800 0.43605599 0.13507900
-0.35339001 0.45864499 -0.18316400
0.28725201 -0.51548398 0.19315800
-0.40220299 -0.43459401 0.10353700
0.58007401 -0.05778300 -0.25594699
0.55236202 0.17600399 0.09720900
0.47766200 -0.34266099 0.40182400
0.52591997 0.24092700 0.12373800
-0.58675498 -0.01297800 0.17617001
0.41340300 -0.41857800 0.07620900
0.54122001 0.20484599 -0.07421000
0.34868199 -0.47500101 -0.26610899
-0.58245802 0.05993800 -0.13049901
0.58139801 -0.04794300 -0.15638700
0.45288301 0.35681999 -0.16043100
-0.58130902 -0.08912200 -0.18237700
-0.39752200 0.42133400 0.47539300
-0.19899701 0.54135001 0.35131899
0.56969601 -0.12994300 0.04910200
-0.43053800 0.38775501 0.36894199
0.42077300 0.39423299 0.33843899
-0.58077401 -0.09175200 0.30256000
0.33608201 0.46706700 -0.19223399
-0.53389901 -0.25027701 -0.14119400
-0.34817600 -0.48007900 0.47696099
-0.56762099 0.13924900 0.15195200
0.55495399 0.16654301 0.45006901
-0.41434801 0.40565601 -0.06417400
0.21775000 -0.54928899 -0.31667200
0.53126901 0.22831300 -0.00559100
0.57867998 -0.06815100 0.40942499
-0.55921602 0.16621700 -0.14871100
0.46427000 -0.35961899 0.07826100
0.58103698 -0.05062300 -0.32330701
-0.39585599 -0.43996000 0.28524399
-0.30931601 0.48766899 0.13448501
-0.49423900 0.30571601 0.39689800
0.02374000 -0.59253699 0.43574101
0.55574501 0.16365500 0.14519800
0.54171401 -0.22089800 0.10217100
0.37553599 -0.45519999 0.38978201
-0.36857399 0.44580799 -0.14498700
-0.05492600 0.57353997 0.34636399
0.17987201 0.54666001 0.26392499
0.51068002 -0.28792500 -0.16646600
-0.12511501 -0.57969898 0.23824100
0.39866301 0.41561499 -0.12304800
-0.48229301 0.32311800 0.00755800
0.58143401 -0.04348800 -0.22018500
0.15173700 -0.57186502 -0.00566000
-0.36859599 -0.46300700 -0.02801700
0.13788100 -0.57516700 0.16146600
0.53299397 0.22424500 -0.14135601
-0.57734400 0.09141000 0.06880100
0.41270599 0.40203401 0.00287400
-0.26941901 0.51072800 0.20232999
0.33248800 0.46971500 -0.14111599
0.35637599 0.45211399 -0.23873800
0.47661400 0.32676899 -0.11697100
0.44906801 0.36165199 0.44787300
0.10068400 0.56681401 0.33218801
-0.55735201 -0.18880300 -0.32340801
0.53441203 -0.23811799 0.05441900
-0.03391900 -0.59145999 -0.17696600
-0.55604100 0.17536201 0.03558500
0.12715800 -0.57772201 0.32285801
0.49877301 0.29081100 0.30556300
-0.55489498 0.17866300 0.32443401
-0.51517302 0.27011600 0.31520000
0.25482401 -0.53325498 0.32469901
0.39858499 0.41569099 -0.07133200
0.58143401 -0.04623300 0.03872000
-0.49639001 0.30258301 0.02037900
-0.16864300 0.55076599 0.27095601
-0.21623300 -0.55262703 0.25948000
-0.19415700 -0.56006902 0.48040500
0.02431800 -0.59247899 0.21030299
0.36355799 -0.46404001 0.00559900
-0.34516001 -0.48200500 -0.24409001
0.57156599 -0.12104500 -0.19276001
0.41230401 0.40242299 0.45186999
0.34465900 -0.47796601 -0.28074700
0.53820300 -0.22917700 -0.25800100
-0.58195102 0.06751300 0.09782400
-0.41667801 0.40307900 0.42303199
-0.08493100 0.56926000 0.37385899
0.00600000 0.57557702 0.46614599
0.57444298 -0.09965900 0.45698500
-0.58427602 -0.05001000 -0.06483200
-0.48279801 -0.33960101 -0.31061900
0.58049297 0.03745400 0.12417000
0.55424601 0.16912600 -0.02401900
0.48768899 -0.32674199 0.15683199
0.31607801 -0.49902400 -0.21580499
-0.42815000 0.39039600 0.24746500
-0.20993800 0.53795600 -0.13571601
0.34767500 -0.47574300 -0.02015500
0.53056401 -0.24719401 -0.06553300
0.41623199 0.39862499 -0.06548500
0.52456099 -0.26135099 -0.28302899
-0.48931700 0.31288701 0.05758500
0.16289100 0.55198902 0.14058600
0.17674901 -0.56507999 0.20205100
0.58143401 0.02714400 0.01989900
-0.42249301 0.39664999 0.18561700
0.33319101 -0.48641500 -0.10729500
-0.51749903 0.26551399 0.33296701
0.37746099 0.43612000 0.42852601
0.52515602 -0.25994700 -0.14617200
-0.04328600 -0.59114701 0.06185700
-0.13000201 0.56165701 0.43786499
-0.45760700 0.35782701 0.42473701
-0.51380497 0.27282301 0.44314599
0.23835900 -0.54135197 -0.07599000
-0.57146603 -0.13755000 -0.20418701
0.39815500 -0.43332499 -0.24117900
0.09305400 -0.58556402 -0.18042301
-0.58387297 0.03880100 0.39490199
0.30207700 -0.50735998 0.30688801
-0.53615499 0.22859301 0.05506100
-0.57024801 -0.14353800 -0.31035799
-0.56710601 -0.15899800 0.17326500
-0.09837800 -0.58420902 0.44899601
-0.00876400 0.57508302 0.20137900
0.46409899 -0.35983601 0.33363700
-0.09805000 -0.58426398 0.37510499
0.55302101 -0.19081600 0.29664400
0.23633599 -0.54213101 -0.03554300
-0.37650600 0.43910199 -0.02741000
0.44637001 -0.38228601 0.46027899
0.46845201 0.33710501 0.07403800
-0.23635700 0.52607000 -0.00084400
-0.55952102 0.16533899 -0.31694099
-0.58498299 -0.03943800 0.46545100
0.05992800 0.57167900 0.32578900
-0.50756502 0.28517199 0.06102500
-0.31791100 -0.49939901 0.34579301
-0.19259900 -0.56055301 -0.27695501
-0.29525000 0.49664801 -0.27136201
-0.05142200 0.57365698 -0.27158299
-0.56974298 0.12880599 -0.12707400
-0.58350301 0.04433700 -0.02171000
0.58143401 -0.02843300 -0.10746300
0.56805700 0.11870700 -0.07154000
-0.49680701 -0.31919301 -0.22565600
-0.20532100 0.53938901 0.35335001
-0.30265799 0.49191901 0.08097000
0.49329799 0.30005401 0.23017500
0.00675700 0.57560199 0.43274900
-0.44339499 -0.39075699 -0.32593799
-0.54109502 0.21840300 0.14833000
0.47826901 0.32467401 0.20500199
0.54673898 -0.20904800 -0.10426400
-0.18002300 -0.56445402 0.12548800
-0.57459098 -0.12217300 0.33199701
-0.43332899 0.38466999 0.05097600
0.31435201 0.48307800 0.43624601
0.04425600 -0.59047300 0.19014999
-0.58480197 0.02493300 0.02574500
-0.57905400 0.08300000 0.09936800
-0.40365800 -0.43336299 -0.25104401
-0.12903599 0.56181997 0.23532701
-0.47898799 0.32793301 -0.22795101
-0.52154702 -0.27472100 0.33009300
-0.47797501 0.32940900 -0.15424600
-0.44485500 -0.38914400 0.40712601
-0.58256400 -0.07558400 0.17815299
-0.51180899 -0.29398999 -0.08674900
0.43962201 0.37361300 -0.03530000
-0.47077700 -0.35711199 0.37813401
-0.40237400 0.41723201 0.16343901
0.58143401 0.01538800 -0.20848800
-0.42833099 -0.40741301 -0.22654600
-0.37239301 0.44257900 -0.22514400
-0.58597797 -0.02458200 0.15133400
-0.07351000 0.57118601 0.03117800
-0.56869900 -0.15115900 0.43715000
-0.14138401 -0.57643998 0.37703899
-0.28147599 0.50513297 0.23294599
-0.00253200 0.57529199 0.31387001
0.27770999 -0.52071297 0.29157299
-0.58253998 -0.07593900 0.29487300
-0.57030499 -0.14326100 0.17765000
-0.38239399 0.43412399 0.30104500
-0.20469600 -0.55680001 -0.25541401
0.56286800 -0.15486901 -0.27828500
0.47615901 0.32734600 -0.18815400
0.57540900 0.07525300 -0.09943700
-0.56604803 -0.16376100 -0.14186400
-0.46464601 0.34882599 0.31266701
-0.41446799 -0.42274100 0.20811599
-0.39780101 -0.43831599 -0.20417000
-0.47782299 -0.34684899 0.44611400
0.50282598 -0.30118501 -0.11734000
0.17432100 -0.56601501 0.03308000
0.57865697 0.05110800 0.38948801
0.49728900 -0.31053400 0.33861700
-0.56485301 -0.16720200 -0.32091299
-0.12360700 0.56273597 -0.14059401
-0.07473300 0.57098001 0.08466200
-0.09536500 -0.58471698 -0.13476700
-0.54774803 -0.21646200 0.16277200
-0.48144501 -0.34157100 0.00270200
-0.52103603 -0.27573001 0.08623900
-0.56107497 0.16086499 -0.04713900
0.50578201 0.27897799 0.26893800
0.40096799 0.41338599 0.33552000
0.25747800 0.51458299 0.07054800
-0.25536501 0.51725000 0.13047101
-0.34898001 -0.47956601 0.03952100
0.43711501 0.37678799 0.42570800
-0.14357300 -0.57576102 0.41097701
0.43948200 -0.39100799 0.18059801
0.53786498 -0.22997600 -0.18716900
-0.58356398 0.04342900 0.16188000
0.04401100 -0.59049797 0.34583700
-0.56781501 -0.15551201 0.03377200
0.57448298 -0.09936000 0.30687600
-0.48586899 -0.33512700 0.47324899
0.54971999 -0.20201901 -0.31364900
0.24909399 -0.53639501 0.06048800
-0.36325401 -0.46752301 0.25919801
-0.45371801 0.36212599 0.35239801
-0.11910400 0.56349498 -0.27510399
0.47357601 -0.34783500 0.28280699
0.55379301 0.17078100 -0.26998600
0.57525802 -0.09359400 -0.01698500
-0.33479601 0.47140300 0.45234701
-0.58585101 -0.02647200 0.23055799
0.57852697 0.05207100 0.02860200
-0.16137800 -0.57023698 0.38004100
0.23951200 -0.54090703 0.39171401
0.16948500 0.55041802 0.24216300
0.23916200 0.52382398 0.40109301
0.16835900 0.55068600 0.40293801
-0.28792301 0.50132501 -0.08502600
0.40539899 0.40910101 0.15788200
-0.39774001 -0.43836701 0.07481900
-0.10405100 0.56603497 0.46638599
0.39726701 -0.43418401 0.31200701
-0.44978100 -0.38369700 0.04282300
-0.56868798 0.13399900 -0.26475999
0.46754199 -0.35547599 0.25037399
-0.46933600 -0.35921201 -0.12950200
-0.39791000 -0.43822399 -0.22997899
-0.25255501 0.51855397 -0.02177300
-0.46943000 0.34185699 -0.14958300
-0.31189299 -0.50324100 0.26305500
-0.52004403 -0.27769399 0.09961400
-0.46416900 -0.36673900 0.07992800
-0.37278000 -0.45946899 -0.21315700
0.50335199 0.28308001 0.02275200
0.58143401 0.02862400 0.21659000
-0.46936899 0.34194499 0.22052000
0.01828200 0.57586801 -0.27958000
0.54193097 -0.22038700 -0.17465200
-0.48556700 0.31834900 0.22749600
0.38610399 -0.44497901 0.41582900
-0.03743300 0.57412499 0.16237000
-0.35794199 0.45479599 0.38649401
-0.30221301 -0.50941998 0.13194001
0.55103999 0.18083200 -0.20893601
-0.56490999 0.14982000 0.23313500
-0.34140199 0.46718600 -0.23842800
0.54777402 -0.20660700 0.21237700
0.50695997 -0.29420599 0.34060100
-0.54309303 -0.22986700 -0.03530700
-0.22571400 0.53100997 0.43789899
0.30589601 0.48804900 -0.25446299
-0.01762900 -0.59200501 0.16484600
-0.05708500 -0.59068602 -0.03591500
-0.25594699 -0.53419697 0.37744901
-0.31113899 -0.50372201 0.41157699
-0.56883597 -0.15048601 -0.24147700
-0.24238600 0.52327299 0.04419000
0.57283801 -0.11159100 -0.12002700
-0.44230500 0.37474501 0.05461000
-0.08581100 0.56911099 -0.28812200
0.13673501 -0.57543999 0.22285900
0.11312700 -0.58106601 0.23065700
0.55868500 -0.17013800 0.07593900
0.52912301 0.23337300 0.11193600
-0.37554899 -0.45712799 0.45372501
-0.43330899 -0.40190899 0.24366000
0.10252600 -0.58359301 0.45830101
0.00365300 -0.59271598 -0.18743400
-0.16806100 0.55094701 0.41406801
0.52194202 -0.26752701 -0.11014100
0.57063699 0.10928900 0.44391400
-0.14753300 0.55731499 0.09211400
-0.09969100 -0.58398801 -0.26820001
-0.52459699 -0.26868299 -0.23529200
-0.00816600 -0.59232098 0.33080599
0.38506499 -0.44598401 0.22684599
0.34546199 -0.47737399 0.05668000
0.45001599 -0.37766901 0.36174899
0.13863900 -0.57498598 0.23561200
0.06124900 -0.58876300 -0.13635300
-0.46379900 0.35005999 -0.32350299
-0.57806301 0.08787500 -0.19926900
-0.55987400 -0.18154100 0.46234399
0.56077802 -0.16249800 0.36922100
-0.15665799 -0.57170099 0.33219001
0.31967500 -0.49637401 -0.10145600
0.57941699 -0.06267000 0.14910799
0.44260100 0.36984101 0.07415600
0.36745501 -0.46116900 0.40360400
-0.07241500 0.57137102 0.35135499
-0.36392501 -0.46695599 0.28727001
-0.28309500 -0.52159899 -0.17311101
-0.01725800 0.57479900 0.32123300
0.58143401 0.02273100 0.09740800
0.19884200 0.53935403 0.34988001
-0.51634598 0.26779601 0.35883501
-0.55894703 -0.18421200 0.21999000
-0.50000399 0.29731801 0.37276599
-0.57417297 -0.12422800 -0.03484100
0.36623299 0.44485199 0.15948300
0.53393799 0.22202000 0.13612901
-0.58660698 -0.01518400 -0.16231100
0.22652200 0.52869302 -0.07949400
-0.15053000 -0.57360297 0.07590200
-0.13077500 -0.57874399 -0.31876299
0.10748800 0.56519198 0.04782900
0.55771601 -0.17367899 0.05084100
-0.48824400 -0.33166799 -0.29992700
-0.11082500 -0.58210999 -0.14589100
-0.01452700 -0.59210801 0.39210400
-0.56587398 -0.16426100 -0.03602900
-0.40921801 -0.42854500 0.17755900
0.56355703 -0.15235300 -0.12023600
-0.55631101 0.17458300 0.33948800
-0.08616900 -0.58626801 0.14575300
-0.47876799 0.32825401 -0.32016101
0.56223500 -0.15718099 -0.31133199
-0.27143100 0.50979501 0.29322299
0.48006001 -0.33962300 -0.18295100
-0.35842901 0.45438501 0.01393100
-0.43641600 -0.39847401 0.36081699
-0.05809400 -0.59065199 -0.12388900
0.52362198 0.24634600 0.07945900
-0.19542100 -0.55967700 -0.11942500
-0.57692099 0.09349100 -0.30742601
0.20022300 -0.55603898 0.22817600
-0.52813798 -0.26167801 0.34274501
0.06160300 0.57151002 0.44510499
0.34211600 -0.47983900 -0.32072100
0.57435203 0.08311700 -0.11558700
0.22034600 0.53107101 0.17075001
-0.44119701 -0.39318800 -0.23260100
-0.56058699 -0.17948601 -0.29149899
0.56326300 0.13621099 -0.26558799
0.52273500 -0.26565501 -0.30008501
-0.01635400 0.57483000 0.31378400
0.46590200 -0.35755199 -0.26323101
0.58143401 0.02216400 -0.07514600
0.22597100 0.52890497 0.32988000
-0.51512903 -0.28742099 -0.24391299
-0.58354002 0.04378100 0.44444799
-0.03129500 -0.59154803 0.17643100
-0.56594801 0.14683200 0.07712900
-0.58416498 -0.05166900 0.42138100
0.30660301 0.48766199 0.37142900
-0.55262798 0.18519200 -0.27460200
-0.38426501 0.43254200 -0.26856399
-0.57081097 -0.14077200 -0.08539300
0.58143401 0.02530600 -0.18470800
0.29650900 -0.51041102 -0.14092200
-0.30544099 0.49014199 -0.25609699
-0.57116199 0.12182400 0.30577499
0.55382001 -0.18790101 0.34843999
0.26605299 0.50988400 0.43637100
-0.16327000 -0.56965101 0.19500799
0.04094400 0.57358801 0.42893001
0.57447702 0.08218200 0.13976701
0.57971102 -0.06048400 0.15713599
-0.13797100 0.56028098 0.05143600
-0.56574398 0.14741801 -0.13231499
0.38613600 0.42772999 -0.27491701
-0.52148098 0.25763300 -0.23190200
-0.57685000 -0.11106200 -0.07125200
-0.28639799 -0.51951700 0.07336700
-0.58411002 -0.05248100 0.30334899
-0.47750300 -0.34731501 -0.04378500
0.51720798 0.25968599 0.17600800
0.02544000 0.57514799 0.37652099
-0.32116601 -0.49732199 0.08937200
-0.47952399 -0.34437099 0.45989501
0.50766802 0.27579299 0.30548799
0.24897100 0.51924503 0.26248199
-0.44264099 -0.39159101 0.07193200
0.45011699 0.36032301 -0.00562700
0.34853801 -0.47510800 0.36326399
-0.54607397 0.20406599 0.37750900
-0.42169800 0.39752901 -0.05565900
0.52628100 0.24007501 -0.23392200
0.44569999 -0.38313299 0.03305500
-0.58513802 -0.03713000 -0.11998500
0.57982099 -0.05966900 0.37506801
-0.31861901 0.48173001 0.47554100
-0.58616799 -0.02174400 0.13375300
-0.12983701 -0.57890302 -0.30533099
0.49434599 -0.31550300 0.05935400
0.47973600 -0.34003401 0.23564200
0.03157900 0.57453102 0.05293100
-0.57787597 -0.10601200 0.42023399
0.03419400 -0.59148502 -0.30905700
-0.56730700 -0.15801100 -0.07329500
0.48813599 0.30876899 0.37695101
-0.55023098 -0.20931099 0.31428301
-0.08124800 0.56988102 -0.12219700
0.16814101 0.55073798 0.27824101
0.31797200 -0.49762899 0.06221300
0.45079899 0.35945901 -0.31526199
-0.12773700 0.56203902 -0.00152000
-0.54776198 0.19920500 0.24569400
-0.53795898 0.22502400 0.41119799
0.46669000 -0.35655400 0.24743301
-0.35321701 -0.47600901 0.34766501
-0.41210401 0.40813801 0.23874199
0.16783600 0.55081099 0.39976299
-0.48864701 -0.33107999 0.13743000
-0.58583999 -0.02663500 -0.26082900
0.28048900 -0.51919001 -0.16306201
0.51830602 0.25783300 -0.12593199
-0.31303701 -0.50251102 -0.13045800
0.12575200 -0.57805699 0.10970200
0.51261503 0.26744100 0.24737699
-0.23173900 0.52821398 0.01067500
-0.35843399 -0.47159800 0.38445199
-0.31501299 0.48403201 0.10741200
0.58143401 -0.00505500 0.43097100
-0.42790401 -0.40788600 0.40448800
0.28261900 -0.51802301 0.14176100
-0.10120500 0.56651503 -0.10153600
0.57961500 0.04398300 0.24256000
0.20976400 -0.55236501 -0.19776000
0.48525399 -0.33085299 -0.00296200
-0.58197498 0.06716200 -0.25824600
-0.16899399 -0.56787503 -0.22569799
-0.49363399 0.30659699 0.05765200
-0.19778900 0.54172498 0.08397500
0.53530502 0.21879500 -0.22150899
-0.02308300 -0.59182203 0.44846299
0.46522501 -0.35840899 -0.22036000
0.44036701 0.37266999 -0.07351400
0.57370102 0.08795700 0.36603099
0.52495801 -0.26041299 -0.30779099
-0.47274500 -0.35424501 -0.22257701
-0.52778298 0.24516100 0.33584800
-0.20883100 -0.55551702 0.40719399
-0.08436200 0.56935602 -0.16964900
-0.10635600 0.56564599 -0.27884200
-0.03297000 -0.59149200 0.41218099
0.52246600 -0.26629001 -0.21560401
0.57844102 0.05271400 0.00277700
-0.27593699 -0.52492100 0.33715299
-0.20789300 0.53859103 -0.08822200
-0.03865900 -0.59130198 0.38435000
-0.38477299 -0.44933000 0.10232700
-0.55713600 0.17220700 0.15990800
0.31658801 0.48143101 0.37693501
-0.50612599 -0.30523700 -0.28917000
-0.40645501 0.41378099 0.19814301
0.58143401 0.00796600 -0.25547701
-0.47953501 -0.34435400 -0.09993300
0.39214700 0.42191699 0.39190400
-0.24676400 -0.53845900 -0.30880600
-0.33449101 0.47159800 -0.29142800
0.44636199 -0.38229600 -0.26578200
0.25290000 0.51709199 -0.08161600
-0.49860501 0.29935601 0.14929700
-0.02119900 -0.59188497 0.33474401
-0.38291600 0.43368199 0.23188899
-0.58604997 0.00629200 0.22315399
-0.09689900 -0.58445901 -0.17550801
0.28846601 -0.51481801 0.12797301
0.30019900 -0.50838900 0.08947800
-0.58657098 -0.00149900 -0.31844801
0.30078200 0.49085200 0.20465299
0.57351297 -0.10656800 0.31180900
0.57811600 0.05512600 0.00404700
0.50195402 0.28544000 -0.00546700
0.58143401 -0.01230000 -0.00359600
-0.37666601 0.43896601 -0.06673500
-0.23789901 -0.54257298 0.09112900
0.33662799 0.46666500 0.17074899
-0.41305399 0.40708700 0.06198700
-0.53868002 0.22359601 0.23084500
-0.33852100 -0.48624200 -0.05321400
-0.57019299 0.12659100 -0.09293400
-0.22623600 -0.54798502 -0.29063299
0.51091599 0.27030900 0.26058501
-0.57614899 -0.11450900 -0.22013000
-0.38609499 0.43099499 0.34454700
-0.41700599 -0.41993400 0.44002599
-0.38508001 0.43185300 -0.32231501
-0.48792100 -0.33213800 -0.00475400
-0.26998401 0.51046598 -0.18196900
0.26701000 0.50935900 -0.29838699
-0.53340203 -0.25125900 -0.27824000
-0.45793900 -0.37467700 0.42960101
0.55804402 0.15526401 0.32644400
-0.48923501 -0.33022401 0.21197601
0.01754900 0.57594198 -0.15204200
-0.47137901 0.33901799 0.00972800
-0.55747098 0.17124400 0.28306800
0.49168301 0.30278099 0.15002900
-0.58312899 -0.06713400 -0.01533500
-0.35299399 -0.47619799 0.28653100
0.23467200 0.52555400 0.11432100
-0.00697900 -0.59236097 0.41157800
0.54212499 0.20271100 0.21721099
-0.55157202 -0.20545100 0.47733599
0.57562798 0.07362700 0.33227500
0.41272399 -0.41923401 -0.32442901
-0.38916501 -0.44561601 0.08768700
0.57298303 0.09329400 0.21369000
-0.22746500 -0.54741502 0.19943100
0.13248099 -0.57645398 0.44879901
0.40872800 0.40588099 0.47509000
0.14141899 0.55710602 0.32709500
-0.50686401 0.28656000 -0.12858500
0.58143401 -0.03064400 -0.14311799
0.27909800 -0.51995200 0.12039600
0.50559902 -0.29650500 -0.14332400
0.44962999 0.36094001 0.15560900
-0.36164901 -0.46888000 -0.27290499
0.04903900 -0.58999199 0.16306201
0.16954800 0.55040300 0.43087500
0.16343200 0.55185997 0.30618000
-0.24284001 -0.54027998 0.41758201
-0.17159700 -0.56706798 0.29919800
0.47392401 0.33017600 -0.09842700
0.56021798 0.14732701 0.35680100
-0.56925899 -0.14840500 -0.06317200
-0.56223702 0.15751700 0.25623199
0.53448802 -0.23794000 0.16631500
0.53215998 -0.24342901 -0.06144400
0.52683502 -0.25598699 0.07584200
0.36977401 0.44224301 0.27212200
0.23181200 -0.54387301 0.26537001
-0.54848099 -0.21435000 0.21118300
-0.07933600 -0.58742100 -0.11400800
-0.58091903 -0.09104100 0.09138600
0.56945300 0.11361100 -0.23306800
0.26069099 0.51282299 0.15781499
0.49990901 -0.30611101 0.36371899
-0.52120602 0.25817701 0.26792201
0.33564201 -0.48460901 0.11330800
-0.53526598 0.23035300 -0.16878800
-0.57933402 -0.09883800 0.43924400
0.54838300 -0.20517200 0.28602901
-0.56976199 0.12871200 -0.04586100
0.17651300 0.54795301 -0.17932600
-0.54515600 -0.22392599 0.22765601
-0.58380598 0.03980200 0.32432699
0.25392199 0.51653200 -0.08778400
-0.18742700 0.54493898 0.32532299
0.50393301 0.28209800 -0.25753099
0.57822502 0.05431700 -0.03567400
0.36860800 0.44310200 0.33982700
0.13251100 0.55922902 0.35230300
-0.17481400 0.54885203 -0.10122600
0.31830299 -0.49738401 0.02316200
0.57212502 -0.11689000 0.11973100
-0.21823400 0.53448099 -0.20836700
0.41069701 -0.42119500 0.10669400
-0.23813701 -0.54246199 0.23065700
0.50487697 0.28050399 0.25677899
-0.53558397 0.22972301 -0.15114699
0.58113700 -0.04988200 0.05870600
0.32192999 -0.49471200 0.40634599
0.53992301 0.20790400 0.07360900
0.28627700 -0.51601797 -0.17845300
0.25414801 -0.53362501 0.38260099
0.32579300 0.47464800 0.35376099
0.58143401 -0.01954700 0.41659001
-0.32247099 0.47927099 -0.15625100
-0.03134200 0.57432902 -0.08103500
0.07686500 0.56997502 -0.01004500
-0.10592400 -0.58293599 0.14990801
0.55922300 -0.16817600 0.40999699
0.09162400 -0.58570802 0.47105601
0.56579298 0.12697200 0.24235301
-0.23263501 -0.54501599 0.22506800
0.49275500 0.30097100 -0.00133600
-0.56588203 0.14702100 0.42254400
0.48739401 -0.32723999 -0.20465900
0.47082099 -0.35132200 0.30464000
-0.09056000 0.56831002 -0.26812401
0.11109600 0.56433302 -0.29016301
0.08712400 -0.58616000 -0.23522000
-0.33980501 0.46820500 0.29019201
0.46295100 0.34407100 -0.20150299
0.40612900 0.40839499 0.45429599
0.35710701 0.45157599 0.20428200
0.53566003 0.21795800 -0.14196600
0.51386797 -0.28254300 0.32421899
0.51540500 0.26273000 0.16033299
-0.40200499 0.41754401 0.28498799
-0.43292299 -0.40233600 -0.15324999
0.45525801 -0.37103000 0.30789101
0.58143401 0.01772700 0.48087800
-0.12795600 0.56200200 0.46964800
0.42648599 0.38870800 0.26654899
-0.02236000 -0.59184700 -0.18543100
-0.27212501 0.50947201 0.31794301
0.57244301 0.09730600 0.44768599
-0.58332503 -0.06421500 -0.24936099
-0.09155800 -0.58535898 0.37041000
-0.44992900 -0.38353300 -0.17152800
-0.57116300 -0.13903600 0.26646301
-0.51653200 0.26742700 0.16426100
0.45782200 -0.36778301 -0.21126901
-0.36810499 -0.46342200 -0.27569300
-0.28107700 -0.52253598 0.04613200
-0.26535201 -0.52983302 0.46294200
-0.17802399 0.54785597 -0.26552799
0.32004601 -0.49610001 -0.05206100
0.11272100 -0.58116299 0.00281700
0.33280301 -0.48670101 -0.01365300
0.53890699 -0.22751901 0.06655700
-0.55904698 -0.18392400 -0.25574300
0.49734399 -0.31044099 0.38035899
0.57726198 -0.07869100 0.21898399
0.58143401 -0.01746100 -0.27905199
0.53931803 -0.22655000 -0.06343300
-0.58495098 -0.03991500 0.32753301
-0.19369100 0.54299599 0.11540400
-0.24960600 -0.53714001 0.36472601
-0.43587101 -0.39907601 0.14800300
-0.45109200 0.36502999 0.11898100
0.40135801 -0.43022600 0.22956499
0.52911001 0.23340499 0.02526300
0.48591301 0.31252399 0.03088100
-0.58184701 -0.08628400 -0.25852701
-0.00835800 0.57509702 0.12236100
0.16095600 0.55245000 0.08940300
0.57238603 -0.11495100 0.11122200
-0.46342599 -0.36782199 0.20209201
-0.56638801 0.14531399 0.22035401
-0.42169300 0.39753401 0.33433700
-0.58501899 -0.03891000 0.28718999
-0.11488800 -0.58142400 -0.04755200
0.49792299 0.29224700 0.28538099
0.04429500 0.57325101 0.41620800
-0.39217800 0.42585200 0.18680400
-0.03646900 0.57415700 0.21304800
0.56850100 0.11708800 -0.29719299
0.38639301 -0.44470000 0.45268101
-0.47623301 0.33194700 0.21814901
0.58143401 -0.00609500 0.43851599
0.57357103 0.08892100 0.30023399
-0.58398497 0.03712800 0.33687401
0.29269701 -0.51249999 0.44816801
0.37793601 0.43566099 0.24200600
0.49202800 -0.31941599 0.43445599
-0.55175602 0.18770200 0.39791200
0.53010899 -0.24826699 0.36986700
-0.43669599 -0.39816400 -0.06037700
0.42528000 0.38987401 0.35507500
-0.56358200 -0.17086200 -0.03378200
-0.11732900 0.56379497 -0.03109600
-0.07654300 -0.58789200 -0.02384800
-0.12409000 0.56265402 0.42540199
-0.50692701 -0.30365199 0.36319000
-0.23194200 -0.54533702 0.04633300
0.44655901 -0.38204601 0.05595400
-0.57739699 -0.10836900 -0.30693901
-0.11059700 -0.58214802 0.41415200
0.55523401 0.16552000 -0.29113999
0.58143401 0.00531800 0.33728799
0.26025099 0.51306301 0.41042000
-0.58388901 -0.05578700 0.07296600
-0.58495098 0.02270300 0.14663599
0.46866900 -0.35404801 0.39565399
0.25277200 0.51716202 0.30873001
-0.55380797 -0.19900900 -0.26214501
-0.14697400 0.55748802 0.34561500
-0.29077700 0.49950299 -0.07660700
-0.54426700 0.20926900 0.11981400
-0.26517299 0.51269799 0.08654300
0.14868200 0.55537498 -0.14748700
-0.21668300 0.53520000 -0.17229000
-0.57948202 0.08089300 -0.29350200
0.11307900 0.56386000 0.12032000
0.32457101 -0.49276701 -0.08606200
-0.05512500 0.57353300 -0.08507500
0.42888001 -0.40360901 0.48029000
0.56621099 -0.14266500 -0.02637200
-0.50477999 -0.30757800 0.17490000
-0.38042501 -0.45300499 -0.00911200
0.37012401 -0.45920300 -0.12870400
0.06267100 -0.58862001 0.29988301
0.53991902 0.20791399 0.19767100
-0.42124599 0.39802900 0.32596099
-0.30529299 0.49023700 0.21443900
-0.56249601 -0.17399000 0.09057400
0.20711400 -0.55338502 0.06557400
0.38455701 0.42925799 -0.12847701
-0.48044801 0.32580701 0.28832701
-0.29452699 -0.51432699 0.07435200
0.57570201 0.07307400 -0.12972800
0.15872601 -0.57019901 -0.15355100
-0.06814800 -0.58930802 -0.15093800
0.57851601 -0.06936800 -0.17347300
0.22490799 0.52931499 -0.25107500
-0.03480500 -0.59143001 -0.21134999
-0.42720601 0.39144000 -0.05268300
-0.43427601 0.38362300 0.23273900
0.17270701 -0.56663698 -0.26577699
-0.47944599 0.32726601 -0.11677600
0.42128101 0.39374101 0.01245600
-0.29220101 0.49859500 -0.05343600
0.52726698 0.23774999 -0.32258701
-0.04141400 0.57399201 -0.13408500
0.06005100 -0.58888400 -0.00379300
0.33638000 0.46684799 -0.21911500
0.36428201 0.44628900 0.29400799
0.56447399 -0.14900599 0.06534300
0.32789701 -0.49031600 -0.11480900
0.42036399 -0.41184601 0.15547900
0.23145600 0.52679300 0.45921099
-0.48717499 -0.33322501 0.40066400
-0.36343700 -0.46736801 -0.28063399
0.32265800 -0.49417600 -0.09875400
0.46079400 -0.36401999 0.36980999
0.38726100 0.42664301 0.05915400
0.07694800 0.56996602 0.33248699
0.00728100 -0.59283799 -0.24133299
0.28420800 0.49993500 -0.22548901
-0.54760897 0.19964400 -0.13520600
-0.32874399 0.47526699 0.42927301
0.23385300 0.52586901 -0.02173100
-0.55249202 -0.20279901 -0.13493100
0.01303800 -0.59302998 0.43494800
0.33416399 0.46848100 -0.31031701
0.41713899 -0.41496500 0.20778100
0.06989000 0.57067603 0.31708100
-0.13382500 -0.57823002 0.25775799
0.28285399 -0.51789403 0.44843599
0.03903800 0.57378000 0.35322100
-0.12901600 0.56182301 -0.06878100
-0.20475900 0.53956300 0.15066600
0.54182702 -0.22063200 0.28920299
0.55499703 0.16638400 0.08449400
0.01976900 -0.59293598 0.23573899
-0.19750600 -0.55903000 -0.15802599
0.42098099 0.39403200 -0.18631500
0.55384803 0.17058000 0.00344200
-0.33206001 0.47315001 -0.19193400
0.56108302 0.14416800 0.35706899
-0.22990300 0.52906603 -0.27039000
0.11915200 -0.57963002 -0.29130799
0.04200100 0.57348198 0.28765699
-0.44366500 -0.39046001 0.24160500
0.09289900 0.56836200 -0.19575600
0.58128899 0.03153100 -0.17509000
-0.09513200 -0.58475697 -0.08713400
-0.17208800 0.54969800 -0.25285801
-0.28907400 0.50059098 -0.02472700
-0.50097603 -0.31312001 -0.00348400
-0.08781900 -0.58599001 0.06664200
0.16187701 -0.56944799 0.09680700
0.00920400 0.57568401 -0.11705400
0.29874399 -0.50918603 -0.17997400
-0.57187498 0.11831700 -0.09640500
0.23500000 0.52542800 0.19311000
0.30961901 0.48600900 0.09475000
-0.56904203 0.13225400 0.15981400
0.18232100 0.54571700 0.33241400
-0.48068899 -0.34267300 -0.30832201
-0.09547400 -0.58469898 0.43196800
0.00247900 -0.59267700 0.05116800
-0.21958400 -0.55107200 0.31743401
-0.34078401 -0.48479801 0.10649900
0.13802500 0.55791497 -0.03089400
-0.41549101 0.40439200 -0.13966200
0.24221601 0.52264899 0.08679800
0.44338399 0.36884901 -0.06176100
0.55560398 0.16417000 0.06966600
-0.07623900 -0.58794302 0.00689200
-0.58084399 -0.09141200 0.29938599
-0.52754402 -0.26285201 0.27830899
0.18963701 -0.56011701 -0.08963200
0.53468198 0.22026400 0.19438501
0.54595000 0.19369100 -0.25509700
-0.57566601 0.09966700 -0.14143801
0.01387900 0.57584000 0.00863500
-0.47742999 -0.34742099 0.00866000
-0.23608901 -0.54341298 -0.22655100
0.17043000 -0.56740999 0.45407000
0.55024201 0.18357000 0.13804699
0.50835001 0.27464101 -0.32163900
0.47247899 -0.34922400 -0.18428899
-0.21437500 0.53627098 0.41814399
-0.33091599 -0.49109700 0.45315501
-0.44659901 -0.38721499 0.38394600
0.49366701 0.29943201 0.37437901
0.48278099 -0.33502701 -0.05239800
0.57931101 -0.06346100 -0.04102100
-0.02123100 0.57466698 -0.16239700
0.54564798 -0.21162000 -0.16852500
0.28059500 0.50191498 0.01948800
0.58143401 -0.03033200 0.10594300
0.30090901 -0.50800002 -0.03250400
0.57058400 -0.12670100 0.30348399
-0.46488300 0.34848100 0.41042200
-0.24360301 0.52270800 0.33805400
-0.02762900 -0.59166998 -0.22220200
0.37969500 -0.45117801 -0.06611200
-0.26319799 -0.53083301 0.12944201
-0.02313100 0.57460302 -0.22221901
-0.06543100 -0.58976698 0.20455299
-0.48660600 -0.33405301 0.33883601
0.54368001 -0.21626300 0.03648000
0.58143401 0.02402700 -0.16723400
-0.23113900 0.52849197 0.18010201
0.54806298 -0.20592600 0.14943700
0.53974402 0.20832600 0.32414600
-0.57400501 -0.12505600 -0.17258801
-0.11496300 -0.58141100 -0.15974900
0.35642600 -0.46929601 0.22479500
0.47935501 0.32329899 0.05327300
0.19668800 -0.55740100 0.04215200
-0.46868399 0.34294400 0.28473601
-0.02597800 0.57450801 -0.20328000
-0.32114199 -0.49733701 -0.16341200
0.57793403 0.05648300 0.43528599
-0.56830901 -0.15308200 0.22179800
-0.18619400 -0.56253898 0.25060701
0.26312599 0.51148802 -0.05696100
0.36933699 -0.45978299 0.32280400
-0.40094900 -0.43565401 0.27100101
-0.04735000 0.57379299 -0.02351100
0.16052100 0.55255401 -0.08593100
-0.36282900 -0.46788201 0.09814000
0.47535601 -0.34558100 -0.17569400
-0.58319002 0.04900400 -0.03682100
0.38096601 -0.44994801 0.35851601
0.03670200 -0.59123302 0.39720500
-0.46328101 -0.36803201 0.33524999
0.57213700 -0.11680600 -0.10034500
0.29455701 -0.51148099 -0.22517000
0.56957000 -0.13040100 0.10602500
-0.01835700 0.57476300 0.08834300
-0.09177000 0.56810600 -0.30300099
0.52741802 -0.25461301 0.00016200
0.48142999 -0.33730999 0.17236800
-0.36571500 0.44822499 0.19812299
0.33316600 -0.48643401 0.45542401
0.02389800 0.57530302 0.12052000
-0.17400700 -0.56632000 -0.02145900
0.39309001 0.42100599 0.36649099
0.26891699 0.50831401 -0.02847900
-0.57323998 -0.12882100 -0.19707499
-0.34965000 -0.47902501 -0.30157301
0.56098598 -0.16173799 0.28690699
0.36467701 0.44599900 0.25009900
-0.49335101 0.30700999 -0.17860200
-0.58603197 -0.02376900 0.29788899
0.56412101 -0.15029600 -0.16030400
-0.54935098 0.19462900 0.38106501
-0.56537598 0.14847900 -0.22965100
-0.47950900 0.32717401 0.33543599
0.52866799 -0.25166500 0.24754199
0.43884900 -0.39181000 -0.06091200
-0.52707499 0.24656300 0.10567100
0.05856600 0.57181603 0.47549799
-0.48615199 -0.33471599 0.03677400
-0.35513699 -0.47438499 0.14819799
0.34848499 -0.47514701 -0.19010501
0.45918000 0.34884700 0.13671100
0.48185399 -0.33659399 -0.07527800
0.32047799 -0.49578199 0.36199400
0.55245697 -0.19287699 0.17153700
0.58143401 0.02035100 0.28213999
0.13677400 0.55821300 0.19578500
0.58143401 -0.02544100 -0.17271701
-0.31480899 -0.50138003 0.20732901
0.50002402 -0.30591601 -0.00336500
-0.47904399 0.32785201 -0.08666000
0.58143401 -0.00752400 0.42289400
-0.34496400 -0.48212901 -0.19365101
0.19719701 -0.55720502 0.32656100
-0.40272701 -0.43415001 -0.01098900
-0.32348299 0.47862500 0.22399101
0.50224000 0.28495800 0.39728001
0.48506200 -0.33117700 0.00347700
-0.19777900 0.54172802 0.30820301
0.27017701 0.50762397 0.36780599
0.55229002 -0.19348399 -0.11988700
-0.55499101 0.17838401 -0.12918100
0.57574397 -0.08998400 -0.14905500
0.57729602 -0.07844300 0.40231100
0.30158699 -0.50762802 -0.11361800
-0.46760499 -0.36173299 -0.08328600
0.52647901 0.23961000 0.22365500
0.40800399 -0.42379999 -0.07124800
-0.06623500 0.57241303 0.19343300
-0.46016800 0.35499501 -0.21560900
0.54136097 -0.22172999 0.27796200
0.36363599 0.44676501 0.16660300
-0.16761400 0.55108601 0.47691301
-0.39123499 -0.44386700 0.47467801
0.27044001 -0.52469701 -0.17917900
-0.40738001 0.41299999 -0.18883801
-0.48313299 -0.33911201 0.43269199
-0.58212698 -0.08210200 0.06461100
-0.13520400 -0.57799703 0.00625100
-0.34388599 -0.48281801 -0.04379900
-0.58401698 0.03665300 -0.18480600
-0.38035899 -0.45306200 0.16617900
0.21372600 0.53362101 0.12542599
-0.57497901 -0.12026300 0.38526499
-0.58667499 -0.01416500 -0.14146601
0.51186597 -0.28592300 0.22645500
-0.58467501 0.02682300 0.37398401
-0.45165199 -0.38162801 -0.30627900
0.41421801 -0.41779000 0.05921700
0.35807899 0.45085999 0.14325300
0.25674701 -0.53220099 -0.08796100
-0.29259101 -0.51556301 0.23460300
0.39295101 0.42113999 -0.05471000
0.55771899 0.15645000 0.14667800
-0.56328100 0.15451100 0.11075700
-0.37286699 -0.45939600 0.01447400
0.30978900 -0.50313401 -0.24563000
-0.57365501 -0.12677801 0.39108601
0.52187800 0.25045899 0.31630999
0.16018000 -0.56985301 0.26000601
-0.13134199 -0.57864898 0.10432200
0.57059997 -0.12664300 -0.25256699
-0.08873900 0.56861699 0.19182800
0.48788801 -0.32640600 0.35508901
0.58143401 0.00763700 0.42767000
-0.47290099 -0.35401800 -0.14764600
0.36686701 -0.46160299 0.03664700
-0.51660299 0.26728600 0.09156400
0.31266600 -0.50153798 -0.12112300
-0.27155200 -0.52695602 0.13797399
-0.34952599 0.46191201 -0.17493400
-0.19489500 -0.55984002 0.34754899
0.53899997 -0.22729801 0.31525901
0.48825601 0.30856699 0.43847901
0.26751199 -0.52630198 0.46059400
0.56473601 0.13083400 0.00102600
-0.56008601 0.16371299 -0.20777300
-0.58500803 -0.03906500 0.02113500
0.18084100 0.54628700 -0.12762600
-0.35015100 0.46138299 -0.15375100
-0.51947099 0.26161101 0.24349999
-0.45960999 0.35561201 0.13763800
-0.42130300 -0.41518399 0.40338001
0.43709299 0.37681600 -0.10411600
0.26429400 0.51084799 0.26764399
-0.35129899 -0.47763100 -0.18953200
-0.49923599 0.29843801 -0.02165800
-0.23353601 -0.54459703 0.39796001
0.18506700 -0.56187701 -0.11553800
-0.58313400 0.04984200 -0.04136800
0.20358500 0.53752702 0.19020399
0.10856100 0.56493700 0.01125500
0.21680000 -0.54965502 -0.20223700
-0.30280101 0.49182799 -0.16533200
-0.31209201 0.48589599 0.20441000
-0.20936400 -0.55535197 0.16332600
0.58143401 -0.00437100 -0.01604100
0.03696700 -0.59120601 -0.14328100
-0.17964201 0.54735398 0.32513401
0.30431801 0.48891401 -0.17550400
0.54858702 -0.20468999 0.07758400
-0.13541999 0.56074297 0.39831999
0.45769900 -0.36794001 -0.02392700
0.44493401 -0.38410401 0.01382500
0.49478000 -0.31477001 0.26442501
0.25685000 -0.53214502 -0.32126901
-0.31179801 -0.50330198 -0.09277600
0.54776597 -0.20662700 0.11107700
-0.37022600 0.44441101 -0.25288501
-0.54798400 0.19856399 -0.29967901
0.58009100 -0.05766100 -0.13081600
0.38306001 0.43070599 -0.12201000
-0.53547400 -0.24716000 0.24156301
0.19705100 0.54004401 0.18134600
0.56902301 -0.13240100 0.38296100
0.46666101 -0.35659099 -0.27279601
-0.41045299 0.40996301 0.33409801
0.52039599 -0.27117100 0.06455800
0.15680900 0.55343902 0.11767000
0.57548398 -0.09191700 0.27834699
-0.50396103 0.29155400 0.46605200
0.39500400 -0.43637201 0.06784800
0.09560000 0.56802499 -0.19316100
0.54020500 -0.22445799 0.35926801
0.50808001 -0.29231599 -0.17517500
-0.50795603 -0.30161601 -0.08222100
0.58143401 -0.00453000 0.30930501
-0.21504299 0.53596097 -0.08999900
0.34134600 -0.48040700 0.17522199
-0.42973799 -0.40585700 -0.04649000
-0.00064600 0.57535499 0.36628699
-0.58562702 -0.02981900 0.42921200
0.40853000 -0.42329001 0.42319399
-0.57710397 -0.10980900 0.17001700
0.42368901 0.39141199 0.09011300
-0.49267101 -0.32521799 -0.07830300
0.56357902 0.13505600 0.22757000
-0.13470700 -0.57808101 0.21041800
0.58100402 -0.05086700 0.33464000
-0.03517500 -0.59141803 -0.29981700
-0.33463901 0.47150299 0.45376900
0.57217199 0.09932600 -0.14905700
-0.56804001 0.13718399 0.44704601
-0.36618599 0.44782701 0.47552899
-0.21930100 -0.55120301 -0.12648800
-0.41413799 0.40588900 0.35378399
0.55395198 -0.18741700 -0.13186100
0.52636600 0.23987500 -0.30674499
0.18783399 -0.56081098 0.20059399
0.45491400 -0.37146601 -0.25218600
-0.32681701 0.47649699 0.39190400
-0.02621200 0.57450002 0.12156700
0.17161700 0.54983902 0.37469900
0.32686201 0.47386101 0.22498100
-0.30125400 0.49281499 0.03157900
-0.57864797 0.08499700 0.41357499
-0.35462800 -0.47481599 0.43659401
0.46070501 -0.36413300 0.25237399
-0.10881900 -0.58244801 -0.30888200
0.57688898 0.06425100 -0.25756600
-0.55345500 -0.20002601 -0.20576100
-0.50719798 -0.30311599 0.21943399
0.07081700 -0.58780098 0.13634200
-0.20716900 0.53881598 0.17725900
-0.55221301 0.18638501 -0.14641801
0.23901600 -0.54109800 0.29996401
0.52282798 -0.26543799 -0.16542700
-0.43028101 -0.40525699 0.23688100
-0.58032900 0.07672600 -0.24411100
-0.04082800 -0.59122902 0.32377499
-0.36421999 0.44948900 -0.15029800
0.58143401 -0.03356900 0.05309200
0.13706701 -0.57536101 0.33215299
0.53344202 -0.24040601 0.17118900
0.56950301 -0.13064601 0.13058600
0.30146900 -0.50769299 -0.24778600
-0.26267099 0.51385999 0.03683900
-0.31776401 -0.49949399 -0.15488400
0.56217903 0.14016800 0.44124201
-0.34435600 0.46529999 -0.28708801
-0.28230500 -0.52196598 0.32627800
0.40163001 0.41274601 0.46989101
-0.57143903 0.12046500 0.10306300
-0.15082701 -0.57351100 0.14237200
0.55729002 0.15801300 -0.27719501
-0.41556901 -0.42152300 0.43786901
0.01500600 0.57587802 0.41768700
-0.10478400 -0.58312798 0.30603901
-0.58158398 -0.08776800 -0.22736800
-0.55127800 -0.20629500 -0.21872801
-0.58385199 -0.05634400 0.18089400
-0.38373199 -0.45021001 -0.15034799
0.47735000 0.32583800 0.43969101
0.55338800 -0.18947600 -0.25298300
0.53605098 -0.23425201 -0.17195900
-0.53276199 0.23530801 -0.29908100
0.57539701 -0.09256100 0.23736100
0.52925402 -0.25028101 -0.23857500
-0.42131099 0.39795700 -0.06345500
0.08331100 0.56932598 -0.30843699
-0.58285099 -0.07128700 0.47220299
0.58021301 0.03953100 -0.23973300
-0.58407998 -0.05292700 -0.09642900
0.04444300 0.57323599 -0.18296500
0.44888300 -0.37910300 0.33217800
-0.58069700 -0.09213200 0.08384700
0.49595901 -0.31277901 -0.28866699
0.54482400 0.19634600 -0.22205400
0.55528700 -0.18254501 -0.18508001
-0.00938400 0.57506299 -0.00308800
-0.21414700 -0.55359501 0.44748899
-0.52280998 0.25500301 0.42302001
-0.14948399 -0.57392699 0.16771699
0.36250100 0.44760200 -0.09266100
-0.52414298 0.25236401 0.23962700
-0.47473100 0.33413500 0.35683900
-0.05022200 -0.59091502 0.32611099
-0.49757200 0.30086100 0.47770000
-0.32570601 0.47720599 0.36389700
0.48075601 0.32122901 0.04183400
-0.41337901 -0.42394501 0.03310800
-0.33449000 0.47159800 0.39235300
0.27014500 -0.52485901 -0.17345600
0.46445301 -0.35938600 0.35868299
-0.18924899 0.54437399 -0.09669700
0.46486300 -0.35886800 -0.27967200
-0.38587299 0.43118200 0.42030600
-0.31535500 -0.50103098 0.02586700
0.13157199 -0.57667100 0.32852301
-0.17615101 -0.56565499 -0.01397400
0.23421299 -0.54294801 -0.08689200
0.57734197 -0.07810000 -0.16084300
-0.57992202 -0.09594400 0.08201900
-0.33231601 0.47298601 -0.16951901
-0.46158701 0.35328200 0.34933501
-0.30454201 -0.50793397 0.46542001
-0.45680600 0.35871199 -0.23027600
-0.52068901 -0.27641800 0.09217400
0.39769000 0.41655701 -0.07837700
-0.13046500 0.56157899 0.38949001
-0.51241797 0.27556899 0.12439900
0.57477701 -0.09717300 -0.20879000
-0.54086602 -0.23628099 0.43863699
-0.49579200 0.30345401 0.25517100
-0.33058101 -0.49131101 -0.12068800
-0.37515801 0.44024101 0.05654400
-0.45730799 0.35815701 -0.27907699
-0.26040301 -0.53213000 -0.25121999
-0.36181101 0.45152599 -0.05705900
-0.58418298 -0.05140000 0.15328400
0.56172699 -0.15903600 -0.02253100
-0.58474100 -0.04306300 -0.29057801
-0.42722300 0.39142099 0.03640000
-0.07574600 0.57080901 -0.07194000
-0.22816101 -0.54709202 0.15262800
-0.39668900 0.42203799 -0.29185599
0.31698200 0.48114100 -0.30195001
-0.09371200 0.56777900 0.41108999
-0.45796800 -0.37464499 -0.20836100
-0.41683701 0.40290400 0.30595300
0.53518802 0.21907000 0.24609099
-0.55245602 -0.20290500 0.27077499
0.08239200 0.56941903 0.18742600
0.19798200 0.53968501 -0.05424000
-0.23675200 0.52588701 0.27594501
0.26487699 -0.52774602 0.24761599
0.32394600 -0.49322701 0.04548400
0.35763001 -0.46840799 0.43659100
0.13649800 0.55827898 -0.26599899
0.57525599 -0.09361300 -0.08343000
0.11712700 0.56289500 -0.25884899
0.15802900 0.55314797 0.25979301
-0.58312702 0.04994800 0.35755900
0.47669801 -0.34388101 -0.16869600
0.16524100 -0.56864703 0.45458701
-0.53929400 0.22238301 0.11595000
0.12638600 0.56068897 0.35683200
0.34476200 0.46067199 0.38596201
-0.24082500 0.52399701 0.26100901
0.05176600 0.57249999 -0.30084601
-0.17169200 0.54982102 -0.02834300
-0.15514000 0.55495501 0.21601000
0.50584102 0.27887899 -0.21793400
-0.56981999 -0.14564800 0.39859200
0.41327801 -0.41869900 0.13343801
-0.44841799 0.36798599 0.09299200
-0.51774901 -0.28223601 -0.13802101
0.48854899 -0.32528999 0.32408100
0.46643901 -0.35687199 0.38272801
0.20283900 -0.55503201 0.13155501
0.53333497 0.22344100 0.18749000
-0.24230400 0.52331102 0.18357199
0.58143401 0.00683400 0.06079300
0.57143497 -0.12202500 -0.30293000
0.55017000 0.18374000 0.20396300
0.58143401 -0.03835600 -0.10203100
0.12360600 0.56135100 0.22632401
0.51827598 -0.27510101 -0.14122000
-0.03752700 0.57412201 0.19705100
-0.00723600 0.57513499 0.43000200
-0.54842299 -0.21451800 0.15419200
0.57368797 -0.10527000 -0.27193901
-0.18453500 -0.56305403 0.46173301
0.42839199 0.38686401 0.44838500
0.30088401 -0.50801301 0.30482000
0.33078101 0.47097301 0.13082799
-0.17530601 0.54869902 0.23227499
0.43227601 0.38291499 0.32585099
-0.58656800 -0.00145900 -0.12349400
0.10056300 -0.58406001 0.24910700
-0.24298000 0.52299702 0.14048301
0.26717401 0.50926900 -0.12534399
0.58143401 -0.01239600 0.30681700
-0.39417601 0.42416200 0.06504700
0.36671799 0.44449499 -0.00370300
0.41154301 0.40315899 -0.27651700
0.43756899 -0.39343101 -0.19232000
-0.47366801 0.33568299 0.34447199
-0.15253000 -0.57298201 -0.29179400
-0.56440002 -0.16850699 0.02099800
0.28895000 -0.51455301 0.33047000
0.55914497 0.15124100 -0.14195199
-0.26521000 0.51268101 0.25098801
-0.07094300 0.57161897 -0.12642799
-0.58380300 0.03985300 0.33937600
0.55309498 -0.19054601 -0.02340900
0.41273001 0.40201101 0.47772601
-0.54003298 0.22092000 -0.08004600
-0.11508300 -0.58139098 -0.16309500
0.20025399 0.53881001 0.43279201
-0.52517700 0.25031900 0.17269100
0.26605400 -0.52710098 0.10974400
0.18002599 0.54659998 0.07130600
0.04138500 -0.59076202 0.29017100
0.55870599 0.15284701 0.31887901
0.29255900 -0.51257598 0.26207501
-0.28029299 0.50568199 -0.24120700
0.54202598 -0.22016200 0.21539600
-0.57641298 -0.11320800 0.33914700
0.58143401 0.02902500 0.40292299
0.10247800 -0.58360398 -0.28635600
-0.21700500 0.53505099 0.10083700
-0.52069098 -0.27641299 -0.06029300
0.57771897 -0.07529800 0.17053799
-0.57857800 0.08534100 0.24565500
-0.20447201 0.53965199 0.46489501
-0.07202300 0.57143700 0.02688000
-0.58597499 0.00741000 -0.20837300
0.54782897 0.18926001 -0.13909601
-0.15696900 -0.57160503 0.20757900
-0.55463099 -0.19664000 -0.11763000
-0.48704699 0.31619301 0.11721000
-0.37106800 0.44369900 0.22608700
-0.36841699 -0.46315801 0.01982200
0.40356001 0.41088000 0.30181199
-0.00700900 0.57514203 0.42834401
0.53107798 -0.24597999 0.14186800
0.02795000 0.57489598 0.21423499
-0.43076500 0.38750499 -0.30723301
0.31030899 -0.50284803 -0.28402901
0.07420500 -0.58745998 -0.09860800
0.37316799 -0.45695999 -0.20009100
-0.57282698 0.11363400 0.06736700
-0.56868303 -0.15124001 -0.29514399
0.50027299 -0.30549601 -0.28617901
-0.38140801 -0.45217401 0.37623799
-0.58529299 0.01759100 0.16133600
0.12868600 0.56014103 0.01923400
-0.17480500 -0.56607199 0.02747300
-0.57758200 -0.10745700 0.24174400
0.32127601 -0.49519399 0.13668400
-0.47245300 0.33745301 0.05255100
0.43475899 0.37977099 0.28174400
0.46056399 -0.36431101 0.25240299
0.49490401 0.29734299 0.33624601
0.21156199 0.53445500 0.13741700
0.18850601 0.54333401 0.16798300
-0.49004599 0.31182501 0.18552400
0.30257300 0.48987001 -0.17799500
-0.22865801 -0.54686099 -0.00514400
0.36280301 0.44737899 0.00544100
-0.55016398 0.19228600 0.10365200
0.34200701 0.46270201 0.43860599
-0.22153100 0.53295100 -0.16919100
-0.32858500 0.47536799 -0.15709201
0.58143401 -0.01796400 -0.12570100
0.27612600 0.50436401 0.00112200
0.52979898 -0.24899800 -0.20528100
0.52046603 -0.27100700 0.12358700
0.24505900 -0.53860700 0.22665100
-0.31107700 -0.50376201 -0.31921300
-0.05478300 0.57354498 -0.04130400
0.37769499 -0.45311201 0.33401501
-0.06981300 -0.58902699 0.41932201
0.01602200 0.57591200 0.47766101
-0.23810700 -0.54247600 0.34417900
0.00287200 0.57547200 0.10022800
-0.56475401 0.15027000 -0.27713501
-0.15836300 0.55395502 0.02325900
0.57488400 -0.09637900 -0.11958200
-0.57108802 0.12218800 0.38275799
0.37719101 -0.45359901 -0.03006200
-0.18492700 0.54571497 0.23524401
0.46164399 -0.36294499 -0.27889299
-0.21654101 0.53526598 0.24166900
-0.48576501 0.31806201 -0.13365100
0.20734200 0.53608000 -0.15775201
0.41386700 0.40091199 0.20204701
-0.42773801 0.39085099 0.23085500
0.46435300 0.34229600 -0.19082101
0.50777602 -0.29282901 0.11977400
-0.01766300 -0.59200400 -0.12430000
0.29409301 0.49451801 0.06508500
0.37818199 0.43542400 0.03889600
-0.58017498 -0.09470300 -0.25573900
0.21885601 -0.54886299 0.37169600
0.41866100 -0.41349301 -0.09651500
0.53077602 0.22947600 -0.01755300
0.00860600 0.57566398 -0.05733200
-0.17322201 0.54934603 0.35143599
-0.03056500 0.57435501 0.29943901
-0.29746100 -0.51245397 -0.14452100
-0.07482200 0.57096499 -0.08857500
0.13743199 -0.57527399 0.00203400
0.55367601 0.17120899 0.07719300
-0.14895700 -0.57409102 -0.03173400
0.49661401 -0.31167400 0.23164400
0.27210301 0.50656801 0.39036399
0.22886001 0.52779198 -0.22633301
0.52934098 0.23286000 -0.23898000
-0.30281201 0.49182099 0.06327200
0.53368598 -0.23983100 0.03036000
0.43570700 0.37857100 0.25895599
-0.04730000 -0.59101301 0.25269300
-0.58586800 -0.02622100 -0.32157600
-0.58329999 -0.06458600 0.35631901
-0.21662800 0.53522599 0.33039600
0.18158700 0.54599899 -0.07834800
0.04066700 0.57361603 -0.02765300
-0.55321598 -0.20071600 -0.03479100
-0.45996100 -0.37244201 0.09844600
-0.19112100 -0.56101102 0.15817299
0.57642698 -0.08490600 0.11930900
-0.55333000 -0.20038500 -0.23412900
-0.24213400 0.52339000 0.04115900
-0.23945799 -0.54184902 0.14397299
0.53504598 -0.23662300 -0.17183401
0.14552300 0.55612803 0.16880800
0.17239501 -0.56675702 0.26420099
0.58143401 -0.03745000 -0.19922499
0.21781600 -0.54926401 -0.01207100
-0.08215500 0.56972802 0.27421799
0.09789600 -0.58469599 -0.14567500
-0.51906699 -0.27962801 0.06167300
0.33948401 0.46456099 -0.32092899
0.54780900 0.18930800 0.27125999
-0.38332900 -0.45054999 0.08659100
0.11105900 0.56434101 0.43436101
-0.58626002 -0.02037300 -0.10047400
0.54784799 -0.20643300 0.45701399
0.57537401 0.07551400 0.25001800
0.46425000 -0.35964400 -0.11319300
0.57626998 0.06885100 0.18962599
0.43493000 0.37955499 -0.17889600
-0.48331901 -0.33884099 -0.17736000
-0.27067500 0.51014602 0.24667899
0.46572801 -0.35777301 -0.32203001
-0.57634097 -0.11356600 0.13278601
-0.54502898 -0.22429200 0.00846100
0.25586000 -0.53268701 0.29164499
0.41730499 -0.41480401 0.11445800
0.52519500 -0.25985399 0.02500600
-0.06441100 0.57272100 -0.24897400
-0.01864700 -0.59197098 -0.26411101
0.56728798 0.12151400 0.37205300
0.24563400 0.52107400 -0.12979200
-0.12316700 -0.58002800 -0.28152201
0.16364899 -0.56902599 -0.23926900
0.53120500 -0.24568200 0.40520501
-0.01641100 -0.59204501 0.28596500
0.57028598 0.11057000 0.30179399
-0.58252501 0.05894400 -0.29626799
-0.47455800 -0.35160401 0.40770400
-0.43551099 -0.39947501 -0.10629400
-0.21963100 -0.55105001 -0.15699400
0.41740799 0.39748701 -0.28727901
-0.39349499 -0.44195601 -0.22940800
0.46833000 -0.35447699 -0.17579800
0.28703600 0.49838501 -0.20324200
-0.40283099 -0.43406299 -0.16387901
0.34173501 -0.48012000 -0.28317100
0.48288101 0.31764200 -0.22875500
-0.25147301 0.51905602 0.44028300
0.26860800 0.50848401 0.07928100
0.54043400 -0.22391801 -0.18872499
-0.24310499 0.52293903 -0.23359001
-0.35446599 0.45773500 0.13261101
-0.35003000 -0.47870299 -0.24591701
-0.47144300 0.33892399 0.38038599
-0.35502800 -0.47447801 -0.16118400
0.48552999 -0.33038700 0.20947900
0.51625502 -0.27851200 -0.04297300
0.53683501 0.21518600 -0.08851900
-0.35520899 0.45710701 0.45727599
-0.28271601 -0.52177501 0.03878900
0.17569099 -0.56548703 0.36890700
0.57207400 -0.11727000 0.13557801
-0.35697401 -0.47283199 0.27382499
-0.21560200 -0.55291897 -0.31493101
-0.54260200 0.21406500 0.45319599
-0.19758999 0.54178703 0.44902301
0.57836199 -0.07051800 -0.04089400
0.53110600 -0.24591599 0.46294799
0.40589300 -0.42584100 0.39750001
-0.54259300 0.21408901 0.18745799
-0.18467601 -0.56300998 0.07886400
-0.53297597 0.23488501 -0.02995500
0.07966400 0.56969303 -0.22844601
-0.17447001 0.54895902 -0.08990400
0.03206700 0.57448202 0.09339200
0.49125499 -0.32072100 0.39585301
-0.55211300 0.18667400 0.02188200
0.14671400 0.55584401 0.36647701
-0.17237701 -0.56682599 -0.00305900
-0.26799700 -0.52860600 0.16798601
0.15992200 -0.56991398 0.18192700
0.26238701 0.51189297 -0.15522900
0.50649297 0.27777699 0.19297600
0.57264501 -0.11302800 0.02643100
0.32524899 0.47504899 0.12056600
-0.32045999 -0.49777299 -0.00070800
0.58057898 0.03681500 0.19378300
-0.56616902 0.14619499 -0.01757500
0.54116797 -0.22218700 -0.22494499
-0.18044400 -0.56432301 0.24390800
0.43695599 -0.39420700 0.47577700
0.42244199 -0.40983599 -0.02544200
0.30415899 -0.50621903 0.16981100
-0.10578800 0.56574202 0.31554800
0.52993202 0.23146600 -0.17699499
-0.38352001 0.43317100 -0.27958399
-0.57012498 -0.14414699 -0.14322899
0.08477700 -0.58639598 0.27498901
0.24515800 0.52133399 0.39925700
0.58088201 0.03456100 0.31488600
0.19784200 -0.55695599 0.09828200
0.53244698 -0.24275200 -0.02272100
0.55316198 0.17308199 -0.23105299
-0.58485901 -0.04129200 0.35105500
-0.03050600 -0.59157401 0.14570899
-0.23090100 0.52860200 -0.08304600
-0.58191699 0.06803000 0.29460499
-0.47467500 -0.35143399 -0.07742100
0.23957200 0.52366698 0.41156000
-0.47981101 -0.34395200 0.27972701
-0.58155501 0.07069600 -0.17178901
0.25346300 -0.53400099 0.11762600
-0.29057100 0.49963501 0.11193900
-0.23795800 -0.54254502 0.41007400
0.57498997 0.07837200 0.32496399
0.45070100 -0.37680101 -0.25020200
0.13226999 -0.57650399 0.42942899
-0.10109900 0.56653202 0.28187999
0.53315502 -0.24108200 -0.30094901
-0.57745397 0.09087000 -0.14759000
0.51378399 0.26546800 0.02715700
0.57349497 -0.10670300 0.46985999
0.02804600 0.57488602 0.01031300
0.57756901 0.05919100 0.05928100
0.05071700 -0.58982301 0.41919199
-0.57635599 0.09627100 -0.01590500
-0.19988100 -0.55829400 0.26773700
0.56465399 -0.14835000 0.09295900
-0.05765000 -0.59066701 -0.13314401
0.09126300 -0.58574402 -0.09757700
0.22950500 -0.54476100 -0.23351200
0.29271001 0.49527499 0.47249499
0.54831702 -0.20532700 -0.08982900
0.41789699 0.39701399 -0.03237000
-0.46880201 0.34277201 0.26023099
-0.38077900 0.43548900 0.23952800
-0.27234200 -0.52658898 0.33854300
0.36368400 -0.46394801 0.32764599
0.57959700 -0.06132900 0.22271200
-0.38004199 0.43611199 0.10462900
-0.58475298 -0.04287400 -0.10929200
-0.58525801 0.01812100 0.22731800
-0.27543399 0.50793701 -0.15913600
-0.37134701 0.44346300 -0.25187799
-0.56650400 -0.16196100 0.37153000
0.40594399 0.40857399 0.06324100
0.57430899 0.08343600 -0.23994100
0.34440100 -0.47815600 0.22807100
-0.54056400 0.21986800 0.35846800
0.09907800 0.56719702 0.15028700
0.30218899 0.49008101 0.31538701
0.23998199 0.52350903 0.08976900
0.58143401 -0.03558700 -0.10615500
0.34147099 0.46309701 0.26011801
-0.08339600 -0.58673602 -0.15910900
-0.10225600 -0.58355498 0.17072700
-0.09808800 -0.58425802 0.12340100
0.29186800 0.49573699 0.10122600
0.38613600 -0.44494900 0.21246000
0.46534401 -0.35825801 0.27105901
0.09975200 -0.58425403 -0.08701800
0.37949201 0.43415600 0.14779900
0.07727600 -0.58715099 0.43206099
0.57008201 0.11131600 0.46486300
0.55673099 0.16005400 -0.03156700
0.57459003 0.08134800 -0.22219700
0.58143401 0.02714900 0.21980099
0.04344200 0.57333702 0.06971500
-0.25605699 0.51692897 -0.26499599
-0.24890900 -0.53746301 0.31741801
-0.52605402 -0.26580101 -0.10754100
-0.20465700 0.53959501 0.25448799
-0.48663700 0.31679100 0.32991901
-0.57968199 -0.09712700 0.33329701
-0.54874903 -0.21357900 -0.03085300
0.20894501 -0.55268002 0.44690001
0.44791001 -0.38033500 0.10323500
-0.46651900 -0.36331499 0.42126000
0.39519301 -0.43618900 -0.30379799
0.38681901 -0.44428799 0.43854299
0.18729900 0.54379898 0.17185900
-0.51021302 -0.29714900 -0.19308200
0.55169600 -0.19565199 0.02846800
0.54696500 0.19129799 0.43253100
0.58110201 0.03292100 0.27799499
-0.58454502 -0.04599200 0.41350299
-0.12536600 -0.57965702 -0.15003900
0.42895600 -0.40353599 0.40722501
-0.16094901 -0.57037097 -0.04854900
0.53675097 -0.23260200 0.44309500
0.34835500 0.45802400 -0.20758100
0.41982299 -0.41236901 -0.12967400
-0.55057198 0.19111300 -0.23295499
-0.30375800 -0.50843501 -0.32228801
0.35079601 0.45622599 0.42731401
0.29611999 0.49340701 0.34892800
0.26269799 0.51172298 -0.17499700
0.21473099 -0.55045199 0.22294199
0.42807400 0.38717201 0.02429000
0.36659601 -0.46180201 0.35285699
0.54993898 0.18428300 0.17289101
-0.09796400 0.56706101 -0.20522501
0.45972601 -0.36537299 -0.00391600
-0.49967501 0.29779699 0.26659101
0.29947501 0.49156800 -0.31301400
0.26858699 -0.52571303 -0.12483400
0.53884000 -0.22767600 -0.21250400
-0.58432698 0.03203100 -0.29113001
0.20847900 -0.55286002 0.20288900
0.51879799 -0.27421901 0.29022899
0.34826800 -0.47530600 0.24114101
-0.24845900 0.52045500 -0.06545400
0.55743301 0.15749200 -0.09252800
0.49574500 -0.31314000 0.00123700
-0.33240199 -0.49014899 0.44588801
-0.57009298 0.12708500 -0.32098001
0.55758601 -0.17415100 0.13203800
0.43796599 0.37571001 -0.21901000
0.26838800 0.50860399 0.40168101
0.40240800 -0.42921200 0.12730899
0.31445301 0.48300400 0.14505801
-0.48759800 0.31539100 -0.18613300
-0.56834197 0.13569900 -0.20008001
-0.13968299 0.55975002 -0.20541500
-0.58397102 -0.05456100 0.14205100
0.54420203 -0.21503000 0.40008801
-0.06797500 -0.58933699 0.19469599
0.57212800 -0.11686800 -0.23001800
0.57907599 -0.06520300 -0.26888999
-0.40939301 0.41113499 -0.14303300
-0.05370800 0.57358098 -0.08303500
-0.05485900 -0.59075999 0.19407099
-0.26465300 0.51293999 -0.31639799
0.41979000 0.39518300 -0.27010700
-0.29874900 -0.51163203 0.32251099
-0.44979101 0.36646801 0.37151700
-0.28836501 -0.51826102 -0.13457599
-0.02063600 -0.59190398 -0.17601600
-0.28343800 -0.52140599 0.45810699
-0.30602700 0.48976800 0.03904100
-0.58369499 -0.05868800 -0.26696000
0.25240600 0.51736200 -0.06287200
-0.08755300 -0.58603501 -0.22009800
-0.57549298 0.10051800 0.24651501
0.07806700 -0.58707100 -0.17610100
-0.36408800 -0.46681800 0.41184300
-0.35506701 -0.47444499 0.06891200
-0.57862902 0.08509100 0.04060900
0.25443900 0.51624799 -0.14605100
-0.53196901 -0.25409600 0.15545800
-0.54855001 0.19693400 0.19974700
0.00156900 -0.59264702 -0.10349300
0.14420100 -0.57366103 -0.22078700
-0.53098899 0.23881701 -0.04813900
-0.40719101 0.41315901 -0.23302400
0.22040300 -0.54826701 -0.04609400
-0.35080200 0.46083301 0.19881900
-0.09326400 0.56785399 0.28083199
-0.40162799 0.41786200 -0.20029099
-0.51356697 -0.29051200 0.33831000
0.33738399 0.46610799 0.46158001
0.07553600 -0.58732599 -0.25743100
-0.54024303 -0.23772100 -0.15348400
0.58022898 -0.05663400 -0.09735600
0.46345201 -0.36065501 0.15779400
-0.13436900 -0.57813799 0.37847900
-0.07596500 -0.58798999 -0.18336999
-0.29668200 -0.51295102 -0.04432500
-0.49901801 0.29875499 -0.24848500
-0.56897700 -0.14979400 0.35164100
-0.46357000 -0.36761099 0.19073100
-0.18340600 0.54618698 -0.03572000
0.52957398 -0.24952900 -0.18801001
0.53599298 -0.23439100 0.19491300
-0.41595301 0.40388200 -0.24430101
-0.44927001 0.36704499 0.04120600
-0.13014600 -0.57885098 -0.05087200
-0.36453900 0.44921899 -0.16172700
-0.01418600 -0.59211999 0.24965900
-0.48886701 0.31354201 -0.27503601
0.38087800 -0.45003301 0.19977900
-0.57545501 0.10070800 -0.07024800
0.57904297 0.04823300 0.19642700
-0.33001900 -0.49167001 0.01733800
-0.35576600 -0.47385401 0.15556300
0.38050100 -0.45039901 0.33461699
-0.07569700 -0.58803499 -0.02763000
0.57561702 -0.09092900 -0.07729700
0.52561301 0.24165200 -0.24284400
-0.48299801 -0.33930999 -0.19918200
-0.32101700 -0.49741700 0.23699600
0.58143401 -0.03118500 0.13490900
-0.56217402 -0.17491600 -0.32456601
0.34216201 0.46258801 -0.09787600
0.22434500 0.52953100 0.44393399
0.54218501 0.20257001 0.00061300
-0.48660901 -0.33404899 -0.26686299
-0.51872802 0.26308000 -0.23472799
0.50486797 -0.29773700 0.12359000
0.27354699 0.50577700 -0.24975000
0.57702798 0.06322000 0.15384100
-0.46495399 -0.36559501 0.36199200
0.28871199 -0.51468402 0.36398801
0.39014101 0.42385700 -0.28319699
0.35878301 -0.46755901 0.26817900
0.23078400 -0.54426903 0.32627100
0.52962202 -0.24941599 0.44736400
-0.33288601 -0.48984000 -0.04793800
0.47845799 -0.34165201 -0.27412799
-0.12762199 0.56205899 -0.12179900
0.27693599 0.50392002 -0.12360600
-0.48366100 -0.33834299 -0.12117900
0.54634500 -0.20997600 0.44740599
-0.56151098 0.15960900 -0.30464700
0.00804800 0.57564598 0.26806501
0.33464700 0.46812499 -0.22053400
0.42724499 0.38797301 0.30060399
0.01209200 0.57578099 0.25147000
0.40702301 -0.42474800 0.40614900
-0.25074100 -0.53661299 0.34008399
-0.37650800 0.43909901 -0.16545600
-0.57856798 0.08539200 0.42228600
0.01296200 -0.59302700 -0.19564900
-0.26569000 -0.52967602 -0.05966900
-0.58440500 -0.04807300 -0.26586899
0.33569801 0.46735099 0.07849300
-0.33915299 0.46862200 0.06554200
0.04099200 -0.59080100 -0.11400700
-0.29251200 0.49839601 0.36865500
0.58012599 0.04018000 -0.23611800
-0.55123901 -0.20640700 -0.29154900
0.40949899 0.40513599 -0.17852400
0.18202600 0.54583001 0.17682099
-0.30427501 -0.50810498 0.46077299
0.19746900 0.53988200 0.20381901
0.09221800 0.56843001 -0.10534400
0.16529299 0.55141699 0.42570099
0.01870700 0.57582498 0.32054499
-0.36235899 0.45106199 0.31424800
-0.57338703 0.11088000 -0.15810500
-0.50557798 -0.30632100 -0.16215700
0.35315999 0.45448399 0.43995801
-0.39606601 0.42256501 0.28952301
-0.23847800 -0.54230398 0.19394600
0.20488800 -0.55424201 -0.08785300
0.57298797 0.09326000 -0.22346701
-0.58324599 0.04817500 0.21402501
0.55563098 0.16407000 -0.10641700
-0.48013800 -0.34347501 -0.02481400
0.45048699 0.35985500 -0.22882199
-0.43269500 -0.40258801 0.40801400
0.57833397 -0.07072700 0.08564100
0.57852203 -0.06932800 -0.17004400
0.32898301 0.47229800 -0.18011799
0.05263600 0.57241201 -0.09201200
0.57224399 0.09879200 0.26009300
-0.53628701 -0.24555001 -0.18666600
-0.34049800 -0.48498100 0.46438599
-0.56223202 0.15753300 0.15842301
-0.44132799 -0.39304301 -0.11663900
0.40919799 0.40542701 0.34309000
-0.33398101 0.47192299 -0.13057899
0.24311900 0.52230000 0.42468500
0.00514700 -0.59276599 0.00698000
-0.09045900 0.56832701 -0.09026300
-0.18523499 -0.56283700 -0.04241500
-0.53849697 -0.24117599 0.27405000
-0.37714899 -0.45577601 0.09138200
-0.21482700 -0.55327898 -0.13724600
0.55353099 -0.18895300 0.30075201
0.56220901 -0.15727501 0.13102201
-0.55566102 0.17645501 0.32934099
0.56582600 0.12685300 -0.06294600
-0.26758900 0.51157701 0.22095500
-0.13266200 0.56120801 -0.23110899
0.21040900 -0.55211598 -0.24507800
-0.58507502 0.02085100 0.08239900
0.22122499 0.53073299 0.03693700
0.14404801 0.55647999 -0.25658399
-0.57222599 0.11659400 0.05410800
-0.55258101 -0.20254500 -0.20317601
-0.34361100 -0.48299301 -0.02381000
-0.46831301 -0.36070099 0.23163900
0.45141101 0.35868400 0.19418800
0.26719800 0.50925702 0.38540801
-0.16406199 -0.56940502 -0.14541300
