580.81774902 309.70999146 -14.06698036 0.842282 -0.384281 0.378007
580.85998535 309.63009644 -14.30006313 0.853950 -0.389004 0.345609
580.92181396 309.86932373 -14.23672962 0.828408 -0.403908 0.388069
580.82629395 309.95443726 -14.01517200 0.821182 -0.395502 0.411385
581.09619141 309.62493896 -14.92568684 0.813044 -0.183200 0.552628
580.98242188 310.10870361 -14.17366505 0.891841 -0.309231 0.330145
581.24499512 309.77990723 -15.08576107 0.743136 -0.222785 0.630964
581.01977539 309.87768555 -14.89226627 0.844101 -0.273137 0.461401
581.01092529 310.35122681 -14.11754799 0.953619 -0.257410 0.156047
581.27783203 310.02200317 -15.02870655 0.727551 -0.289421 0.622016
581.05651855 310.51626587 -14.29995441 0.933633 -0.340119 0.112470
581.09143066 310.58865356 -14.05016708 0.932433 -0.348485 0.095531
581.21447754 310.74615479 -14.21582603 0.945054 -0.299782 0.130399
581.18566895 310.82476807 -13.97983932 0.963636 -0.245079 0.106500
581.33825684 310.26141357 -14.96568108 0.756671 -0.271259 0.594867
581.48516846 310.41659546 -15.12617493 0.723009 -0.282500 0.630438
581.36315918 310.50427246 -14.91033459 0.771883 -0.297613 0.561804
581.24212646 310.98873901 -14.15989304 0.950175 -0.229728 0.210697
581.54632568 310.65588379 -15.06298161 0.739798 -0.278419 0.612521
581.41107178 310.74487305 -14.85002041 0.809697 -0.301466 0.503496
581.33154297 311.14953613 -14.33282566 0.882229 -0.331403 0.334430
581.32781982 311.22567749 -14.09140301 0.902349 -0.368811 0.223036
581.56530762 310.89935303 -15.00892067 0.757874 -0.246348 0.604102
581.60473633 311.14077759 -14.95044422 0.803548 -0.260568 0.535178
581.77838135 311.29333496 -15.10514259 0.724464 -0.283069 0.628509
581.65405273 311.38125610 -14.88981724 0.786666 -0.314347 0.531359
581.82263184 311.53430176 -15.04562473 0.752059 -0.295395 0.589193
581.92047119 312.01535034 -14.92454243 0.785517 -0.342158 0.515646
582.10394287 312.16696167 -15.07713413 0.801082 -0.326485 0.501672
582.00146484 312.25274658 -14.85708046 0.818289 -0.330798 0.470081
582.17095947 312.40570068 -15.01266956 0.832052 -0.231381 0.504135
582.18695068 312.89471436 -14.90931892 0.864061 -0.278877 0.419077
582.38085938 313.04531860 -15.05963612 0.747731 -0.282193 0.601054
582.27911377 313.13104248 -14.83942795 0.871385 -0.296545 0.390831
582.44451904 313.28439331 -14.99590397 0.810630 -0.236241 0.535788
582.45605469 313.52856445 -14.94346237 0.847690 -0.167756 0.503269
582.58819580 313.68515015 -15.10714626 0.809017 -0.087968 0.581165
582.43792725 313.77560425 -14.89743614 0.898698 -0.041644 0.436587
580.92736816 309.68295288 -14.38906097 0.869674 -0.368350 0.328611
580.80828857 309.71517944 -14.16137791 0.842257 -0.387407 0.374859
581.06854248 309.62817383 -14.86686897 0.859119 -0.175964 0.480574
580.96466064 309.90628052 -14.27577209 0.827346 -0.406554 0.387571
580.88055420 309.93502808 -14.03999710 0.815613 -0.387855 0.429354
581.13439941 309.82830811 -15.00219917 0.769844 -0.238917 0.591827
581.07043457 309.85504150 -14.76176834 0.893983 -0.262413 0.363227
580.98468018 310.13131714 -14.16647911 0.909146 -0.267053 0.319587
581.18066406 310.05072021 -14.88682747 0.796258 -0.302356 0.523979
581.01751709 310.35510254 -14.05421734 0.950039 -0.262777 0.168447
581.01184082 310.33532715 -14.31076431 0.968048 -0.211560 0.134629
581.32385254 310.24313354 -15.00427341 0.755243 -0.270748 0.596911
581.19268799 310.27658081 -14.77938461 0.807376 -0.318826 0.496481
581.12988281 310.55056763 -14.17879581 0.934860 -0.350081 0.059002
581.34149170 310.46841431 -14.89552879 0.774540 -0.297411 0.558242
581.16540527 310.77407837 -14.06591797 0.952386 -0.288721 0.097982
581.16003418 310.75427246 -14.32238293 0.930206 -0.314732 0.188839
581.20239258 310.97708130 -14.20792770 0.951235 -0.228675 0.207026
581.22619629 310.99505615 -13.94719028 0.963819 -0.210549 0.163470
581.22985840 311.20138550 -14.09691143 0.917746 -0.306876 0.252128
581.33642578 311.17041016 -14.32748318 0.880462 -0.350063 0.319755
581.42797852 311.38830566 -14.20163631 0.908959 -0.378138 0.175513
581.50891113 311.60729980 -14.07825565 0.951081 -0.307813 -0.026384
581.53643799 311.83157349 -13.96722317 0.958545 -0.281925 -0.041349
581.46881104 311.81796265 -14.23809338 0.951504 -0.302693 0.054919
581.69073486 312.02288818 -14.08209705 0.961976 -0.255585 0.096326
581.70544434 312.24844360 -13.97402191 0.954234 -0.298120 0.023700
581.67767334 312.45791626 -14.13101387 0.920427 -0.308724 0.239799
582.05828857 312.13183594 -14.91331673 0.799082 -0.339729 0.496037
582.15490723 312.32891846 -15.04152679 0.820208 -0.258932 0.510111
582.02850342 312.36187744 -14.81554127 0.832866 -0.301582 0.464092
582.15325928 312.55609131 -14.93724442 0.845187 -0.220022 0.487083
582.27392578 312.75073242 -15.05989265 0.765976 -0.219072 0.604391
582.13983154 312.78445435 -14.83568859 0.886332 -0.258576 0.384127
582.26538086 312.97866821 -14.95721626 0.799272 -0.305464 0.517548
582.42535400 313.16937256 -15.07077217 0.762963 -0.274413 0.585308
582.30883789 313.20135498 -14.84250069 0.862175 -0.279253 0.422695
582.43145752 313.39581299 -14.96469975 0.825365 -0.222037 0.519107
582.55737305 313.58993530 -15.08612919 0.800886 -0.125369 0.585546
582.42718506 313.62326050 -14.86102009 0.896507 -0.134973 0.421969
582.50518799 313.82220459 -14.99354362 0.848226 -0.054499 0.526823
581.35693359 311.36337280 -14.25362492 0.888895 -0.394900 0.232207
581.40570068 311.60815430 -14.22047234 0.955094 -0.296239 0.006146
581.43286133 311.45675659 -14.00325871 0.926610 -0.373527 0.043251
581.22540283 311.22872925 -14.07382393 0.913410 -0.336216 0.229435
581.63403320 311.83398438 -14.14498997 0.940382 -0.333515 0.066703
581.49456787 311.70016479 -13.96704102 0.941770 -0.319267 -0.105532
581.54675293 312.09310913 -14.14390087 0.959574 -0.256494 0.115878
581.54980469 311.94424438 -13.93235588 0.958545 -0.281925 -0.041349
581.61706543 312.33560181 -14.10566425 0.944620 -0.293251 0.147301
581.88250732 312.55752563 -14.02143478 0.907407 -0.321037 0.271196
580.90039063 309.76351929 -14.28041553 0.850402 -0.390221 0.352909
580.77893066 309.62780762 -14.09821892 0.848828 -0.378468 0.369124
581.07592773 309.99493408 -14.21737194 0.866920 -0.323753 0.378990
580.86517334 309.86862183 -14.05623531 0.825125 -0.381680 0.416522
581.04718018 310.24786377 -14.20247936 0.961800 -0.201307 0.185518
580.93579102 310.11108398 -14.01792812 0.857181 -0.316616 0.406196
581.11798096 310.49032593 -14.16413116 0.938942 -0.337494 0.066973
581.02197266 310.35189819 -13.97594547 0.943081 -0.270432 0.193558
581.19561768 310.73202515 -14.12416744 0.940907 -0.314536 0.125544
581.22857666 310.97848511 -14.09473324 0.956545 -0.222794 0.188107
585.69396973 312.76361084 -16.34651756 0.043983 0.747703 0.662575
585.46472168 312.79357910 -16.24199867 0.109048 0.551057 0.827312
585.14379883 312.21398926 -16.22637749 -0.089260 0.042977 0.995081
585.14166260 312.65640259 -16.21031952 0.087870 0.250875 0.964023
584.79785156 312.03601074 -16.21248055 -0.034509 -0.038691 0.998655
585.27093506 312.89447021 -16.37478447 0.195839 0.815237 0.545010
584.78314209 312.45599365 -16.20620155 -0.042013 -0.007173 0.999091
584.43542480 311.82864380 -16.21139717 -0.017390 -0.029665 0.999409
585.04321289 312.92721558 -16.26905060 0.213526 0.668634 0.712274
584.36602783 312.15124512 -16.24755669 0.002950 -0.004916 0.999984
584.77453613 312.88684082 -16.19517326 0.121757 0.263153 0.957040
584.85925293 313.04556274 -16.39422607 0.282985 0.657101 0.698669
584.63659668 313.08737183 -16.28454590 0.098398 0.419923 0.902210
584.32421875 312.96914673 -16.24460602 0.133123 0.191444 0.972434
584.22406006 313.23690796 -16.30466080 0.458264 0.220868 0.860936
584.06237793 312.94104004 -16.16539383 0.307228 0.013682 0.951537
584.02117920 313.31378174 -16.17969322 0.462186 0.265642 0.846061
583.77832031 313.31954956 -16.08571434 0.379847 0.254721 0.889288
583.53942871 313.33227539 -15.98869801 0.462387 0.168808 0.870461
587.26416016 312.09246826 -14.97940540 0.784297 -0.248909 -0.568263
585.25152588 312.85113525 -16.28077888 0.126611 0.656888 0.743282
585.07690430 312.96914673 -16.41983032 0.220153 0.729158 0.647967
584.96942139 312.81246948 -16.22187805 0.179770 0.437002 0.881312
584.85302734 313.02764893 -16.32101059 0.277354 0.572141 0.771835
584.63598633 312.68832397 -16.19810677 -0.046199 0.005133 0.998919
584.60949707 313.05334473 -16.23568153 0.051217 0.361147 0.931101
584.23065186 312.44436646 -16.22356224 0.146124 -0.042572 0.988350
584.25769043 312.89852905 -16.22450447 0.193934 0.111356 0.974674
584.44854736 313.19421387 -16.36534119 0.134618 0.367771 0.920121
584.21319580 313.23348999 -16.27441216 0.465694 0.218529 0.857540
584.01043701 312.91806030 -16.14168930 0.307932 -0.018700 0.951224
584.00683594 313.32122803 -16.16358566 0.454926 0.314227 0.833249
586.08276367 312.64584351 -16.22885132 -0.098582 0.681246 0.725387
586.05725098 312.52151489 -16.00838089 -0.222283 0.531946 0.817082
585.85681152 312.63650513 -16.10505295 -0.128958 0.591427 0.795980
585.85913086 312.71343994 -16.34306526 0.052278 0.812430 0.580711
585.64306641 312.72436523 -16.21177101 -0.029308 0.595939 0.802494
585.43786621 312.82968140 -16.31202316 0.159149 0.662362 0.732085
585.22351074 312.91625977 -16.41921806 0.154789 0.791978 0.590602
583.92034912 312.58767700 -16.17106438 0.252952 -0.058565 0.965705
584.15826416 313.14627075 -16.23080254 0.488988 0.147426 0.859742
583.98834229 313.25152588 -16.06459045 0.425727 0.212122 0.879637
583.81292725 313.41775513 -16.14229965 0.407785 0.306224 0.860197
583.61352539 313.46270752 -15.99841690 0.434829 0.239231 0.868154
586.21697998 312.55154419 -15.99599648 -0.277258 0.475520 0.834871
586.00628662 312.63784790 -16.13237953 -0.114129 0.656612 0.745544
585.48345947 312.62536621 -16.21995354 0.035293 0.380381 0.924156
585.58135986 312.80499268 -16.40772247 0.165921 0.710871 0.683471
585.36138916 312.84869385 -16.29197884 0.161784 0.621431 0.766583
585.15515137 312.94180298 -16.42516136 0.201512 0.770668 0.604536
585.09039307 312.81350708 -16.21327782 0.208705 0.475968 0.854340
582.74414063 309.40200806 -16.08773422 0.332808 -0.061341 0.940997
584.73669434 312.23870850 -16.21114349 -0.063873 -0.011518 0.997892
584.73193359 312.64328003 -16.19803238 -0.018977 -0.004994 0.999807
582.50390625 309.41436768 -15.98670673 0.394361 -0.097560 0.913762
583.04626465 309.89709473 -16.12730789 0.248083 -0.074299 0.965885
582.73413086 309.79833984 -16.07847786 0.299009 -0.073782 0.951394
584.67242432 312.96313477 -16.22469330 0.102630 0.318554 0.942333
584.30267334 312.36349487 -16.23422623 0.088699 -0.036137 0.995403
582.26220703 309.42449951 -15.88672924 0.383161 -0.182253 0.905523
582.48730469 309.80059814 -15.98219490 0.493996 -0.045409 0.868277
583.97180176 311.82397461 -16.21552277 0.147701 -0.056987 0.987389
583.98901367 312.26248169 -16.18646812 0.209797 -0.054571 0.976221
583.67053223 311.74212646 -16.15876198 0.258126 -0.082651 0.962569
584.29919434 312.77008057 -16.22017479 0.093238 0.007502 0.995616
583.70770264 312.21139526 -16.11524582 0.278793 -0.094660 0.955675
583.39965820 311.70709229 -16.07999229 0.327347 -0.102881 0.939287
583.98126221 312.66235352 -16.17555428 0.218352 -0.070317 0.973333
582.54022217 310.29418945 -15.92725658 0.449367 -0.171257 0.876778
582.81671143 310.74978638 -15.98539352 0.417653 -0.131667 0.899016
582.60400391 310.80465698 -15.86439133 0.492793 -0.138098 0.859118
582.33575439 310.36187744 -15.80023098 0.533833 -0.189034 0.824190
583.10290527 311.22027588 -16.03652191 0.357159 -0.119053 0.926425
582.86083984 311.22982788 -15.93681526 0.442309 -0.138848 0.886050
583.15063477 311.70590210 -15.98532391 0.391421 -0.133279 0.910509
583.43481445 312.17330933 -16.03790855 0.353032 -0.125003 0.927223
583.70684814 312.62191772 -16.09931564 0.352494 -0.089799 0.931496
584.03924561 313.16378784 -16.11692238 0.473185 0.062080 0.878773
581.63647461 309.60842896 -15.51465130 0.563106 -0.255672 0.785839
582.42077637 310.90515137 -15.72195816 0.512508 -0.132872 0.848340
582.66259766 311.30706787 -15.80530930 0.485321 -0.153954 0.860675
582.91381836 311.72357178 -15.88180828 0.461062 -0.152718 0.874128
583.20080566 312.19531250 -15.93235493 0.409351 -0.149763 0.900002
583.50091553 312.68731689 -15.97338390 0.418310 -0.122535 0.900001
583.77612305 313.14083862 -16.03248405 0.344386 0.095142 0.933995
583.90423584 313.36715698 -16.19832993 0.420914 0.364162 0.830793
581.47381592 309.74063110 -15.35732841 0.641765 -0.244407 0.726913
582.45599365 311.37142944 -15.67985058 0.526304 -0.168477 0.833439
582.72436523 311.81442261 -15.74390030 0.512683 -0.164950 0.842584
582.97900391 312.23617554 -15.81793594 0.476352 -0.169599 0.862743
583.26696777 312.70944214 -15.86776543 0.425432 -0.150405 0.892405
583.50506592 313.10559082 -15.95382690 0.469946 -0.009319 0.882646
583.70324707 313.44009399 -16.06884193 0.419740 0.234517 0.876824
582.51794434 311.87908936 -15.61830521 0.561658 -0.190264 0.805196
582.28039551 311.48370361 -15.53188610 0.599177 -0.201780 0.774772
582.78857422 312.32553101 -15.68074226 0.540394 -0.199413 0.817441
583.04321289 312.74725342 -15.75477791 0.505296 -0.174394 0.845141
583.32672119 313.21362305 -15.80785465 0.554502 -0.043299 0.831055
583.49694824 313.50494385 -15.94315720 0.509032 0.315568 0.800814
582.36810303 312.03112793 -15.45166683 0.639085 -0.223445 0.735964
582.14019775 311.65066528 -15.35823917 0.694916 -0.217064 0.685547
582.61523438 312.44131470 -15.53112221 0.597165 -0.229199 0.768675
582.87182617 312.86605835 -15.60374737 0.584152 -0.208075 0.784520
583.11840820 313.27529907 -15.68365002 0.568946 -0.081687 0.818308
583.28784180 313.56542969 -15.81951237 0.644106 0.240949 0.725997
582.24780273 312.22891235 -15.26352978 0.747204 -0.260652 0.611348
582.48498535 312.62365723 -15.35023975 0.675806 -0.254812 0.691633
582.72045898 313.01580811 -15.43818188 0.631250 -0.247148 0.735147
582.95568848 313.40756226 -15.52630329 0.690223 -0.052874 0.721662
583.09765625 313.65521240 -15.68211746 0.636057 0.126616 0.761183
582.40173340 312.87860107 -15.13525581 0.731071 -0.254217 0.633174
582.16601563 312.48608398 -15.04749298 0.828521 -0.231251 0.509977
582.59759521 313.20953369 -15.25195026 0.717039 -0.241114 0.654002
582.81469727 313.57327271 -15.35323811 0.768466 0.067510 0.636319
582.90887451 313.74703979 -15.54376030 0.728566 0.202637 0.654317
582.28118896 313.07592773 -14.94734287 0.802236 -0.308552 0.511089
582.24011230 312.98419189 -14.71828270 0.898434 -0.319278 0.301458
582.49450684 313.43389893 -15.05134010 0.813041 -0.205930 0.544570
582.66259766 313.72186279 -15.18820953 0.810204 -0.004099 0.586134
582.71893311 313.83718872 -15.40618515 0.792315 0.227926 0.565939
582.39697266 313.63842773 -14.58788204 0.929733 -0.053917 0.364266
582.42535400 313.71057129 -14.82614517 0.911222 -0.057877 0.407829
582.51782227 313.88177490 -15.01787663 0.852760 -0.028745 0.521511
582.33007813 313.94699097 -14.61987019 0.925318 0.070767 0.372531
582.25000000 313.79504395 -14.41909218 0.933678 0.011464 0.357931
582.13391113 313.99920654 -14.22795582 0.944470 0.091145 0.315704
586.12078857 312.63369751 -16.21361351 -0.098372 0.679793 0.726777
585.88452148 312.65756226 -16.11553764 -0.083156 0.698798 0.710469
585.56005859 312.12393188 -16.10361290 -0.226135 0.099803 0.968970
585.43231201 312.33441162 -16.18668938 -0.166265 0.117001 0.979115
585.68225098 312.74835205 -16.25698280 -0.001381 0.664449 0.747332
585.39215088 312.68563843 -16.20112038 0.077658 0.410088 0.908734
585.48040771 312.83981323 -16.39810181 0.172506 0.719029 0.673231
585.25341797 312.87850952 -16.29278755 0.136489 0.745441 0.652448
585.02465820 312.49865723 -16.20586967 -0.006978 0.014953 0.999864
584.68762207 311.94485474 -16.20377541 -0.043134 -0.036822 0.998391
584.66101074 312.31787109 -16.20758438 -0.091302 -0.013964 0.995725
584.26452637 311.66857910 -16.25206757 0.030385 -0.045054 0.998522
584.98925781 312.85751343 -16.21656609 0.228388 0.576407 0.784598
585.05792236 312.98019409 -16.42890930 0.226650 0.723718 0.651815
584.64733887 312.71166992 -16.20125771 -0.046959 0.021914 0.998656
582.49389648 309.16580200 -16.02535439 0.350874 -0.145620 0.925031
582.74835205 309.58697510 -16.09212303 0.326686 -0.042277 0.944187
582.50994873 309.60726929 -15.99577522 0.451765 -0.036411 0.891393
582.23876953 309.15936279 -15.94205856 0.357257 -0.186457 0.915205
583.03369141 310.05770874 -16.13472748 0.258801 -0.071959 0.963246
582.77600098 310.04702759 -16.05348587 0.299583 -0.118502 0.946682
584.58258057 313.02325439 -16.23502350 0.034325 0.319091 0.947102
584.25714111 312.48818970 -16.22379875 0.132728 -0.039705 0.990357
582.33813477 309.73468018 -15.84719753 0.541799 -0.096288 0.834974
582.00097656 309.18072510 -15.84519577 0.394396 -0.226002 0.890716
582.51141357 310.02539063 -15.97758961 0.433888 -0.108121 0.894456
582.80377197 310.50741577 -16.01468277 0.398944 -0.124583 0.908473
583.93609619 311.96008301 -16.20919037 0.184881 -0.073711 0.979993
583.95825195 312.41140747 -16.17480087 0.221279 -0.027510 0.974823
583.66021729 311.92028809 -16.14214325 0.259197 -0.099295 0.960707
584.24230957 312.88006592 -16.21840858 0.207419 0.059436 0.976445
584.41198730 313.16503906 -16.35160255 0.137655 0.323013 0.936330
581.79455566 309.25241089 -15.72377205 0.457169 -0.244532 0.855103
582.14465332 309.82717896 -15.71564007 0.497128 -0.148112 0.854943
582.31329346 310.11041260 -15.84967518 0.570698 -0.103103 0.814661
582.59606934 310.57702637 -15.89428616 0.481131 -0.166262 0.860738
583.07696533 310.95861816 -16.06681252 0.331297 -0.105961 0.937558
582.85321045 311.00256348 -15.95893097 0.417653 -0.131667 0.899016
583.69995117 312.39981079 -16.09400177 0.319322 -0.071684 0.944931
583.40679932 311.91650391 -16.05753899 0.333515 -0.114772 0.935732
583.96911621 312.84451294 -16.14930725 0.279423 -0.081123 0.956735
584.17584229 313.18896484 -16.25347900 0.484437 0.189303 0.854099
581.91217041 309.85708618 -15.61459923 0.483194 -0.222663 0.846726
581.61645508 309.36972046 -15.58012009 0.552253 -0.241125 0.798045
582.15911865 310.26614380 -15.68727493 0.577040 -0.134989 0.805483
582.41638184 310.69174194 -15.75189495 0.510234 -0.168095 0.843448
582.64501953 311.07144165 -15.83888340 0.492793 -0.138098 0.859118
583.44989014 312.40145874 -16.00675964 0.375419 -0.135374 0.916916
583.17474365 311.94705200 -15.95619392 0.388893 -0.136183 0.911162
583.71032715 312.83221436 -16.06885910 0.360444 -0.128434 0.923897
583.96520996 313.25396729 -16.13534737 0.427317 0.252163 0.868225
581.98034668 310.38223267 -15.54420757 0.574584 -0.141048 0.806200
582.20794678 310.76028442 -15.63201237 0.532679 -0.152830 0.832404
582.44427490 311.15231323 -15.71300030 0.511002 -0.142026 0.847765
582.70648193 311.58587646 -15.77372169 0.495492 -0.157322 0.854246
583.22369385 312.44137573 -15.90083885 0.418871 -0.159775 0.893879
582.94702148 311.98464966 -15.85141754 0.462777 -0.162045 0.871538
583.49957275 312.89697266 -15.95081997 0.440949 -0.102188 0.891696
583.73333740 313.28482056 -16.03384018 0.385434 0.202171 0.900315
582.02758789 310.87390137 -15.49015903 0.616242 -0.192095 0.763771
581.80725098 310.50759888 -15.39663315 0.627399 -0.185612 0.756253
582.25427246 311.25039673 -15.57871246 0.585930 -0.181106 0.789865
582.50524902 311.66598511 -15.64821053 0.540813 -0.189360 0.819551
582.75836182 312.08493042 -15.71605492 0.529314 -0.185486 0.827902
583.01342773 312.50698853 -15.78240299 0.493562 -0.173414 0.852247
583.28833008 312.96093750 -15.83317947 0.457675 -0.130559 0.879482
583.48663330 313.29187012 -15.94395828 0.512508 0.126312 0.849341
581.57769775 310.12643433 -15.31034565 0.640784 -0.240885 0.728951
581.68768311 310.71884155 -15.20715046 0.698348 -0.268840 0.663351
581.46795654 310.35348511 -15.11315727 0.722689 -0.268427 0.636920
582.33972168 311.80337524 -15.49475479 0.629092 -0.205575 0.749655
582.57611084 312.19546509 -15.57569599 0.577904 -0.214210 0.787490
582.83520508 312.62402344 -15.63886833 0.566493 -0.210324 0.796775
583.07818604 313.02670288 -15.71465015 0.528717 -0.165317 0.832543
583.30743408 313.40737915 -15.80117130 0.611399 0.151723 0.776641
583.39068604 313.55343628 -16.00212097 0.562099 0.360069 0.744577
581.58068848 310.95028687 -15.00783634 0.771516 -0.245696 0.586853
582.42980957 312.36380005 -15.40715504 0.645086 -0.244470 0.723947
582.67596436 312.77151489 -15.48048401 0.628642 -0.226186 0.744076
582.91998291 313.17593384 -15.55542469 0.620671 -0.195596 0.759282
583.11035156 313.49407959 -15.67243862 0.614272 0.052490 0.787347
582.54577637 312.96575928 -15.29931259 0.706461 -0.240732 0.665553
582.78631592 313.36447144 -15.37703228 0.681844 -0.166266 0.712351
582.93280029 313.61224365 -15.52836704 0.704808 0.153087 0.692683
582.64916992 313.54757690 -15.20127678 0.760410 -0.079662 0.644538
582.44915771 313.21386719 -15.09185028 0.764813 -0.246562 0.595204
582.77227783 313.75769043 -15.37098694 0.792000 0.171120 0.586050
582.51422119 313.73410034 -15.02386379 0.833004 -0.081443 0.547239
582.32629395 313.82318115 -14.62180233 0.927487 -0.006379 0.373801
582.16314697 313.95190430 -14.20038605 0.946358 0.093451 0.309310
583.51654053 313.42697144 -15.99836731 0.469796 0.238699 0.849891
583.32019043 313.57962036 -15.97316170 0.614273 0.365288 0.699452
583.33148193 313.36532593 -15.82230282 0.607962 0.129322 0.783364
583.18377686 313.57431030 -15.76370430 0.660184 0.110769 0.742891
583.09228516 313.24102783 -15.68335342 0.564371 -0.121670 0.816506
583.18011475 312.96273804 -15.78303814 0.479160 -0.159720 0.863073
583.00219727 313.51663208 -15.58526707 0.682047 0.089090 0.725861
582.86010742 313.73214722 -15.52279758 0.746831 0.182491 0.639484
582.87347412 313.14031982 -15.53044224 0.621361 -0.201981 0.757043
582.82489014 313.46395874 -15.40388298 0.744734 -0.001382 0.667359
582.72528076 313.72860718 -15.31229019 0.803771 0.112733 0.584161
582.65814209 313.04357910 -15.37517262 0.662481 -0.248233 0.706752
582.63043213 313.39141846 -15.23427677 0.716804 -0.213020 0.663938
582.57458496 313.70672607 -15.11266232 0.810228 -0.078872 0.580783
582.46112061 312.96810913 -15.20730019 0.742915 -0.243450 0.623546
582.45941162 313.34600830 -15.04857063 0.805895 -0.216440 0.551078
582.45172119 313.71701050 -14.89393806 0.898631 -0.075458 0.432166
582.32342529 313.34115601 -14.83883858 0.857133 -0.277533 0.433933
582.33502197 313.73449707 -14.67096710 0.930887 -0.016646 0.364928
582.28839111 313.45309448 -14.55987072 0.932474 -0.170930 0.318236
582.26617432 313.80728149 -14.41520309 0.934515 0.024356 0.355090
582.20019531 313.50350952 -14.31736946 0.957659 -0.033712 0.285924
582.17651367 313.85601807 -14.17370033 0.952299 0.062803 0.298635
586.41510010 308.02423096 -13.95841408 0.852777 -0.231749 -0.468043
586.62500000 308.42440796 -13.81871700 0.775221 -0.208061 -0.596442
586.77313232 309.16424561 -13.94105339 0.843428 -0.283206 -0.456534
586.96868896 309.53643799 -13.83763218 0.850403 -0.297873 -0.433690
586.75726318 311.41564941 -15.29218483 0.690708 -0.223971 -0.687575
586.54821777 311.47753906 -15.53523254 -0.579956 0.194339 0.791128
584.88366699 308.32421875 -15.83242321 -0.448899 0.161255 0.878912
584.71270752 308.46041870 -15.97912216 -0.408474 0.146595 0.900921
585.41131592 309.32543945 -15.67170811 -0.617411 0.185376 0.764486
585.60223389 309.68856812 -15.58000183 0.621989 -0.428555 -0.655340
585.22009277 309.42208862 -15.86964798 -0.488484 0.282478 0.825585
586.38616943 311.63107300 -15.65949154 -0.530882 0.202313 0.822942
586.20953369 311.29592896 -15.71487808 -0.509103 0.126188 0.851405
584.41265869 308.35430908 -16.06092072 -0.324263 0.126178 0.937514
584.57281494 308.65734863 -16.04713631 -0.325885 0.097100 0.940410
585.06146240 309.58248901 -15.98503017 -0.386959 0.157335 0.908575
584.90496826 309.28652954 -15.98961258 -0.351911 0.136624 0.926009
585.53717041 310.02178955 -15.85035896 -0.430911 0.195601 0.880940
585.38952637 310.20364380 -15.93792915 -0.357267 0.158318 0.920487
585.22851563 309.89892578 -15.95385838 -0.364569 0.131688 0.921818
586.06793213 311.48956299 -15.78718281 -0.506500 0.193883 0.840159
585.87890625 311.13006592 -15.87411594 -0.461430 0.093969 0.882186
584.27404785 308.55374146 -16.12568474 -0.269662 0.077959 0.959794
584.73779297 308.96978760 -16.02117729 -0.360581 0.095885 0.927786
584.43884277 308.86584473 -16.10013962 -0.281161 0.078314 0.956460
584.60247803 309.17565918 -16.07759285 -0.311133 0.085332 0.946528
584.76257324 309.47851563 -16.06401634 -0.311476 0.140096 0.939870
584.92187500 309.77987671 -16.05242157 -0.333617 0.112106 0.936019
585.08544922 310.08956909 -16.03001404 -0.332842 0.138342 0.932780
585.55377197 310.51464844 -15.91381454 -0.392078 0.126972 0.911127
585.24218750 310.38595581 -16.02485466 -0.337727 0.141983 0.930473
585.40338135 310.69097900 -16.00851059 -0.377954 0.132493 0.916295
585.73034668 311.30999756 -15.96415424 -0.434322 0.120252 0.892695
585.89263916 311.61724854 -15.94492722 -0.427644 0.192513 0.883210
583.98107910 308.46139526 -16.18961143 -0.198579 0.056565 0.978451
584.14410400 308.77008057 -16.16853905 -0.216862 0.064936 0.974040
584.30389404 309.07241821 -16.15563202 -0.244570 0.071490 0.966993
584.46533203 309.37789917 -16.13868904 -0.258622 0.096501 0.961146
584.61877441 309.66787720 -16.14183235 -0.265672 0.119094 0.956679
584.77899170 309.97094727 -16.12800217 -0.298612 0.084759 0.950603
584.94219971 310.27993774 -16.10653877 -0.265672 0.119094 0.956679
585.09722900 310.57296753 -16.10571480 -0.290080 0.117886 0.949714
585.58905029 311.50424194 -16.03562737 -0.347836 0.133360 0.928022
585.42150879 311.18679810 -16.06811523 -0.346646 0.112830 0.931185
585.74438477 311.79779053 -16.03415871 -0.326404 0.135205 0.935510
583.85656738 308.68832397 -16.21874619 -0.137631 0.056672 0.988861
584.01489258 308.98776245 -16.20961952 -0.159857 0.047840 0.985980
584.17376709 309.28829956 -16.19908714 -0.186836 0.068707 0.979985
584.33288574 309.58926392 -16.18797874 -0.196268 0.090110 0.976401
584.48663330 309.87979126 -16.19040680 -0.203951 0.085289 0.975259
584.64703369 310.18328857 -16.17602158 -0.229365 0.070669 0.970772
584.81066895 310.49319458 -16.15336037 -0.212705 0.123547 0.969274
585.28448486 311.38922119 -16.12898064 -0.295434 0.087199 0.951375
585.11999512 311.07778931 -16.15362549 -0.255294 0.112744 0.960268
585.44458008 311.69213867 -16.11533546 -0.261777 0.083003 0.961553
585.59729004 311.98059082 -16.12046051 -0.234872 0.084152 0.968377
583.58190918 308.63183594 -16.23618126 -0.060691 0.030878 0.997679
583.73944092 308.92968750 -16.22913170 -0.072353 0.035637 0.996742
583.89178467 309.21743774 -16.23517990 -0.095838 0.036352 0.994733
584.04943848 309.51565552 -16.22764587 -0.121771 0.051212 0.991236
584.20635986 309.81228638 -16.22216225 -0.122293 0.056003 0.990913
584.35571289 310.09423828 -16.23572922 -0.145792 0.042475 0.988403
584.52722168 310.41949463 -16.19311905 -0.160307 0.072435 0.984406
584.67095947 310.69039917 -16.22098351 -0.170252 0.085730 0.981664
584.98901367 311.29208374 -16.19911003 -0.190026 0.071411 0.979179
584.83410645 310.99926758 -16.19965744 -0.171978 0.060489 0.983242
585.14947510 311.59564209 -16.18465805 -0.231259 0.035113 0.972258
585.32580566 311.93032837 -16.12987137 -0.209768 0.056989 0.976089
583.46820068 308.87979126 -16.23803520 0.006992 0.014983 0.999863
583.61425781 309.15527344 -16.25997162 -0.009008 0.015013 0.999847
583.77441406 309.45831299 -16.24618721 -0.042527 0.021782 0.998858
583.92864990 309.74975586 -16.24746323 -0.047343 0.030510 0.998413
584.08264160 310.04080200 -16.24922180 -0.060190 0.024287 0.997891
584.23870850 310.33587646 -16.24574661 -0.092269 0.024967 0.995421
584.39459229 310.63046265 -16.24293900 -0.095623 0.064123 0.993350
584.55017090 310.92462158 -16.24066162 -0.096032 0.040841 0.994540
584.71032715 311.22766113 -16.22687721 -0.113521 0.046083 0.992466
584.86077881 311.51162720 -16.23779297 -0.116225 0.025459 0.992896
585.02026367 311.81341553 -16.22562218 -0.142343 -0.016812 0.989675
585.18878174 312.13272095 -16.19076157 -0.157908 0.052636 0.986050
583.20111084 308.83807373 -16.23637581 0.124164 -0.009889 0.992212
583.35198975 309.12298584 -16.24609184 0.082069 -0.011724 0.996558
583.50585938 309.41372681 -16.24824333 0.064273 -0.015805 0.997807
583.65960693 309.70428467 -16.25064659 0.044239 -0.009259 0.998978
583.81146240 309.99099731 -16.25801086 0.014894 -0.000993 0.999889
583.96832275 310.28759766 -16.25257301 -0.006924 -0.004945 0.999964
584.12438965 310.58273315 -16.24905205 -0.023341 0.015223 0.999612
584.27661133 310.87014771 -16.25549316 -0.031966 0.023717 0.999207
584.43371582 311.16732788 -16.24931908 -0.052990 0.013507 0.998504
584.58624268 311.45538330 -16.25497437 -0.046199 0.005133 0.998919
584.74304199 311.75189209 -16.24965477 -0.054645 -0.043930 0.997539
584.91094971 312.06997681 -16.21633720 -0.034442 -0.034442 0.998813
583.09729004 309.10540771 -16.21309280 0.183434 -0.029209 0.982598
583.25006104 309.39392090 -16.21812630 0.165502 -0.052820 0.984794
583.39953613 309.67608643 -16.23141670 0.140654 -0.042311 0.989154
583.54919434 309.95870972 -16.24410629 0.119435 -0.032370 0.992314
583.70513916 310.25338745 -16.24113846 0.086330 -0.038248 0.995532
583.85803223 310.54223633 -16.24575615 0.078646 -0.026933 0.996539
584.00976563 310.82891846 -16.25318718 0.042270 -0.013403 0.999016
584.16369629 311.11975098 -16.25520134 0.025067 -0.003008 0.999681
584.31787109 311.41104126 -16.25666046 0.004936 -0.006910 0.999964
584.47479248 311.70782471 -16.25099373 -0.019746 -0.046766 0.998711
584.63879395 312.01831055 -16.22756958 -0.049141 -0.024048 0.998502
584.80364990 312.33056641 -16.20181656 -0.033822 -0.017423 0.999276
582.85137939 309.10501099 -16.15786362 0.276280 -0.067479 0.958705
583.00061035 309.38662720 -16.17184639 0.245820 -0.066134 0.967057
583.15087891 309.67034912 -16.18308258 0.215897 -0.059768 0.974585
583.29418945 309.94046021 -16.21198463 0.205120 -0.046782 0.977618
583.44714355 310.22943115 -16.21646500 0.166227 -0.057767 0.984394
583.60192871 310.52194214 -16.21630859 0.132197 -0.054028 0.989750
583.75146484 310.80429077 -16.22936821 0.125187 -0.039473 0.991348
583.90246582 311.08947754 -16.23869133 0.107227 -0.029847 0.993786
584.05450439 311.37658691 -16.24556923 0.099581 -0.025169 0.994711
584.20697021 311.66461182 -16.25124931 0.060687 -0.033005 0.997611
584.36224365 311.95812988 -16.24982643 -0.000983 -0.006883 0.999976
584.51721191 312.25100708 -16.24921036 -0.062041 -0.017876 0.997913
584.67877197 312.55682373 -16.23182869 -0.051127 -0.017738 0.998535
582.61163330 309.11660767 -16.08706856 0.334053 -0.126804 0.933986
582.76226807 309.40100098 -16.09745216 0.328865 -0.061093 0.942399
582.90661621 309.67315674 -16.12370300 0.258848 -0.069447 0.963418
583.06060791 309.96417236 -16.12548447 0.249927 -0.069075 0.965798
583.19757080 310.22189331 -16.17045975 0.243978 -0.071317 0.967155
583.35156250 310.51278687 -16.17240334 0.221281 -0.086262 0.971387
583.50201416 310.79690552 -16.18315697 0.209269 -0.069756 0.975367
583.65191650 311.07998657 -16.19524574 0.199490 -0.059243 0.978107
583.80285645 311.36492920 -16.20491600 0.178966 -0.050964 0.982534
583.94879150 311.64025879 -16.22703743 0.151295 -0.045042 0.987462
584.10375977 311.93313599 -16.22642136 0.101283 -0.043407 0.993910
584.25488281 312.21853638 -16.23551369 0.127153 -0.032632 0.991346
584.40826416 312.50833130 -16.23890877 0.007257 -0.057019 0.998347
582.38226318 309.14840698 -15.99007702 0.348680 -0.163837 0.922811
582.53466797 309.43630981 -15.99591827 0.405362 -0.083256 0.910357
582.65820313 309.66790771 -16.07474709 0.387599 -0.038103 0.921040
582.81677246 309.96777344 -16.06506729 0.276329 -0.097299 0.956125
582.96002197 310.23779297 -16.09408379 0.299287 -0.087564 0.950137
583.10583496 310.51287842 -16.11655235 0.287604 -0.103748 0.952114
583.26196289 310.80795288 -16.11307716 0.268379 -0.088604 0.959230
583.40527344 311.07806396 -16.14197731 0.258126 -0.082651 0.962569
583.55676270 311.36413574 -16.15017128 0.250444 -0.074252 0.965279
583.70202637 311.63812256 -16.17404556 0.239422 -0.063267 0.968852
583.85107422 311.91946411 -16.18839645 0.214001 -0.080405 0.973519
584.00451660 312.20938110 -16.19163132 0.198014 -0.066814 0.977920
584.15386963 312.49139404 -16.20510483 0.152911 -0.035641 0.987597
582.14648438 309.16772461 -15.90927410 0.362413 -0.209362 0.908198
582.30615234 309.46987915 -15.89664268 0.401657 -0.158662 0.901941
582.44140625 309.72427368 -15.94590759 0.527394 -0.042911 0.848537
582.57348633 309.97247314 -16.00319672 0.416151 -0.104386 0.903284
582.72589111 310.26031494 -16.00910759 0.358860 -0.122370 0.925335
582.87036133 310.53271484 -16.03505707 0.353087 -0.115878 0.928387
583.01983643 310.81484985 -16.04836845 0.336015 -0.112005 0.935173
583.16546631 311.08956909 -16.07127571 0.319267 -0.105532 0.941770
583.31463623 311.37115479 -16.08530235 0.299510 -0.101596 0.948669
583.46246338 311.65005493 -16.10281181 0.303096 -0.090535 0.948650
583.60955811 311.92758179 -16.12209702 0.280038 -0.100293 0.954736
583.76025391 312.21218872 -16.13222694 0.272098 -0.088980 0.958147
583.90380859 312.48275757 -16.16053009 0.247293 -0.030455 0.968462
581.92041016 309.20617676 -15.80368042 0.424413 -0.235452 0.874320
582.07781982 309.50375366 -15.79697609 0.391634 -0.229069 0.891151
582.23626709 309.80349731 -15.78745842 0.529761 -0.114661 0.840361
582.35412598 310.02395630 -15.88072300 0.572349 -0.078895 0.816206
582.49945068 310.29800415 -15.90452766 0.473203 -0.182457 0.861852
582.64538574 310.57324219 -15.92676353 0.451629 -0.155384 0.878571
582.78906250 310.84405518 -15.95476723 0.442483 -0.136039 0.886398
582.93365479 311.11669922 -15.98037148 0.398944 -0.124583 0.908473
583.07958984 311.39190674 -16.00265503 0.370438 -0.129029 0.919852
583.22650146 311.66918945 -16.02228546 0.348842 -0.124489 0.928877
583.37365723 311.94674683 -16.04150200 0.347417 -0.115806 0.930532
583.52111816 312.22497559 -16.05990982 0.340876 -0.115436 0.932994
583.66632080 312.49880981 -16.08394623 0.347770 -0.081280 0.934050
581.70281982 309.26089478 -15.67696190 0.492191 -0.243795 0.835651
581.85589600 309.55020142 -15.68098164 0.475994 -0.249476 0.843321
582.01641846 309.85391235 -15.66632080 0.489786 -0.180134 0.853031
582.15667725 310.11807251 -15.70297146 0.579103 -0.122304 0.806028
582.28778076 310.36441040 -15.76268196 0.550216 -0.179386 0.815526
582.43499756 310.64212036 -15.78171253 0.505296 -0.174394 0.845141
582.57312012 310.90209961 -15.82376003 0.500699 -0.141597 0.853962
582.71319580 311.16598511 -15.86073303 0.475394 -0.143927 0.867921
582.85211182 311.42749023 -15.90077305 0.459892 -0.152330 0.874811
582.99810791 311.70281982 -15.92289543 0.424704 -0.144428 0.893738
583.14630127 311.98257446 -15.93932056 0.404186 -0.143238 0.903392
583.29107666 312.25549316 -15.96455574 0.391429 -0.145550 0.908625
583.44104004 312.53866577 -15.97653103 0.399755 -0.142669 0.905451
583.58630371 312.81262207 -16.00045204 0.418310 -0.122535 0.900001
581.50695801 309.35830688 -15.49494457 0.585402 -0.228260 0.777947
581.65014648 309.62820435 -15.52414608 0.559573 -0.255491 0.788418
581.80187988 309.91476440 -15.53171635 0.521588 -0.235407 0.820079
581.95159912 310.19735718 -15.54442978 0.551829 -0.169909 0.816466
582.08435059 310.44696045 -15.59992027 0.571217 -0.140950 0.808606
582.22131348 310.70465088 -15.64491844 0.526855 -0.155830 0.835548
582.36004639 310.96588135 -15.68530464 0.516993 -0.129612 0.846120
582.49829102 311.22613525 -15.72700500 0.503813 -0.151291 0.850461
582.64068604 311.49447632 -15.75819016 0.497757 -0.160996 0.852243
582.78253174 311.76174927 -15.79078102 0.489569 -0.160249 0.857113
582.92156982 312.02343750 -15.83056736 0.474171 -0.165886 0.864664
583.06890869 312.30151367 -15.84913826 0.456781 -0.164908 0.874160
583.21551514 312.57809448 -15.86966896 0.422128 -0.162800 0.891798
583.36077881 312.85202026 -15.89363575 0.440579 -0.129750 0.888288
581.46203613 309.74057007 -15.32268810 0.651693 -0.244582 0.717967
581.32385254 309.48046875 -15.28084946 0.702669 -0.206302 0.680953
581.60021973 310.00070190 -15.36452675 0.599696 -0.242697 0.762537
581.74310303 310.26995850 -15.39453602 0.607222 -0.195233 0.770172
581.87829590 310.52435303 -15.44382286 0.608524 -0.168444 0.775451
582.01306152 310.77774048 -15.49440193 0.624078 -0.185537 0.759014
582.14678955 311.02917480 -15.54749489 0.593929 -0.174685 0.785323
582.28497314 311.28930664 -15.58933353 0.577706 -0.180438 0.796051
582.42614746 311.55526733 -15.62363052 0.553680 -0.186582 0.811558
582.56823730 311.82296753 -15.65562344 0.547809 -0.182603 0.816432
582.71166992 312.09329224 -15.68424797 0.536294 -0.185814 0.823324
582.85388184 312.36138916 -15.71577835 0.534856 -0.192427 0.822740
582.99621582 312.62960815 -15.74712467 0.508521 -0.177460 0.842564
583.13946533 312.89962769 -15.77614212 0.483621 -0.163167 0.859934
583.28497314 313.17401123 -15.79950905 0.529734 -0.096185 0.842693
581.41711426 310.12289429 -15.15036201 0.710990 -0.241200 0.660542
581.55371094 310.37991333 -15.19625854 0.700043 -0.251257 0.668438
581.96142578 311.14697266 -15.33904934 0.692821 -0.220514 0.686566
582.09259033 311.39340210 -15.39864445 0.692821 -0.220514 0.686566
582.23126221 311.65438843 -15.43937683 0.639295 -0.213098 0.738844
582.36877441 311.91323853 -15.48287582 0.627218 -0.205975 0.751113
582.50653076 312.17248535 -15.52582169 0.599947 -0.215485 0.770474
582.64886475 312.44076538 -15.55709839 0.588258 -0.221955 0.777618
582.79193115 312.71041870 -15.58660030 0.581344 -0.221686 0.782876
582.93322754 312.97653198 -15.62066746 0.583601 -0.184375 0.790832
583.06939697 313.23278809 -15.66755676 0.574517 -0.131445 0.807869
581.39068604 310.54132080 -14.93126965 0.771946 -0.291270 0.565032
581.52990723 310.80346680 -14.97050285 0.755092 -0.264361 0.599958
581.93286133 311.56124878 -15.12530613 0.746627 -0.264728 0.610301
582.04949951 311.77932739 -15.22166061 0.737156 -0.243623 0.630276
582.17852783 312.02154541 -15.28669930 0.726052 -0.257836 0.637471
582.31555176 312.27935791 -15.33155918 0.701868 -0.258249 0.663844
582.59667969 312.80895996 -15.40310669 0.660343 -0.233708 0.713672
582.73901367 313.07717896 -15.43447590 0.638799 -0.233860 0.732970
582.87359619 313.33026123 -15.48542404 0.668648 -0.146408 0.729023
581.40698242 311.04318237 -14.60399723 0.861070 -0.337342 0.380473
581.28186035 310.80853271 -14.52911282 0.903094 -0.293174 0.313799
581.89648438 311.96014404 -14.93148804 0.787147 -0.335059 0.517818
582.05230713 312.25479126 -14.92858791 0.809907 -0.311017 0.497311
582.19189453 312.51763916 -14.96692181 0.826338 -0.221477 0.517797
582.55541992 313.19842529 -15.22153282 0.740044 -0.243539 0.626916
580.74963379 309.80813599 -14.30977821 0.854862 -0.389420 0.342876
581.94183350 312.51885986 -14.53055954 0.840234 -0.319569 0.438044
582.07141113 312.76211548 -14.59426022 0.867811 -0.297404 0.398064
582.17364502 313.43179321 -14.04945469 0.970628 0.001185 0.240583
582.20916748 313.49142456 -14.35118961 0.955660 -0.051897 0.289863
582.17150879 313.88793945 -14.16046143 0.949774 0.079256 0.302732
587.17053223 310.52468872 -14.10558224 0.873075 -0.306262 -0.379399
587.02111816 309.83511353 -13.92287064 0.859115 -0.305839 -0.410346
586.84875488 309.84136963 -14.31414986 0.854582 -0.336560 -0.395496
586.85760498 309.12078857 -13.77269173 0.839657 -0.279886 -0.465445
586.46466064 309.35778809 -14.65989399 0.803878 -0.250337 -0.539547
586.17858887 311.75588989 -15.79433823 -0.499469 0.193488 0.844448
586.13897705 311.99551392 -15.87905407 -0.457949 0.165330 0.873469
585.86376953 311.70339966 -15.97326469 -0.415454 0.172261 0.893154
585.89831543 311.45489502 -15.90021229 -0.456576 0.184699 0.870302
585.83959961 311.97018433 -16.02232552 -0.365450 0.090351 0.926436
586.59771729 308.54641724 -13.83820629 0.777577 -0.232182 -0.584351
586.61090088 308.26019287 -13.81467438 0.793372 -0.184257 -0.580182
585.94342041 311.22488403 -15.80282402 -0.479241 0.097545 0.872246
585.62768555 311.17077637 -15.98390865 -0.389502 0.117821 0.913459
585.65338135 310.90670776 -15.93128872 -0.370322 0.141141 0.918118
585.60797119 311.44540405 -16.02266121 -0.353810 0.128032 0.926513
585.58251953 311.70999146 -16.07463837 -0.288192 0.123511 0.949574
585.67523193 310.63577271 -15.88769245 -0.410915 0.158926 0.897714
585.38653564 310.62942505 -16.00600624 -0.373645 0.131956 0.918138
585.41394043 310.36822510 -15.94962215 -0.364434 0.134411 0.921478
585.36682129 310.90399170 -16.04485130 -0.342275 0.124092 0.931369
585.34191895 311.16949463 -16.09556580 -0.322381 0.108352 0.940389
585.49609375 309.58486938 -15.78012276 0.634535 -0.405903 -0.657729
585.18792725 309.54406738 -15.94371414 -0.427400 0.195341 0.882707
585.23876953 309.32415771 -15.83310127 -0.546032 0.199249 0.813725
585.12701416 310.36486816 -16.06401253 -0.302408 0.142390 0.942483
585.10461426 310.63479614 -16.10894203 -0.293240 0.118092 0.948717
585.09069824 310.91961670 -16.13433266 -0.270783 0.099762 0.957457
585.06811523 311.18917847 -16.17971992 -0.230159 0.103000 0.967687
585.28778076 308.79177856 -15.73341846 -0.509272 0.116859 0.852635
585.26849365 309.06713867 -15.77118301 -0.508190 0.113731 0.853702
584.99047852 308.77011108 -15.87186909 -0.436614 0.120104 0.891596
585.00317383 308.48309326 -15.84939384 -0.445142 0.148381 0.883081
584.95819092 309.02264404 -15.93966389 -0.432214 0.135513 0.891531
584.93945313 309.29898071 -15.97614384 -0.377813 0.135232 0.915953
585.18432617 309.84707642 -15.94520473 -0.368685 0.125657 0.921022
584.91064453 309.55761719 -16.03590393 -0.343610 0.139376 0.928712
584.86560059 310.40634155 -16.11953926 -0.235636 0.119750 0.964435
584.83184814 310.65631104 -16.19070816 -0.204199 0.103979 0.973392
584.82891846 310.96038818 -16.19077682 -0.171978 0.060489 0.983242
584.81652832 311.24789429 -16.21260834 -0.142509 0.054455 0.988294
584.70886230 308.46667480 -15.98095703 -0.407429 0.146220 0.901455
584.74206543 308.21572876 -15.91111946 -0.411780 0.174826 0.894356
584.69171143 308.74584961 -16.01374054 -0.367193 0.093492 0.925434
584.67437744 309.02459717 -16.04707527 -0.337271 0.089317 0.937161
584.66174316 309.31170654 -16.06943512 -0.310981 0.113448 0.943621
584.60437012 310.44812012 -16.17467308 -0.178540 0.086233 0.980147
584.57434082 310.70458984 -16.23730278 -0.145615 0.079319 0.986157
584.57086182 311.00775146 -16.23856544 -0.111609 0.025416 0.993427
584.43304443 308.48284912 -16.06967926 -0.308999 0.102116 0.945564
584.41638184 308.76287842 -16.10136032 -0.288584 0.084117 0.953752
582.54162598 309.16619873 -16.05204773 0.349730 -0.124806 0.928500
582.55657959 309.50183105 -16.01065254 0.415604 -0.055145 0.907872
582.35009766 309.33053589 -15.94617462 0.366509 -0.165566 0.915565
582.55102539 309.80133057 -16.01673508 0.438424 -0.052937 0.897208
582.36920166 309.67343140 -15.89525223 0.515038 -0.104729 0.850745
582.37023926 309.98458862 -15.88599873 0.576438 -0.072949 0.813878
582.69165039 312.21377563 -15.64427376 0.549424 -0.206608 0.809597
582.71948242 312.57208252 -15.57312489 0.591704 -0.222083 0.774961
582.53204346 312.43423462 -15.46468163 0.626916 -0.243539 0.740044
582.49859619 312.06616211 -15.54868793 0.598516 -0.214971 0.771730
582.75280762 312.94000244 -15.48932552 0.620577 -0.232912 0.748757
582.56707764 312.80523682 -15.37684155 0.676677 -0.241332 0.695605
582.60668945 313.18420410 -15.27855587 0.710990 -0.241200 0.660542
582.13391113 309.14227295 -15.90396690 0.363366 -0.209912 0.907690
582.16143799 309.49996948 -15.83359814 0.395580 -0.216172 0.892629
582.19079590 309.86090088 -15.75900555 0.532019 -0.111622 0.839343
582.20050049 310.18722534 -15.72984791 0.582222 -0.125288 0.803319
582.34997559 312.30593872 -15.34370422 0.673918 -0.247787 0.696014
582.31536865 311.93579102 -15.43044186 0.643203 -0.219592 0.733532
582.39501953 312.69451904 -15.23276806 0.731655 -0.251259 0.633680
582.44604492 313.09347534 -15.10821724 0.746370 -0.257206 0.613822
582.47570801 313.45501709 -15.03282070 0.820780 -0.198747 0.535555
581.94787598 309.31625366 -15.78542137 0.420842 -0.235132 0.876131
581.98199463 309.68551636 -15.69985485 0.440382 -0.243648 0.864118
582.01483154 310.05261230 -15.61715794 0.531371 -0.159262 0.832034
582.03125000 310.39077759 -15.57243347 0.571217 -0.140950 0.808606
582.22546387 312.58816528 -15.08300018 0.793465 -0.227367 0.564551
582.26916504 312.97436523 -14.97518635 0.788278 -0.293424 0.540851
582.34558105 313.41802979 -14.79188538 0.882620 -0.265236 0.388113
582.36920166 313.76889038 -14.73051643 0.927499 -0.003827 0.373806
581.81274414 309.88922119 -15.54225540 0.509560 -0.238615 0.826687
581.84088135 310.24798584 -15.47050953 0.566662 -0.173776 0.805416
582.04705811 310.72787476 -15.52915573 0.577855 -0.170490 0.798134
581.86151123 310.59359741 -15.41600513 0.633979 -0.195901 0.748126
582.06939697 311.07647705 -15.47072601 0.644937 -0.199513 0.737734
581.90020752 310.97091675 -15.31985474 0.691807 -0.217068 0.688683
582.10083008 311.44110107 -15.39126587 0.697536 -0.220028 0.681932
581.94256592 311.35470581 -15.21520901 0.723084 -0.257905 0.640808
582.20520020 313.05383301 -14.58127689 0.917168 -0.272984 0.290316
582.24334717 313.43023682 -14.48634338 0.947743 -0.149644 0.281761
582.27142334 313.78884888 -14.41475773 0.933283 0.016597 0.358759
581.58068848 309.36367798 -15.54360104 0.563989 -0.237714 0.790828
581.65142822 310.10659790 -15.36670399 0.605028 -0.232944 0.761366
581.61236572 309.72863770 -15.46368217 0.566870 -0.248298 0.785497
581.68115234 310.46826172 -15.29114723 0.660542 -0.241200 0.710990
581.72814941 310.86019897 -15.17578030 0.717629 -0.237116 0.654817
581.75280762 311.21289063 -15.11200047 0.720685 -0.255012 0.644657
581.82440186 311.64810181 -14.93981171 0.783068 -0.286334 0.552103
582.17529297 313.50231934 -14.10214710 0.963990 0.020770 0.265128
582.17572021 313.81237793 -14.09434032 0.956574 0.057166 0.285829
581.42572021 309.59228516 -15.35331059 0.647416 -0.241009 0.723027
581.46264648 309.96655273 -15.26117706 0.676349 -0.251849 0.692188
581.50280762 310.34649658 -15.16160583 0.708583 -0.255217 0.657856
581.55889893 310.75442505 -15.02523232 0.742101 -0.257916 0.618681
581.59777832 311.13208008 -14.92866802 0.807321 -0.260779 0.529365
581.66320801 311.55648804 -14.77066708 0.808015 -0.314667 0.498092
581.75323486 312.02404785 -14.55598164 0.838947 -0.362237 0.406144
581.25109863 309.47708130 -15.21515942 0.714660 -0.196030 0.671441
581.29315186 309.86029053 -15.11124897 0.710446 -0.244167 0.660037
581.33319092 310.24002075 -15.01195240 0.753878 -0.271396 0.598341
581.39196777 310.65264893 -14.86942577 0.800060 -0.295091 0.522327
581.46453857 311.08959961 -14.69494057 0.871128 -0.293416 0.393756
581.53326416 311.51977539 -14.52938747 0.891825 -0.285324 0.351053
581.58654785 311.92282104 -14.39944172 0.911718 -0.331929 0.242062
581.67584229 312.38909912 -14.18645477 0.919004 -0.303458 0.251683
581.10754395 309.72570801 -14.99853611 0.774772 -0.201780 0.599177
581.17755127 310.15820313 -14.82992840 0.803234 -0.315273 0.505388
581.26043701 310.61322021 -14.63170433 0.867288 -0.333100 0.369941
581.40997314 311.18551636 -14.27947521 0.884314 -0.341975 0.317871
581.52532959 311.69766235 -14.00622368 0.951769 -0.304617 -0.036655
581.47210693 311.91342163 -14.12230015 0.955289 -0.295361 0.013594
581.00402832 309.73562622 -14.69600105 0.916128 -0.220043 0.335099
581.06262207 310.14804077 -14.55375004 0.939471 -0.235216 0.249134
581.21582031 310.72668457 -14.19314098 0.940741 -0.312678 0.131298
581.21960449 311.04272461 -14.17750454 0.938817 -0.235052 0.251742
581.02087402 310.26647949 -14.10866833 0.947987 -0.227790 0.222334
581.00897217 310.55477905 -14.12944412 0.937467 -0.339815 0.075368
586.47570801 307.83627319 -13.83965302 0.847563 -0.242815 -0.471887
586.57843018 308.17843628 -13.81250572 0.804726 -0.193195 -0.561331
586.78393555 308.86279297 -13.75816536 0.800739 -0.284742 -0.527009
586.66198730 308.48782349 -13.82609177 0.757170 -0.212132 -0.617814
586.81555176 309.08340454 -13.88205719 0.837083 -0.284204 -0.467462
586.93206787 309.44918823 -13.82558060 0.848797 -0.292209 -0.440633
586.94915771 309.64483643 -13.98045254 0.851084 -0.304290 -0.427859
585.58227539 309.42276001 -15.53482246 -0.605729 0.212237 0.766843
585.26818848 309.37298584 -15.81679344 -0.557376 0.234440 0.796473
585.18298340 309.06069946 -15.80680084 -0.489866 0.125718 0.862685
584.98681641 308.39233398 -15.84125328 -0.439426 0.163878 0.883203
584.74761963 308.47042847 -15.96433640 -0.421276 0.144233 0.895390
584.92944336 309.11437988 -15.96021748 -0.410704 0.134079 0.901856
585.01470947 309.42660522 -15.97027588 -0.398010 0.183808 0.898778
585.41424561 309.95574951 -15.88869476 -0.385194 0.173266 0.906424
585.49279785 310.25650024 -15.91299438 -0.380431 0.141784 0.913876
585.18652344 310.05343628 -15.98742676 -0.345854 0.148620 0.926443
585.10162354 309.74176025 -15.97669697 -0.377019 0.120149 0.918380
585.58593750 310.58227539 -15.90622520 -0.400694 0.130753 0.906834
585.26507568 310.35430908 -16.01159286 -0.350115 0.142537 0.925798
585.66619873 310.88604736 -15.92677498 -0.371929 0.147368 0.916489
585.34851074 310.66345215 -16.02549171 -0.366166 0.128504 0.921634
585.76147461 311.21545410 -15.91547394 -0.453514 0.096881 0.885968
585.43627930 310.98001099 -16.03014946 -0.347199 0.127627 0.929066
582.34387207 311.83410645 -15.48504162 0.629092 -0.205575 0.749655
582.44085693 312.16638184 -15.47019196 0.636327 -0.229828 0.736388
582.25048828 312.16149902 -15.29838943 0.714084 -0.258084 0.650751
582.15155029 311.82577515 -15.31754684 0.695302 -0.233860 0.679606
582.54046631 312.50320435 -15.44967270 0.641268 -0.247369 0.726350
582.64080811 312.84130859 -15.42759132 0.647731 -0.230548 0.726149
582.46203613 312.85626221 -15.23114872 0.725175 -0.254364 0.639860
582.55590820 313.18328857 -15.22281647 0.742578 -0.237060 0.626403
581.77044678 310.50817871 -15.36266041 0.643787 -0.206322 0.736865
581.87103271 310.84667969 -15.34008789 0.688576 -0.227434 0.688576
581.69384766 310.86437988 -15.14024353 0.722657 -0.233570 0.650548
581.58789063 310.51666260 -15.17426777 0.704058 -0.287076 0.649530
581.96795654 311.17883301 -15.32534981 0.694823 -0.227425 0.682275
581.78216553 311.18188477 -15.14371967 0.716491 -0.244079 0.653503
582.05841064 311.50000000 -15.32431698 0.714276 -0.220378 0.664261
581.89074707 311.53402710 -15.10420704 0.749025 -0.275120 0.602719
581.98175049 311.85617065 -15.10192394 0.774611 -0.291076 0.561474
582.39410400 313.22720337 -14.99038601 0.801335 -0.268157 0.534746
581.52624512 310.89831543 -14.92020893 0.787390 -0.268750 0.554788
581.61975098 311.22470093 -14.91268063 0.797703 -0.275341 0.536522
581.72979736 311.57940674 -14.86997604 0.787527 -0.303874 0.536155
581.84497070 311.94284058 -14.81640053 0.797516 -0.337226 0.500246
581.68725586 311.99386597 -14.57515430 0.845095 -0.342099 0.410832
581.21710205 310.84445190 -14.23347855 0.957279 -0.256767 0.132992
581.30810547 311.16659546 -14.23119640 0.894501 -0.334880 0.296182
581.49890137 311.65936279 -14.01694012 0.950641 -0.306699 -0.047087
581.57196045 311.95077515 -14.05286884 0.958613 -0.284261 -0.015997
581.67388916 312.29153442 -14.02746201 0.947707 -0.296408 0.118297
580.73828125 309.84680176 -14.10122681 0.832442 -0.383839 0.399635
586.53308105 308.27191162 -13.82748222 0.804279 -0.187006 -0.564060
586.70239258 308.57745361 -13.82330322 0.764218 -0.249509 -0.594741
584.79431152 308.81857300 -15.97814655 -0.408837 0.113023 0.905582
584.98022461 309.15231323 -15.93962097 -0.449694 0.129912 0.883684
584.65124512 309.01086426 -16.05014992 -0.323035 0.083066 0.942735
585.16033936 309.47607422 -15.91322231 -0.432641 0.226051 0.872767
584.83325195 309.33801270 -16.01966476 -0.330668 0.129273 0.934851
585.54553223 310.61947632 -15.93069935 -0.390567 0.130189 0.911322
585.71734619 310.92922974 -15.92135143 -0.392122 0.139140 0.909330
585.39251709 310.79498291 -16.02315521 -0.359652 0.125396 0.924622
585.57226563 311.11819458 -15.99741840 -0.376188 0.117128 0.919110
582.37036133 312.01428223 -15.45404053 0.637617 -0.222932 0.737391
582.51599121 312.27954102 -15.49884987 0.613240 -0.226259 0.756798
582.34033203 312.39868164 -15.29229736 0.724464 -0.283069 0.628509
582.66528320 312.55099487 -15.53610516 0.603015 -0.225936 0.765066
582.48596191 312.66390991 -15.33712864 0.688109 -0.248352 0.681782
582.62896729 312.92477417 -15.38730526 0.665730 -0.248265 0.703682
582.32574463 312.80947876 -15.09846115 0.749658 -0.236322 0.618194
582.46789551 313.06881714 -15.15047073 0.748959 -0.250704 0.613358
581.79583740 311.83795166 -14.81029224 0.804520 -0.315778 0.503023
581.84283447 312.35333252 -14.48916912 0.817257 -0.374377 0.438101
581.69451904 312.08355713 -14.44985962 0.883776 -0.327828 0.333871
582.31970215 313.23474121 -14.88702297 0.828989 -0.275293 0.486817
582.44586182 313.46688843 -14.97209644 0.840318 -0.203668 0.502380
581.74670410 312.60784912 -14.11791420 0.899328 -0.333359 0.282985
581.85620117 312.81173706 -14.23742104 0.864927 -0.357954 0.351809
582.33599854 313.69808960 -14.62922287 0.930519 -0.027103 0.365239
582.25354004 313.54022217 -14.45374775 0.943229 -0.080247 0.322303
582.20086670 313.88623047 -14.33871841 0.941374 0.072211 0.329546
582.15753174 313.79479980 -14.08240414 0.957137 0.054368 0.284486
586.57617188 308.38598633 -13.80773354 0.800009 -0.203444 -0.564443
586.74108887 308.71780396 -13.78540516 0.781030 -0.276122 -0.560133
587.34698486 311.79431152 -14.65461445 0.834271 -0.231147 -0.500563
587.07586670 311.70254517 -15.05081177 0.763970 -0.243153 -0.597685
587.26647949 312.09133911 -14.96435547 0.782471 -0.252461 -0.569212
586.86639404 311.74728394 -15.29328728 0.687746 -0.258898 -0.678216
586.65899658 311.79653931 -15.53069401 -0.596705 0.239622 0.765849
586.53167725 311.54788208 -15.45936584 -0.588563 0.204384 0.782190
584.99664307 308.92352295 -15.89664268 -0.455229 0.133553 0.880301
584.84832764 309.10357666 -15.98675442 -0.372990 0.114237 0.920776
584.67938232 308.76272583 -16.01922417 -0.357330 0.095738 0.929058
586.75671387 308.87710571 -13.79763794 0.801342 -0.288105 -0.524257
585.63433838 309.51516724 -15.51285744 -0.592689 0.295546 0.749248
585.50610352 309.59045410 -15.76716137 0.636438 -0.410445 -0.653056
585.30065918 309.31112671 -15.77061653 -0.578283 0.211266 0.788007
586.04449463 310.07159424 -15.50821590 -0.623246 0.219146 0.750693
585.95922852 310.27124023 -15.63516903 -0.585748 0.191171 0.787625
585.73046875 309.92440796 -15.70775604 -0.538319 0.335847 0.772929
584.83868408 308.60455322 -15.92905807 -0.443393 0.120410 0.888203
585.06695557 308.94992065 -15.85793495 -0.471595 0.124708 0.872953
584.77551270 308.86816406 -15.99049664 -0.402002 0.115454 0.908331
584.99804688 309.19711304 -15.93622684 -0.439058 0.135865 0.888127
585.21240234 309.50213623 -15.90643024 -0.448306 0.236983 0.861894
585.43444824 309.82949829 -15.85379505 -0.441457 0.196367 0.875532
585.64898682 310.13513184 -15.82338333 -0.472860 0.169405 0.864700
585.88055420 310.49008179 -15.74245453 -0.503269 0.167756 0.847690
584.93212891 309.45263672 -16.00593567 -0.349797 0.154691 0.923966
585.15106201 309.77102661 -15.96244812 -0.375356 0.114119 0.919829
585.36840820 310.08477783 -15.92373657 -0.358190 0.158727 0.920057
585.58142090 310.38604736 -15.89782429 -0.407466 0.131122 0.903758
586.10900879 310.83599854 -15.67080116 -0.536294 0.185814 0.823324
585.80780029 310.72583008 -15.83243179 -0.462156 0.171658 0.870026
586.03039551 311.05484009 -15.77809906 -0.480963 0.119164 0.868605
585.30249023 310.34048462 -15.99330425 -0.353444 0.142764 0.924498
585.52191162 310.66018677 -15.94848061 -0.388047 0.133085 0.911980
585.73663330 310.96636963 -15.91751575 -0.408031 0.124793 0.904399
586.28594971 311.47912598 -15.62617207 -0.517524 0.184509 0.835539
585.98083496 311.35787964 -15.79916763 -0.499331 0.147896 0.853695
585.45806885 310.92178345 -16.01196861 -0.363639 0.131352 0.922233
585.67596436 311.23721313 -15.97153854 -0.421364 0.110591 0.900123
583.99481201 312.28161621 -16.18909073 0.206524 -0.051933 0.977062
584.19165039 312.53585815 -16.21129608 0.144530 -0.033003 0.988950
583.95996094 312.62707520 -16.16667938 0.224453 -0.060099 0.972630
583.77044678 312.39398193 -16.12282562 0.300652 -0.044400 0.952700
584.15130615 312.86557007 -16.20503807 0.262692 0.010895 0.964818
583.74005127 312.75244141 -16.08713722 0.353087 -0.115878 0.928387
583.55407715 312.52960205 -16.03275299 0.392970 -0.115253 0.912300
583.93334961 312.99670410 -16.11959457 0.379863 -0.043375 0.924025
584.10595703 313.18096924 -16.21347809 0.493532 0.116548 0.861883
583.53265381 312.91400146 -15.97048187 0.434798 -0.090294 0.895990
583.34851074 312.69635010 -15.91077137 0.421101 -0.147028 0.895018
583.71704102 313.13241577 -16.02940750 0.336716 0.055903 0.939945
583.88330078 313.29827881 -16.14211845 0.393128 0.272629 0.878137
583.32922363 313.08718872 -15.84195042 0.506176 -0.104677 0.856054
583.14501953 312.86935425 -15.78243065 0.478864 -0.166497 0.861956
583.49792480 313.25997925 -15.94757175 0.499058 0.122956 0.857801
583.65917969 313.41131592 -16.07518196 0.406432 0.203949 0.890628
583.12841797 313.26782227 -15.70576859 0.555305 -0.060759 0.829425
582.95581055 313.08358765 -15.61184216 0.593612 -0.177628 0.784903
583.29547119 313.43579102 -15.81633472 0.622958 0.172113 0.763086
583.43426514 313.52221680 -16.01042366 0.515801 0.348688 0.782539
582.78070068 312.89212036 -15.52532387 0.615182 -0.225826 0.755350
582.78253174 313.34387207 -15.39410019 0.677770 -0.196075 0.708648
582.61352539 313.17016602 -15.28941345 0.701483 -0.233828 0.673235
582.94012451 313.48455811 -15.53262138 0.697079 0.061803 0.714326
583.08856201 313.59887695 -15.69816113 0.636392 0.110741 0.763375
582.61138916 313.61032104 -15.17004585 0.782081 -0.097943 0.615432
582.75396729 313.70764160 -15.35296917 0.797363 0.125744 0.590255
582.87500000 313.74258423 -15.59978199 0.710789 0.179616 0.680086
585.77929688 309.69091797 -15.43294811 -0.483931 0.386821 0.784972
585.66748047 309.74295044 -15.70465565 0.609152 -0.409974 -0.678864
585.47186279 309.47897339 -15.68788528 0.656816 -0.370385 -0.656816
584.81494141 308.39321899 -15.90808105 -0.440118 0.154402 0.884565
585.03076172 308.74203491 -15.84674931 -0.437716 0.120407 0.891014
584.75610352 308.66744995 -15.97519779 -0.425264 0.101784 0.899328
585.25012207 309.10549927 -15.77191925 -0.513775 0.126624 0.848529
584.97003174 309.00827026 -15.92119503 -0.445911 0.136211 0.884653
585.18475342 309.35235596 -15.86422062 -0.497435 0.223617 0.838185
585.38916016 309.65325928 -15.84698963 -0.483585 0.233402 0.843605
585.59893799 309.97659302 -15.80911446 -0.469796 0.238699 0.849891
585.81256104 310.31604004 -15.75639343 -0.513714 0.168260 0.841300
586.03125000 310.67684937 -15.68402672 -0.538352 0.192593 0.820418
585.75000000 310.57479858 -15.83777428 -0.447024 0.154795 0.881027
586.58587646 308.48696899 -13.83092785 0.788365 -0.227681 -0.571526
586.79229736 308.86437988 -13.76161003 0.800739 -0.284742 -0.527009
586.72680664 309.02395630 -13.94276333 0.830768 -0.294587 -0.472275
586.93908691 309.45321655 -13.83286095 0.848797 -0.292209 -0.440633
586.65551758 309.13183594 -14.16437244 0.859318 -0.296688 -0.416592
586.86840820 309.56658936 -14.05017853 0.853514 -0.297881 -0.427529
586.80419922 309.73745728 -14.22248936 0.859066 -0.316173 -0.402543
585.75659180 308.48049927 -15.22012138 0.692695 -0.230898 -0.683271
585.96087646 308.83908081 -15.16556835 0.703115 -0.203329 -0.681385
585.69500732 308.67443848 -15.37438679 -0.667203 0.202792 0.716740
585.48730469 308.28555298 -15.45269871 0.671441 -0.196030 -0.714660
586.18090820 309.33691406 -15.00198555 0.756533 -0.246935 -0.605541
585.90496826 309.08340454 -15.28037453 -0.676929 0.155981 0.719331
586.40643311 309.88320923 -14.80045986 0.763775 -0.347170 -0.544169
586.11932373 309.53076172 -15.15630722 0.685958 -0.351983 -0.636844
586.31390381 309.80346680 -15.16896343 0.740554 -0.341919 -0.578507
585.22344971 308.13873291 -15.64754295 -0.541714 0.159679 0.825256
585.43188477 308.53430176 -15.56402302 -0.622629 0.175067 0.762683
585.64239502 308.94772339 -15.46652508 -0.626131 0.129391 0.768907
585.84808350 309.31893921 -15.40205956 -0.566819 0.163881 0.807378
586.04852295 309.64355469 -15.37407494 -0.584183 0.346605 0.733890
586.25537109 310.02462769 -15.30189037 0.675703 -0.237835 -0.697754
585.17089844 308.41290283 -15.73900318 -0.490003 0.150658 0.858603
585.37683105 308.78631592 -15.67283344 -0.557861 0.118600 0.821417
585.59014893 309.22457886 -15.55588627 -0.584378 0.122175 0.802232
585.79638672 309.60067749 -15.48759842 -0.490832 0.350137 0.797802
585.99005127 309.86474609 -15.50699997 -0.560990 0.319877 0.763525
586.46014404 310.38711548 -15.24426460 0.696574 -0.261810 -0.668012
586.19763184 310.25259399 -15.42953205 -0.638636 0.226411 0.735447
586.40106201 310.60339355 -15.38104916 -0.648395 0.244528 0.720965
584.92333984 308.41067505 -15.82069588 -0.445640 0.158224 0.881119
585.12219238 308.72119141 -15.80374718 -0.454719 0.121163 0.882355
585.33032227 309.11334229 -15.72288799 -0.555559 0.112278 0.823861
585.54241943 309.54122925 -15.61407280 0.660710 -0.374018 -0.650824
585.73114014 309.76177979 -15.66753769 0.587933 -0.415693 -0.693926
585.93457031 310.11300659 -15.61871719 -0.592063 0.211782 0.777566
586.14019775 310.48330688 -15.55496502 -0.600565 0.221914 0.768164
586.34375000 310.83508301 -15.50573254 -0.609840 0.226156 0.759571
584.86962891 308.67431641 -15.92038155 -0.433888 0.108121 0.894456
585.07373047 309.03121948 -15.86713982 -0.483030 0.125444 0.866571
585.27862549 309.39532471 -15.80823898 -0.546645 0.250740 0.798942
585.47558594 309.68887329 -15.80457592 -0.553029 0.275727 0.786215
585.67651367 310.01748657 -15.77344322 -0.490748 0.233908 0.839317
585.88073730 310.37551880 -15.71930218 -0.529701 0.175567 0.829815
586.08496094 310.73342896 -15.66525555 -0.544910 0.203006 0.813549
586.54980469 311.20944214 -15.43881321 -0.626297 0.182223 0.757988
586.28894043 311.08966064 -15.61253834 -0.548623 0.143440 0.823673
586.75708008 311.59442139 -15.36357403 0.662314 -0.240698 -0.709510
586.49407959 311.45535278 -15.55238247 -0.569568 0.186818 0.800432
586.96649170 311.99841309 -15.27345753 0.729866 -0.261232 -0.631706
586.69885254 311.81848145 -15.49425030 -0.619184 0.239836 0.747723
586.90332031 312.17858887 -15.43849754 0.679742 -0.290859 -0.673314
585.82873535 310.65444946 -15.80701828 -0.468752 0.159171 0.868871
586.03100586 310.99511719 -15.76646137 -0.497466 0.138590 0.856341
586.24438477 311.43414307 -15.64893341 -0.515496 0.177809 0.838241
586.44311523 311.74362183 -15.63279057 -0.529016 0.211911 0.821728
586.64428711 312.07437134 -15.59999084 -0.559619 0.298145 0.773263
586.83813477 312.34024048 -15.61800575 -0.579512 0.298537 0.758315
585.98480225 311.32531738 -15.81404305 -0.497466 0.138590 0.856341
586.18212891 311.62185669 -15.80803680 -0.504623 0.207607 0.838007
586.39141846 312.02462769 -15.71887684 -0.475340 0.256899 0.841460
586.58392334 312.27899170 -15.74586582 -0.459998 0.304066 0.834234
585.93182373 311.59509277 -15.90894985 -0.442341 0.199719 0.874326
586.13476563 311.94192505 -15.86357784 -0.474707 0.156288 0.866157
586.33428955 312.25842285 -15.84192657 -0.410025 0.299457 0.861513
586.52502441 312.49707031 -15.88124561 -0.386836 0.371175 0.844149
585.88055420 311.88076782 -15.99136353 -0.402130 0.112708 0.908619
585.68096924 311.56381226 -16.01337051 -0.368340 0.159473 0.915911
586.08911133 312.27667236 -15.90758038 -0.388830 0.268728 0.881247
586.27911377 312.50912476 -15.95173359 -0.320271 0.413103 0.852509
585.63146973 311.86480713 -16.08382607 -0.274469 0.102763 0.956089
585.43298340 311.55776978 -16.09803963 -0.289365 0.100820 0.951894
585.83331299 312.20175171 -16.04619217 -0.333566 0.141388 0.932064
586.03082275 312.50006104 -16.03880119 -0.215313 0.520721 0.826129
585.38940430 311.91055298 -16.12795258 -0.207448 0.057018 0.976583
585.18664551 311.56582642 -16.17167473 -0.250700 0.045694 0.966986
585.59045410 312.24041748 -16.09584618 -0.221141 0.121436 0.967652
585.78393555 312.50360107 -16.11595917 -0.220498 0.406960 0.886433
585.96771240 312.68078613 -16.20337486 -0.043971 0.767362 0.639705
585.14752197 311.95867920 -16.17023849 -0.178080 0.031426 0.983514
585.34417725 312.24954224 -16.16867256 -0.159714 0.106070 0.981448
585.53826904 312.51824951 -16.18445778 -0.123728 0.291359 0.948579
585.72589111 312.72918701 -16.24545479 -0.021035 0.691356 0.722208
585.10382080 312.31079102 -16.20065689 -0.046672 0.015557 0.998789
584.90435791 311.99533081 -16.22148323 -0.045332 -0.034790 0.998366
585.30017090 312.59939575 -16.20085144 0.013248 0.254115 0.967083
585.48443604 312.78030396 -16.28536415 0.122304 0.579103 0.806028
584.86865234 312.41821289 -16.19653130 -0.010901 -0.004955 0.999928
584.67022705 312.11178589 -16.21027565 -0.060069 -0.020023 0.997993
585.06243896 312.68405151 -16.21454620 0.117794 0.247238 0.961768
585.24731445 312.87039185 -16.29480362 0.133317 0.741481 0.657596
584.62890625 312.48498535 -16.22419357 -0.067061 -0.026611 0.997394
584.42980957 312.17248535 -16.24269867 -0.039885 -0.007159 0.999179
584.82855225 312.80236816 -16.20186806 0.058796 0.188387 0.980333
585.00817871 312.94256592 -16.31825256 0.240803 0.675194 0.697228
584.23345947 311.88436890 -16.24210930 0.051966 -0.037119 0.997959
584.19720459 312.30245972 -16.22091484 0.140046 -0.037573 0.989432
584.00311279 312.03424072 -16.20475578 0.170792 -0.068078 0.982952
584.39373779 312.59207153 -16.22032356 0.003056 -0.039724 0.999206
584.59039307 312.88305664 -16.21866417 0.010211 0.166782 0.985941
583.96807861 312.46331787 -16.17494202 0.215226 -0.024971 0.976245
584.16021729 312.71386719 -16.20492935 0.190644 -0.026901 0.981291
584.35174561 312.95941162 -16.23883247 0.064695 0.211174 0.975305
583.93542480 312.91293335 -16.12902641 0.325394 -0.082995 0.941929
584.11926270 313.09051514 -16.21614265 0.457754 0.102819 0.883113
586.90075684 311.95846558 -15.38697147 0.697027 -0.283618 -0.658570
587.05267334 312.02001953 -15.18269730 0.747511 -0.250219 -0.615319
586.73211670 311.72152710 -15.40020847 -0.646502 0.254491 0.719214
586.91369629 311.71026611 -15.22856426 0.711632 -0.255173 -0.654574
586.59741211 311.40139771 -15.45072365 -0.609157 0.194869 0.768735
586.77270508 311.40548706 -15.27221203 0.692340 -0.223487 -0.686089
586.45483398 311.10049438 -15.49262524 -0.618204 0.181645 0.764741
586.63519287 311.09213257 -15.31968594 0.697925 -0.227414 -0.679105
586.30688477 310.81271362 -15.52865410 -0.601580 0.225398 0.766353
586.49371338 310.78857422 -15.36278057 0.667801 -0.237266 -0.705512
586.34411621 310.50485229 -15.39698315 -0.642737 0.247936 0.724856
586.00769043 310.24545288 -15.59698105 -0.603474 0.198087 0.772386
585.85833740 309.96130371 -15.63136959 -0.560749 0.308332 0.768434
586.05718994 309.90747070 -15.47881031 -0.597041 0.284987 0.749883
586.19122314 310.22937012 -15.42749119 -0.642958 0.229963 0.730563
585.69104004 309.72113037 -15.64604378 0.621554 -0.434921 -0.651548
585.88061523 309.69018555 -15.48323154 -0.482026 0.375625 0.791554
585.51135254 309.51150513 -15.64703846 0.656617 -0.376855 -0.653326
585.71472168 309.44665527 -15.49941730 -0.558441 0.213838 0.801509
585.58117676 309.12347412 -15.55130100 -0.587834 0.085214 0.804481
584.94305420 308.30297852 -15.81684971 -0.442894 0.164088 0.881431
585.17144775 308.17648315 -15.69686317 -0.522105 0.155300 0.838623
587.20849609 312.07202148 -14.98268700 0.781074 -0.252010 -0.571327
587.08605957 311.72167969 -15.04675961 0.766700 -0.243023 -0.594231
586.94458008 311.41802979 -15.08988953 0.731890 -0.240815 -0.637452
586.80371094 311.11288452 -15.13370323 0.730422 -0.240332 -0.639315
586.66046143 310.81362915 -15.17486763 0.729298 -0.247300 -0.637939
586.52392578 310.49792480 -15.22340965 0.711632 -0.255173 -0.654574
586.37640381 310.20922852 -15.25983047 0.700693 -0.272935 -0.659194
586.22924805 309.91958618 -15.29669666 0.669836 -0.268889 -0.692111
586.08514404 309.62234497 -15.33695316 0.624631 -0.359040 -0.693488
585.91961670 309.37796021 -15.35352516 -0.610025 0.208490 0.764462
585.77471924 309.08279419 -15.39285278 -0.629944 0.136164 0.764611
585.45104980 308.79196167 -15.60692883 -0.584586 0.119273 0.802517
585.64318848 308.75460815 -15.44699287 -0.658966 0.182790 0.729624
585.31005859 308.48712158 -15.65059853 -0.542522 0.165895 0.823498
585.50207520 308.45013428 -15.49048901 -0.662255 0.192965 0.724004
585.35675049 308.15600586 -15.52936172 -0.606294 0.171707 0.776482
587.36041260 312.13357544 -14.77840519 0.813521 -0.249480 -0.525302
587.23004150 311.80279541 -14.83371258 0.795890 -0.237371 -0.556968
587.10894775 311.44906616 -14.89929390 0.777011 -0.235127 -0.583926
586.96716309 311.14617920 -14.94209003 0.751474 -0.261038 -0.605925
586.82427979 310.84603882 -14.98365307 0.755642 -0.260294 -0.601043
586.68536377 310.53613281 -15.02959442 0.752023 -0.256981 -0.606978
586.54205322 310.23709106 -15.07066345 0.737090 -0.300296 -0.605409
586.41046143 309.90911865 -15.12469196 0.756173 -0.309854 -0.576361
586.24938965 309.65362549 -15.14623833 0.729345 -0.375326 -0.572003
586.08050537 309.41741943 -15.15914631 0.700693 -0.272935 -0.659194
585.95306396 309.07934570 -15.21771717 0.698823 -0.165951 -0.695778
585.82061768 308.75350952 -15.27079201 0.678844 -0.209712 -0.703699
585.66839600 308.47628784 -15.30207443 0.685547 -0.217064 -0.694916
585.54077148 308.13864136 -15.36045361 0.688214 -0.220041 -0.691335
587.38067627 311.86758423 -14.62798023 0.839317 -0.233908 -0.490748
587.25964355 311.51358032 -14.69368553 0.797605 -0.233861 -0.556000
587.12817383 311.18533325 -14.74783802 0.775802 -0.252332 -0.578325
586.98687744 310.88131714 -14.79113865 0.767003 -0.273591 -0.580392
586.84704590 310.57373047 -14.83604717 0.781723 -0.279525 -0.557471
586.70593262 310.26922607 -14.87955570 0.771013 -0.315779 -0.553013
586.56500244 309.96420288 -14.92331696 0.762773 -0.340265 -0.549906
586.41687012 309.67709351 -14.95903683 0.757531 -0.361733 -0.543411
586.24316406 309.45275879 -14.96661854 0.758338 -0.292160 -0.582723
586.12768555 309.08514404 -15.03842163 0.753786 -0.169031 -0.635008
585.99749756 308.75381470 -15.09396076 0.715287 -0.213495 -0.665420
585.85028076 308.46432495 -15.13074684 0.702201 -0.247743 -0.667486
585.71606445 308.14288330 -15.18185902 0.716101 -0.237651 -0.656294
586.99938965 310.63427734 -14.63221455 0.827602 -0.288336 -0.481599
586.86669922 310.30911255 -14.68498898 0.798651 -0.326793 -0.505334
586.72906494 309.99600220 -14.73236847 0.786598 -0.361931 -0.500270
586.57281494 309.72866821 -14.75922394 0.777960 -0.325620 -0.537354
586.40374756 309.49291992 -14.77192402 0.769866 -0.280961 -0.573034
586.29510498 309.10864258 -14.85119915 0.781025 -0.191053 -0.594557
586.16625977 308.77401733 -14.90822506 0.769956 -0.218438 -0.599543
586.03070068 308.45587158 -14.95785713 0.745803 -0.261269 -0.612794
585.87451172 308.18832397 -14.98480225 0.737168 -0.261576 -0.623026
585.74493408 307.85549927 -15.04102230 0.742101 -0.257916 -0.618681
587.00793457 310.39691162 -14.46895123 0.852207 -0.304691 -0.425330
586.86523438 310.09631348 -14.51071453 0.821693 -0.356225 -0.444886
586.71936035 309.80349731 -14.54899883 0.813893 -0.344278 -0.468028
586.58264160 309.48825073 -14.59733391 0.814553 -0.279856 -0.508118
586.44744873 309.16921997 -14.64736652 0.821496 -0.241979 -0.516325
586.31164551 308.85162354 -14.69675064 0.830766 -0.231023 -0.506415
586.18847656 308.50296021 -14.76005936 0.800388 -0.257435 -0.541393
586.04669189 308.20016479 -14.80281353 0.781172 -0.283630 -0.556169
585.89440918 307.92318726 -14.83398914 0.777696 -0.272904 -0.566314
587.62701416 311.91574097 -13.98334694 0.873935 -0.245183 -0.419669
587.00476074 310.18838501 -14.29276276 0.867680 -0.322893 -0.377984
586.85900879 309.89535522 -14.33112621 0.857418 -0.338333 -0.387769
586.72473145 309.57409668 -14.38216114 0.849441 -0.318346 -0.420838
586.58428955 309.26788330 -14.42644215 0.855581 -0.281097 -0.434702
586.45977783 308.92251587 -14.48828411 0.869249 -0.274580 -0.411111
586.32824707 308.59451294 -14.54233646 0.867256 -0.258814 -0.425303
586.20080566 308.25640869 -14.60090923 0.841333 -0.283543 -0.460176
586.05572510 307.96166992 -14.64006042 0.817274 -0.296478 -0.494129
587.12493896 310.32800293 -14.05347443 0.874977 -0.308905 -0.372816
586.99261475 310.00198364 -14.10663986 0.865568 -0.317120 -0.387591
586.85443115 309.69024658 -14.15340519 0.856674 -0.310255 -0.412130
586.72375488 309.36013794 -14.20840359 0.858531 -0.299488 -0.416211
586.58996582 309.03765869 -14.25998211 0.863380 -0.299039 -0.406387
586.45410156 308.72018433 -14.30930519 0.883288 -0.293426 -0.365654
586.33746338 308.35552979 -14.37978935 0.888599 -0.264340 -0.374855
586.20166016 308.03790283 -14.42919254 0.855976 -0.284301 -0.431830
586.86145020 309.45669556 -13.98842716 0.851539 -0.298271 -0.431179
586.71759033 309.15896606 -14.02890396 0.848797 -0.292209 -0.440633
586.58361816 308.83691406 -14.08029461 0.839915 -0.316332 -0.440995
586.45336914 308.50564575 -14.13580990 0.880393 -0.246630 -0.405070
586.33758545 308.13885498 -14.20724010 0.876349 -0.257042 -0.407359
586.20373535 307.81655884 -14.25873947 0.861237 -0.263706 -0.434430
586.73504639 308.89974976 -13.87543869 0.812617 -0.297069 -0.501402
586.57714844 308.63653564 -13.90043640 0.800826 -0.278480 -0.530213
586.45507813 308.28512573 -13.96498299 0.847443 -0.206216 -0.489199
586.33178711 307.93676758 -14.02815723 0.864625 -0.246819 -0.437612
586.34362793 307.69140625 -13.86848259 0.856828 -0.248069 -0.452003
586.63623047 308.86807251 -14.01553154 0.828927 -0.314961 -0.462256
586.48095703 308.58425903 -14.11706638 0.870219 -0.258795 -0.419218
586.58184814 308.62145996 -13.87591553 0.789240 -0.265172 -0.553880
586.44567871 308.28976440 -13.99752140 0.854207 -0.212422 -0.474560
581.03790283 309.55731201 -14.89477825 0.850523 -0.154775 0.502649
585.59533691 312.42312622 -16.14797020 -0.195376 0.208667 0.958273
585.38598633 312.55187988 -16.19360733 0.003564 0.241136 0.970485
585.28637695 312.16018677 -16.16872025 -0.163800 0.098280 0.981586
585.16284180 311.71740723 -16.18074989 -0.214559 0.010552 0.976654
584.95202637 311.84313965 -16.22855186 -0.111848 -0.027685 0.993340
585.08209229 312.29986572 -16.20646095 -0.044329 0.011340 0.998953
