-0.00394554 -0.15706810 -0.16688892
-0.18038331 -0.15706810 0.02240741
0.12450112 -0.15706810 0.04021386
0.10043069 -0.15706810 -0.08197612
-0.01651049 -0.15706810 -0.20420454
0.14715460 -0.15706810 0.04138545
0.12071281 -0.15706810 0.16111666
0.13260546 -0.15706810 -0.10107034
-0.14810197 -0.15706810 -0.06667999
-0.05841279 -0.15706810 -0.19736533
-0.07066989 -0.15706810 0.14552113
-0.00151785 -0.15706810 -0.16367728
0.10980431 -0.15706810 -0.11150616
-0.17201787 -0.15706810 -0.09469822
0.04665667 -0.15706810 0.18368740
0.12540290 -0.15706810 -0.00741463
0.11241539 -0.15706810 0.12465746
0.08802165 -0.15706810 -0.07989907
-0.17253882 -0.15706810 0.05516637
0.15912209 -0.15706810 0.14176074
0.03700527 -0.15706810 0.13648288
0.00306672 -0.15706810 -0.16976760
0.12047409 -0.15706810 0.05487465
-0.08123547 -0.15706810 -0.11485528
-0.12076036 -0.15706810 0.13637128
-0.11652990 -0.15706810 0.16766092
0.16455677 -0.15706810 -0.00176489
0.11517318 -0.15706810 0.10204156
0.15760840 -0.15706810 -0.12306618
-0.05037969 -0.15706810 -0.15935823
-0.09541378 -0.15706810 0.14503627
0.19650960 -0.15706810 0.08108839
0.09204756 -0.15706810 -0.08493615
0.15053332 -0.15706810 0.08343319
0.05462837 -0.15706810 0.19808681
0.15519504 -0.15706810 0.00302646
-0.12370998 -0.15706810 0.09251227
0.08952742 -0.15706810 -0.15908064
-0.17148224 -0.15706810 0.11824524
0.11895146 -0.15706810 0.12540464
0.17823899 -0.15706810 -0.06672773
-0.10287116 -0.15706810 -0.12080755
-0.01776276 -0.15706810 0.20004366
-0.05651528 -0.15706810 -0.17363757
-0.19346917 -0.15706810 0.06426787
-0.11036201 -0.15706810 -0.11873843
0.15510327 -0.15706810 0.06075665
-0.19329649 -0.15706810 -0.01650904
0.15476234 -0.15706810 -0.07388619
-0.07279693 -0.15706810 0.09962108
-0.14811505 -0.15706810 0.13771793
-0.12033544 -0.15706810 -0.16561486
-0.03349465 -0.15706810 -0.19036698
-0.12207197 -0.15706810 -0.12128482
0.16058210 -0.15706810 0.09055590
-0.09801448 -0.15706810 -0.15373021
-0.08019426 -0.15706810 0.09279121
0.05383466 -0.15706810 -0.20045330
-0.14102110 -0.15706810 0.09215678
0.17497602 -0.15706810 0.11082013
-0.13966843 -0.15706810 -0.11489083
-0.18265085 -0.15706810 0.09280971
0.00726290 -0.15706810 0.16810684
0.20817883 -0.15706810 -0.01274459
-0.12215386 -0.15706810 -0.12304844
-0.17933953 -0.15706810 0.05086877
0.19860412 -0.15706810 -0.06905900
-0.10387909 -0.15706810 -0.08347354
-0.13485035 -0.15706810 -0.15916668
0.13838816 -0.15706810 0.13437359
-0.14885399 -0.15706810 -0.01379113
-0.03449101 -0.15706810 0.19722871
-0.19171108 -0.15706810 -0.02778458
0.01146556 -0.15556009 -0.11038277
-0.08875491 -0.15706810 -0.13638829
-0.01964662 -0.15706810 0.19590607
-0.15990327 -0.15706810 -0.09970375
0.18297635 -0.15706810 -0.07174151
-0.11370312 -0.15706810 0.10047948
0.18462689 -0.15706810 0.05674122
0.12362140 -0.15706810 0.10931941
-0.05421022 -0.15706810 0.11063255
-0.18287539 -0.15706810 -0.00488349
-0.13628282 -0.15706810 -0.13931425
-0.19776197 -0.15706810 -0.00838982
-0.12404592 -0.15706810 0.06849404
-0.17793781 -0.15706810 0.04166269
0.16470499 -0.15706810 -0.11632016
-0.20040531 -0.15706810 -0.02783080
0.10559662 -0.15706810 -0.11577643
0.17503108 -0.15706810 0.11359851
-0.05471530 -0.15706810 0.19307770
-0.12458421 -0.15706810 -0.14215510
0.07136133 -0.15706810 -0.11454803
-0.01919243 -0.15706810 -0.20576897
0.11805162 -0.15706810 -0.01721610
0.12899476 -0.15706810 0.02764591
-0.15742974 -0.15706810 0.06223429
-0.11086901 -0.15706810 0.14971107
0.12702847 -0.15706810 -0.06026950
-0.15539634 -0.15706810 0.10734992
-0.12828428 -0.15706810 0.15316589
-0.03713696 -0.15706810 -0.14444332
-0.15452038 -0.15706810 -0.03186300
-0.16303828 -0.15706810 0.07814436
-0.01937266 -0.15706810 0.17455877
-0.19250183 -0.15706810 -0.07032776
0.18804966 -0.15706810 -0.07372371
-0.09261676 -0.15706810 -0.16326243
-0.10184933 -0.15706810 -0.05792071
-0.01414399 -0.15706810 -0.15593493
0.03189315 -0.15706810 0.16214494
0.11197001 -0.15706810 0.03010294
0.04649734 -0.15706810 -0.18704371
-0.02515717 -0.15706810 -0.13026817
-0.08191205 -0.15706810 0.14513727
0.08897065 -0.15594114 -0.19530408
-0.15788966 -0.15706810 0.10935933
-0.13300340 -0.15706810 0.05682724
0.12606661 -0.15706810 0.09533035
-0.12431633 -0.15706810 -0.04734783
0.00530094 -0.15706810 0.11586596
-0.14428103 -0.15706810 0.13202386
0.07104176 -0.15706810 0.15416650
0.05868152 -0.15706810 0.13135087
0.08032121 -0.15706810 -0.15346137
0.16009960 -0.15706810 0.07653113
0.02606899 -0.15706810 -0.20051485
-0.10215478 -0.15706810 0.12375575
-0.11217826 -0.15706810 0.10414153
0.11888170 -0.15706810 -0.11018029
-0.13577496 -0.15706810 -0.03234008
0.00694513 -0.15706810 -0.15107623
-0.10598158 -0.15706810 -0.07654151
0.15140736 -0.15706810 0.08266696
-0.06512259 -0.15706810 -0.16918272
-0.17940767 -0.15706810 -0.07239088
0.05672168 -0.15706810 -0.14147884
-0.03323306 -0.15706810 -0.18208988
-0.12607864 -0.15603837 -0.17050932
-0.09100388 -0.15706810 -0.18823209
-0.08414436 -0.15706810 -0.15452667
0.14607601 -0.15706810 0.06354818
-0.09349290 -0.15706810 -0.09470972
0.20245527 -0.15706810 -0.02940488
0.08426186 -0.15706810 -0.16450705
-0.20101799 -0.15706810 -0.01874540
-0.10549714 -0.15597357 0.03380462
0.16274978 -0.15706810 -0.09516302
0.03987160 -0.15706810 -0.15729415
-0.09628297 -0.15706810 -0.16086932
0.09029970 -0.15706810 0.18844225
0.12226112 -0.15706810 -0.09393221
-0.05483851 -0.15706810 0.15887187
-0.20781067 -0.15545177 0.04101277
-0.07173859 -0.15706810 0.08771338
0.02061208 -0.15706810 -0.11890123
-0.12656823 -0.15706810 -0.15682638
-0.02062177 -0.15706810 -0.18227330
0.15546757 -0.15706810 0.10087830
0.13402852 -0.15706810 0.11302053
-0.17394674 -0.15706810 0.03884539
-0.04998260 -0.15706810 -0.18807331
-0.09926438 -0.15706810 0.12890364
-0.16490050 -0.15706810 -0.07221536
-0.01337607 -0.15706810 -0.17036827
0.14501326 -0.15706810 0.05545703
-0.14276114 -0.15706810 -0.08918122
0.02991762 -0.15706810 0.17636326
0.00779611 -0.15706810 0.16186915
-0.13548508 -0.15706810 0.12134337
0.02031361 -0.15677299 0.10882262
0.01488908 -0.15706810 0.16994368
0.18312107 -0.15706810 0.06487852
-0.18528396 -0.15706810 0.06430346
-0.01434109 -0.15706810 0.21074729
-0.01439017 -0.15706810 -0.14505292
-0.02865820 -0.15706810 0.16275924
-0.08201539 -0.15706810 0.08578636
0.07379951 -0.15706810 -0.13858652
-0.06167720 -0.15706810 -0.14021631
0.19948281 -0.15706810 0.01513227
0.13702366 -0.15706810 0.12055749
-0.18421023 -0.15706810 0.01830377
0.13077395 -0.15706810 0.10713194
0.09868694 -0.15706810 0.16508657
0.15836588 -0.15706810 0.10737713
0.06143460 -0.15655480 0.09899870
-0.01817175 -0.15706810 -0.13290152
-0.04331515 -0.15706810 0.14112963
0.05929707 -0.15706810 0.10257594
-0.05962971 -0.15706810 -0.19439553
-0.15297969 -0.15706810 0.04214798
0.07168150 -0.15706810 0.18964064
0.13301858 -0.15706810 -0.08543273
-0.13849109 -0.15706810 -0.08093423
-0.11829823 -0.15706810 -0.16491002
-0.20744160 -0.15706810 0.00628279
-0.09849357 -0.15706810 0.13303365
-0.09953050 -0.15706810 -0.06683714
-0.12766360 -0.15706810 -0.01186587
0.01519129 -0.15706810 0.11285185
-0.13147239 -0.15706810 0.04355981
-0.11102398 -0.15706810 0.09979868
-0.15218782 -0.15706810 0.03544268
0.17262970 -0.15706810 0.04804802
0.17714398 -0.15706810 0.06890083
-0.14557749 -0.15706810 0.00166594
0.02560623 -0.15706810 -0.18516342
0.11424522 -0.15706810 -0.13150313
-0.12627964 -0.15706810 0.01196714
-0.13517185 -0.15706810 -0.04000185
0.02846333 -0.15706810 0.13735768
-0.01349373 -0.15706810 0.12188987
0.19961758 -0.15706810 -0.05305591
-0.16040896 -0.15706810 -0.02370190
-0.05201766 -0.15706810 -0.17985223
0.06819468 -0.15706810 -0.19626485
-0.00398104 -0.15706810 0.19751085
0.03113840 -0.15706810 -0.12910579
0.03409804 -0.15706810 0.19268852
-0.12528931 -0.15706810 0.15178409
-0.15378238 -0.15706810 -0.03964161
-0.10598992 -0.15706810 -0.04811236
-0.04698443 -0.15706810 0.16036037
0.09682629 -0.15706810 0.09414600
0.15727571 -0.15706810 0.00093296
-0.15706551 -0.15706810 0.10226042
0.13154358 -0.15706810 0.16637522
-0.12049630 -0.15706810 0.14784035
0.09194460 -0.15706810 -0.08127562
0.18770547 -0.15706810 -0.01423743
-0.20016339 -0.15706810 -0.07539020
-0.15814567 -0.15706810 -0.04846181
0.06551413 -0.15706810 0.17543666
-0.08239917 -0.15706810 0.10023256
-0.04007072 -0.15706810 -0.13453433
0.02699255 -0.15706810 0.14448881
-0.19662847 -0.15706810 -0.02581167
-0.08209077 -0.15706810 0.08856872
-0.14851992 -0.15706810 0.12769352
0.18045495 -0.15706810 -0.03045401
0.06271451 -0.15706810 -0.16838497
0.11322129 -0.15706810 -0.15312798
0.02231972 -0.15706810 -0.19217654
-0.10163791 -0.15706810 -0.13638464
0.08674720 -0.15706810 0.09467597
0.08218134 -0.15706810 0.19053170
-0.09946807 -0.15706810 -0.05850669
0.13601685 -0.15706810 -0.11475621
-0.00180515 -0.15706810 -0.13638754
0.18136305 -0.15706810 -0.06924502
-0.00576384 -0.15706810 0.12468286
-0.14754295 -0.15706810 -0.07407510
0.13136810 -0.15706810 0.09550086
0.04311536 -0.15706810 0.15006767
0.14217302 -0.15706810 0.11844905
-0.09794485 -0.15706810 -0.13915381
0.08402199 -0.15706810 -0.10733747
-0.07672753 -0.15706810 -0.17090827
0.14949216 -0.15706810 -0.05360696
0.07360830 -0.15706810 -0.11302783
0.10738349 -0.15706810 0.06526089
-0.02794764 -0.15706810 0.19654091
-0.07461007 -0.15706810 -0.09495607
-0.12439747 -0.15706810 0.09475313
-0.05189144 -0.15706810 0.18297705
0.18049324 -0.15503223 -0.11113665
0.14387313 -0.15706810 0.12554081
0.02774379 -0.15706810 0.19458348
-0.11715384 -0.15706810 -0.09405959
-0.15789351 -0.15706810 0.01365412
0.14452548 -0.15706810 0.03379905
-0.11733897 -0.15706810 -0.01347271
-0.14083558 -0.15706810 0.12703624
0.07575500 -0.15706810 -0.19300136
0.04862734 -0.15706810 0.12469056
-0.07815729 -0.15706810 -0.11348612
0.01034814 -0.15706810 0.13079675
0.00599304 -0.15706810 -0.15894793
-0.09799141 -0.15706810 0.05804499
0.08712690 -0.15706810 0.15443717
-0.14294687 -0.15706810 -0.12461998
0.16701947 -0.15706810 -0.05347585
-0.14106491 -0.15706810 -0.08499190
0.16318542 -0.15706810 -0.03172140
0.16113558 -0.15706810 -0.10542182
0.11341943 -0.15706810 -0.01255842
0.09625251 -0.15706810 -0.17803164
0.10920442 -0.15706810 -0.04775716
0.19128127 -0.15706810 -0.02390563
0.02857542 -0.15706810 0.18290518
-0.06202786 -0.15706810 0.15889992
-0.10220738 -0.15706810 0.08933130
-0.04211767 -0.15706810 0.19603401
-0.01176349 -0.15706810 -0.17863362
0.00594444 -0.15706810 0.12251455
0.09125076 -0.15706810 0.12085706
0.13358235 -0.15706810 -0.05969816
-0.13096777 -0.15706810 -0.14590226
-0.12972158 -0.15706810 -0.13548419
-0.02910325 -0.15706810 0.11588705
-0.02088819 -0.15706810 -0.18457584
0.19864862 -0.15706810 0.06270865
-0.11422400 -0.15706810 0.00993984
0.02439507 -0.15706810 0.14571221
-0.07529788 -0.15706810 -0.09613173
-0.13393880 -0.15706810 -0.12231140
-0.03041180 -0.15706810 -0.18775678
0.03966494 -0.15706810 -0.15665033
-0.12821671 -0.15706810 0.05345415
0.14805219 -0.15706810 -0.08528419
0.16470566 -0.15706810 -0.09049554
0.00468367 -0.15706810 0.11703938
-0.13199066 -0.15706810 -0.02751420
-0.15281276 -0.15706810 0.12768374
-0.05550103 -0.15706810 0.14275040
0.04041049 -0.15706810 -0.19826497
-0.00279487 -0.15706810 -0.19960149
0.19210142 -0.15706810 0.07499704
0.15346958 -0.15675926 -0.15158044
-0.10084423 -0.15706810 -0.13605668
-0.16016480 -0.15706810 0.07580827
0.07908709 -0.15706810 0.09973354
-0.07153744 -0.15706810 -0.12501420
-0.05674285 -0.15706810 -0.13398591
0.19975154 -0.15706810 -0.01109389
-0.14676718 -0.15706810 0.12068129
0.17879923 -0.15706810 0.07423589
0.11443044 -0.15706810 0.07746101
0.20314017 -0.15706810 0.05919855
0.09141672 -0.15706810 0.10857151
0.12164522 -0.15706810 0.09649350
-0.07500702 -0.15706810 -0.12171828
0.11069680 -0.15583152 0.03206464
0.08176544 -0.15706810 0.08756931
-0.06042233 -0.15706810 -0.20101182
-0.06411523 -0.15706810 0.16858052
-0.11348064 -0.15706810 0.05573162
-0.10153314 -0.15706810 0.08990104
-0.17017199 -0.15706810 0.04247505
-0.01643520 -0.15706810 -0.15120164
0.04049484 -0.15706810 -0.17798708
-0.09869204 -0.15706810 -0.12725829
-0.07392402 -0.15592960 -0.08514158
0.11281272 -0.15706810 0.05445879
0.09923922 -0.15706810 -0.16030866
-0.05254851 -0.15706810 0.17643350
-0.14568849 -0.15706810 0.14163949
0.06078132 -0.15706810 0.12828134
-0.16919833 -0.15645537 0.12804070
0.00403984 -0.15706810 -0.16748668
0.00428325 -0.15706810 -0.11599585
-0.01304045 -0.15706810 -0.21287863
-0.14076579 -0.15706810 -0.12442553
-0.12291510 -0.15706810 0.09348865
-0.13811104 -0.15706810 -0.06514323
-0.13573560 -0.15706810 -0.03672888
0.06767194 -0.15706810 0.13508996
-0.15568265 -0.15706810 0.04316824
0.15425237 -0.15706810 -0.02708069
0.11418537 -0.15706810 -0.10727438
0.17402691 -0.15706810 -0.03886078
0.02472496 -0.15706810 -0.12799452
-0.13469583 -0.15706810 0.08894446
0.08639994 -0.15706810 0.14108382
0.11812610 -0.15706810 -0.01427412
-0.00903052 -0.15706810 0.19300312
-0.18704697 -0.15706810 0.04361116
0.06470462 -0.15706810 -0.10348067
0.12226079 -0.15706810 -0.07196229
0.20003831 -0.15706810 0.05289253
-0.12767921 -0.15706810 0.16371326
-0.19529228 -0.15706810 -0.00380811
-0.09594938 -0.15706810 0.15797392
-0.14192194 -0.15706810 -0.09800082
-0.11506173 -0.15706810 -0.03857156
0.06686028 -0.15706810 -0.10049944
-0.06169994 -0.15706810 0.10180040
-0.15134045 -0.15706810 -0.02947786
0.18568830 -0.15706810 0.01279303
-0.18335131 -0.15706810 0.00928996
0.18152729 -0.15706810 -0.05977177
-0.12026951 -0.15706810 0.02618791
-0.07743099 -0.15706810 0.08699317
-0.11386191 -0.15706810 -0.04009669
0.00230709 -0.15706810 0.17892049
-0.13146845 -0.15706810 -0.12652037
0.11069680 -0.15584677 -0.03868292
-0.12760335 -0.15706810 0.07660363
0.17303060 -0.15706810 0.09318997
-0.02828427 -0.15706810 -0.16034225
0.11720400 -0.15706810 0.08065573
0.09426825 -0.15706810 -0.19173810
-0.10368346 -0.15664217 -0.03878768
-0.06077805 -0.15706810 0.18577570
0.15827478 -0.15706810 0.06523270
0.01888158 -0.15706810 0.12942690
0.14004879 -0.15706810 -0.07169203
-0.15979791 -0.15706810 -0.08357927
0.13935888 -0.15706810 0.07676975
0.04319680 -0.15706810 0.15069710
-0.20525093 -0.15706810 0.02771182
0.05156428 -0.15706810 -0.11178184
0.01037392 -0.15706810 0.21128459
-0.14379872 -0.15706810 -0.06708853
0.10980748 -0.15706810 0.09830976
0.14121211 -0.15706810 0.07134994
-0.14454810 -0.15706810 0.00074235
-0.14685509 -0.15706810 -0.02533123
-0.06262188 -0.15706810 0.10021244
0.11809967 -0.15706810 -0.07595199
0.09251282 -0.15706810 0.08792634
0.01110624 -0.15706810 0.11521922
0.13696961 -0.15502445 0.16323222
0.03264451 -0.15706810 -0.13100994
-0.09594231 -0.15706810 -0.06646989
-0.09466577 -0.15706810 -0.13393454
0.11616340 -0.15706810 -0.16859864
-0.06236847 -0.15706810 0.14711171
0.07443267 -0.15706810 0.13310148
-0.18608817 -0.15706810 0.06505452
0.08916488 -0.15706810 -0.14020824
-0.06910168 -0.15706810 0.14616308
-0.19612317 -0.15706810 0.08211679
0.08349072 -0.15706810 -0.10484383
-0.16482124 -0.15706810 -0.12840135
-0.12283073 -0.15706810 -0.09590941
-0.13691184 -0.15706810 0.04195394
-0.13524385 -0.15706810 0.15410216
0.13918419 -0.15706810 -0.12762275
0.08249865 -0.15706810 0.13228217
0.17622955 -0.15706810 -0.04354566
0.20494460 -0.15706810 -0.02350498
-0.06016486 -0.15706810 0.17332038
0.18937963 -0.15706810 0.06603440
-0.11147959 -0.15706810 -0.16302505
-0.16736992 -0.15706810 -0.10482262
-0.13976060 -0.15706810 -0.01926261
0.09593657 -0.15706810 -0.14351085
-0.03440854 -0.15706810 -0.11578406
0.14577046 -0.15706810 -0.03431584
-0.15773016 -0.15706810 -0.07625341
0.03655118 -0.15543099 0.20869812
0.16560201 -0.15706810 -0.11656106
0.05279239 -0.15706810 -0.18939424
-0.03537847 -0.15706810 -0.14519307
-0.11396910 -0.15706810 0.11170401
0.07526053 -0.15706810 -0.12220177
-0.15249355 -0.15706810 0.05325163
-0.13208148 -0.15706810 0.14194489
-0.13854545 -0.15706810 0.13401389
0.11662528 -0.15706810 0.16449083
0.11586489 -0.15706810 0.16409215
0.16041334 -0.15706810 -0.05889270
-0.07152457 -0.15706810 -0.10060133
-0.20929003 -0.15706810 0.03097646
-0.12900905 -0.15706810 -0.05026187
0.14554560 -0.15706810 -0.03395354
-0.06044425 -0.15706810 -0.14528964
-0.00766532 -0.15706810 0.12101055
0.06546078 -0.15706810 0.12675981
-0.18572904 -0.15706810 -0.02537760
0.15478408 -0.15706810 0.07280401
0.07909606 -0.15706810 0.15674742
0.20110948 -0.15706810 -0.04437286
0.15980685 -0.15706810 -0.09329976
-0.17375286 -0.15706810 0.09180109
-0.05704087 -0.15706810 -0.14571828
-0.14788647 -0.15706810 -0.11147301
-0.17672399 -0.15706810 -0.08813870
0.20272163 -0.15706810 -0.05260018
-0.19864616 -0.15706810 -0.08104504
0.04587721 -0.15706810 0.18307567
-0.09036887 -0.15706810 -0.15345535
0.17961290 -0.15706810 -0.06745941
-0.07037537 -0.15706810 -0.19416296
0.08292045 -0.15585594 0.07339288
-0.12744935 -0.15706810 -0.02198772
0.16775523 -0.15706810 -0.08594183
0.05650118 -0.15706810 0.14856546
0.09929177 -0.15706810 -0.14941098
-0.19903447 -0.15706810 -0.01450058
-0.00751092 -0.15706810 0.20780960
-0.00719071 -0.15706810 -0.13195726
-0.21030182 -0.15706810 0.02060375
0.11051767 -0.15706810 0.15335095
0.14726184 -0.15706810 -0.06212097
0.08261045 -0.15706810 0.18092392
0.02801449 -0.15706810 -0.12877579
-0.12744287 -0.15706810 0.09767408
-0.05533579 -0.15706810 0.10622364
0.07568984 -0.15706810 0.18310443
-0.10394154 -0.15706810 -0.12114940
-0.15898575 -0.15706810 -0.06338559
-0.16883595 -0.15706810 0.05309435
-0.02292725 -0.15706810 -0.18409249
-0.19451170 -0.15706810 0.02347887
-0.18836807 -0.15706810 -0.04194339
-0.07269686 -0.15706810 0.19041942
0.03085118 -0.15650731 -0.10696456
-0.07464096 -0.15706810 -0.14716284
0.09116888 -0.15706810 0.10841458
0.16916853 -0.15706810 -0.08754598
0.07393914 -0.15706810 -0.10706548
0.07079179 -0.15706810 0.09370451
-0.04838600 -0.15706810 -0.18446791
-0.17652909 -0.15706810 -0.00978347
0.00791195 -0.15706810 0.19277383
0.03521813 -0.15706810 -0.12615418
-0.02540926 -0.15706810 0.18221928
-0.02733376 -0.15706810 0.19756621
0.03557090 -0.15706810 -0.16723521
-0.10575947 -0.15706810 0.09396009
-0.03202404 -0.15706810 -0.20843002
0.04889535 -0.15706810 -0.18558650
0.14888808 -0.15706810 0.05774277
-0.18459027 -0.15706810 -0.04297178
0.14692371 -0.15706810 -0.11202218
0.14332138 -0.15706810 0.05112781
-0.15261517 -0.15706810 -0.10764806
0.06583833 -0.15706810 -0.18516234
-0.18046241 -0.15706810 -0.10077872
0.16252916 -0.15706810 -0.08066946
-0.11534628 -0.15706810 0.12422725
-0.20655917 -0.15706810 0.01126546
-0.03905423 -0.15706810 -0.12803727
0.18070011 -0.15706810 -0.07681813
0.09821384 -0.15706810 0.13081311
-0.11289410 -0.15706810 0.12277336
0.07756683 -0.15706810 -0.08312172
0.17442942 -0.15706810 0.03272292
-0.11136308 -0.15706810 0.07301187
-0.13973434 -0.15706810 -0.02809745
0.08763462 -0.15706810 0.11573838
-0.13063258 -0.15706810 0.13681057
0.12439644 -0.15706810 0.05453200
-0.06352620 -0.15706810 -0.15271921
0.11823871 -0.15706810 0.01183598
0.16586258 -0.15706810 0.11459240
-0.10951734 -0.15706810 0.03881166
-0.15001369 -0.15706810 0.03497116
0.18269187 -0.15534419 0.10784617
0.17249382 -0.15706810 -0.00831197
-0.12839833 -0.15706810 0.13926396
0.13437247 -0.15706810 -0.08788970
-0.12571888 -0.15706810 -0.05424299
-0.13401145 -0.15706810 -0.15253310
0.00977094 -0.15706810 0.21278521
0.14748426 -0.15706810 0.01685733
-0.05125671 -0.15706810 0.12326205
0.14546946 -0.15706810 -0.13675573
0.07539575 -0.15706810 -0.11609274
-0.11266210 -0.15706810 0.02644127
-0.15188222 -0.15706810 0.11806859
-0.09531908 -0.15706810 -0.07096936
-0.03284448 -0.15706810 -0.11876459
-0.18126735 -0.15706810 -0.04872723
0.11779458 -0.15706810 0.00169773
-0.08001340 -0.15706810 -0.12536655
0.11544234 -0.15706810 0.00077758
-0.12276994 -0.15706810 0.08758177
-0.08592284 -0.15706810 0.09516942
0.02950019 -0.15706810 -0.10892587
0.10914447 -0.15706810 0.10408837
-0.11149818 -0.15706810 -0.02010090
-0.11641433 -0.15706810 0.14243250
0.10149832 -0.15706810 0.07380828
0.14278169 -0.15706810 0.15433054
-0.08913375 -0.15706810 -0.19414555
-0.14111596 -0.15706810 0.13542587
0.18650526 -0.15706810 -0.06437610
0.13966255 -0.15706810 -0.01354368
0.19285940 -0.15706810 -0.08765368
-0.14568818 -0.15706810 -0.13095173
-0.13295527 -0.15706810 0.13458839
0.04453335 -0.15706810 -0.13713488
-0.09327613 -0.15706810 0.15902111
-0.09441841 -0.15706810 -0.09381846
0.02329146 -0.15706810 -0.19744447
0.09200677 -0.15706810 -0.18305141
0.12238888 -0.15706810 -0.00140960
-0.14739101 -0.15706810 -0.15117212
-0.08631498 -0.15706810 -0.11655935
-0.07649569 -0.15706810 0.13107923
-0.10939639 -0.15706810 -0.06345448
-0.13315231 -0.15706810 -0.00369566
-0.15426916 -0.15706810 -0.09968559
0.03601624 -0.15706810 0.15651213
-0.06482525 -0.15706810 -0.15730922
0.00163593 -0.15706810 0.16650414
0.11903548 -0.15706810 -0.07371479
-0.15859105 -0.15706810 -0.13961844
0.12524535 -0.15706810 -0.16538613
0.11031248 -0.15706810 -0.09370964
0.12957719 -0.15706810 0.09846955
0.08089937 -0.15706810 0.15240262
-0.03131204 -0.15706810 0.11111624
-0.10006536 -0.15706810 0.09247380
0.12142092 -0.15706810 0.06281680
0.13673653 -0.15706810 0.07908729
-0.13283202 -0.15706810 0.13089943
0.09505482 -0.15706810 -0.12697934
0.03196952 -0.15706810 -0.10802073
0.06744607 -0.15706810 0.10673712
0.14770786 -0.15706810 -0.15316701
-0.12617938 -0.15706810 0.11100430
0.03503102 -0.15690018 -0.10622754
-0.08784264 -0.15706810 -0.14919755
0.19293560 -0.15706810 -0.04343418
-0.05523335 -0.15706810 0.11833805
-0.17263696 -0.15706810 0.01754148
-0.03182065 -0.15706810 -0.17092723
0.14286307 -0.15706810 0.02193714
-0.15256806 -0.15706810 -0.08648378
0.04467543 -0.15706810 0.14002095
0.07744271 -0.15706810 -0.19614445
0.11781347 -0.15706810 0.11312198
-0.10771169 -0.15706810 0.12591381
-0.01313581 -0.15706810 0.19723034
-0.04543224 -0.15706810 -0.13559523
-0.14055282 -0.15706810 0.10373478
-0.02742259 -0.15706810 -0.20490694
-0.14790566 -0.15706810 0.02753952
-0.01184547 -0.15706810 -0.18190290
0.07057230 -0.15706810 -0.17301677
-0.10790902 -0.15706810 0.14295886
0.16195937 -0.15706810 0.06993760
-0.15430079 -0.15706810 -0.04910468
-0.05287232 -0.15706810 0.15547459
-0.12116672 -0.15706810 -0.04915907
0.16642454 -0.15706810 -0.02701422
0.12411834 -0.15706810 -0.10263747
-0.14426346 -0.15706810 0.01698275
0.11069680 -0.15655051 -0.02865164
-0.13056217 -0.15706810 0.13534264
-0.09502695 -0.15706810 0.09018916
-0.17165281 -0.15706810 -0.11226860
-0.10028575 -0.15706810 0.18396975
-0.09815630 -0.15706810 -0.08289907
0.16874941 -0.15706810 -0.06852138
0.08919201 -0.15706810 -0.18430227
-0.01654534 -0.15706810 0.15970373
0.00285320 -0.15706810 -0.18628305
0.11360998 -0.15706810 0.12556772
0.12258064 -0.15706810 -0.04747677
0.02857548 -0.15706810 0.20921716
0.02821667 -0.15706810 0.16343156
0.16788729 -0.15706810 0.01156760
0.17461783 -0.15706810 -0.05465904
-0.15970194 -0.15706810 -0.08751548
0.12031537 -0.15706810 -0.17060167
0.12003344 -0.15706810 -0.11673719
0.16503504 -0.15706810 -0.00968643
0.10491145 -0.15706810 -0.14118572
0.05242768 -0.15706810 0.11472090
0.11508828 -0.15706810 -0.08215661
-0.19717731 -0.15706810 -0.00805049
-0.11501274 -0.15706810 0.08119341
0.20513618 -0.15568538 -0.05445837
0.14124416 -0.15706810 0.12033426
0.01811917 -0.15497576 0.21236448
-0.13559033 -0.15706810 -0.00409921
0.03293270 -0.15706810 0.13155332
-0.12378442 -0.15706810 -0.10395424
-0.09168495 -0.15706810 -0.13280337
0.06460096 -0.15706810 0.20031548
-0.17886026 -0.15570214 0.11358058
-0.09843026 -0.15706810 -0.09481575
-0.16518545 -0.15706810 -0.02042767
-0.09078000 -0.15706810 0.12908913
-0.14559247 -0.15706810 -0.03028990
0.14438899 -0.15706810 0.09524554
-0.13986038 -0.15706810 0.13921671
0.00859101 -0.15706810 0.16109575
0.20963739 -0.15706810 -0.01865670
0.10407054 -0.15706810 0.18420848
-0.16112779 -0.15706810 0.01816688
0.19762920 -0.15706810 -0.08326002
-0.14392160 -0.15706810 -0.02893723
0.19592018 -0.15706810 -0.08772628
0.14280346 -0.15706810 -0.07243803
0.12037788 -0.15706810 -0.02800738
0.05836903 -0.15706810 0.14883196
-0.03625554 -0.15706810 0.17195235
-0.16971268 -0.15706810 -0.10921650
0.17502084 -0.15706810 0.11474078
0.13791098 -0.15706810 -0.02959460
-0.18206948 -0.15706810 0.04216839
0.15369266 -0.15706810 -0.01381148
0.07983071 -0.15706810 -0.16817515
-0.01484251 -0.15706810 0.14728206
0.04758820 -0.15706810 -0.14902942
-0.12108357 -0.15706810 -0.05702203
-0.05484268 -0.15706810 -0.19160709
-0.18445580 -0.15706810 -0.00062332
0.04235903 -0.15706810 -0.18889406
0.03557044 -0.15706810 0.17280713
0.08590064 -0.15706810 0.08992364
-0.15327676 -0.15706810 0.03927955
-0.18127508 -0.15706810 0.01326350
-0.06669439 -0.15706810 0.14405504
-0.07087313 -0.15706810 0.17170821
0.15018249 -0.15706810 0.10127243
0.09258336 -0.15706810 0.18231934
-0.17322159 -0.15706810 0.12151383
-0.12441450 -0.15706810 0.10817966
-0.04012065 -0.15706810 0.11210327
0.19466726 -0.15706810 -0.01856205
-0.15973179 -0.15706810 0.01708532
-0.04489335 -0.15706810 0.18322779
-0.13854815 -0.15706810 -0.13002791
0.16660187 -0.15706810 -0.06992137
-0.10431034 -0.15706810 0.08101851
0.02210058 -0.15706810 -0.11966301
-0.10119849 -0.15706810 0.10344367
0.01944877 -0.15706810 -0.15686451
-0.02648325 -0.15706810 -0.14079393
0.17085290 -0.15706810 -0.11704157
-0.04400767 -0.15706810 0.15113680
-0.15593341 -0.15706810 -0.05792509
-0.15858583 -0.15706810 0.02339984
0.11284491 -0.15706810 0.16772501
-0.18068247 -0.15706810 0.09489428
0.18405113 -0.15706810 0.04985997
-0.03720121 -0.15706810 0.13556840
0.03686779 -0.15706810 0.11387518
-0.06474895 -0.15706810 0.16493142
-0.00884205 -0.15706810 0.19746888
-0.12728570 -0.15706810 0.12681964
0.07080284 -0.15706810 -0.12094690
-0.05252313 -0.15706810 -0.15824549
-0.14613400 -0.15706810 0.03177592
0.10898682 -0.15706810 -0.17072606
0.12186127 -0.15706810 0.10911187
-0.00400487 -0.15706810 0.18648937
0.15017624 -0.15706810 -0.15196061
0.09566052 -0.15706810 0.12095338
-0.17782250 -0.15706810 -0.05376527
-0.06665057 -0.15541567 -0.08934090
0.13606250 -0.15706810 0.01001312
0.17023626 -0.15706810 -0.00708937
-0.07104547 -0.15706810 -0.13394338
0.10875067 -0.15706810 0.15374100
-0.10567233 -0.15706810 0.14384355
-0.15643585 -0.15706810 0.06965407
0.05115452 -0.15706810 0.20539446
-0.12096459 -0.15706810 -0.10014876
0.01223056 -0.15706810 0.20008613
0.03122421 -0.15706810 -0.15737376
0.05405695 -0.15706810 0.15005603
0.12988761 -0.15706810 -0.07619830
0.13782507 -0.15706810 -0.16057080
-0.14711608 -0.15706810 0.09088079
0.04527572 -0.15706810 0.13997748
-0.07499734 -0.15706810 0.16554777
0.07943477 -0.15706810 -0.19018945
-0.15176079 -0.15706810 -0.05796259
0.07737387 -0.15706810 0.10225681
-0.12924503 -0.15706810 0.01896005
0.05868442 -0.15706810 -0.17520897
-0.18026297 -0.15706810 0.10488303
-0.12397408 -0.15706810 -0.16705753
-0.15344420 -0.15706810 -0.00044820
0.00551376 -0.15706810 0.21381621
-0.10160841 -0.15706810 0.06971245
-0.15099320 -0.15706810 0.06903084
-0.06116271 -0.15706810 0.17432259
0.15492250 -0.15706810 -0.12531345
-0.17025094 -0.15706810 0.06696413
0.12032808 -0.15706810 -0.03928285
-0.00506513 -0.15706810 0.12943567
-0.07100779 -0.15706810 -0.10447837
0.03207424 -0.15706810 -0.11090696
0.03613547 -0.15706810 -0.13218419
0.13237289 -0.15706810 -0.04048288
0.14141607 -0.15706810 -0.09032101
-0.12852395 -0.15706810 -0.08193948
-0.09290019 -0.15706810 0.08906259
0.00124360 -0.15706810 0.13075566
-0.13913421 -0.15706810 0.11973552
0.02928032 -0.15706810 -0.20425077
0.05910660 -0.15706810 0.19518442
0.11584441 -0.15706810 0.10729588
-0.09401470 -0.15706810 -0.10605544
-0.07456085 -0.15706810 -0.13903186
-0.05071201 -0.15706810 0.12602609
-0.12514521 -0.15706810 0.13562915
0.15283142 -0.15706810 0.01446465
0.04637680 -0.15706810 -0.12143458
-0.01085220 -0.15706810 -0.12244589
0.06498335 -0.15706810 -0.19706026
0.01054990 -0.15706810 0.18922082
-0.15598284 -0.15706810 -0.05879263
0.09594976 -0.15706810 0.06084447
0.07933748 -0.15706810 0.19741516
0.17175125 -0.15706810 0.07549078
0.14051151 -0.15706810 0.11937501
0.15666494 -0.15706810 -0.00375488
0.10581438 -0.15706810 -0.08866445
-0.14384636 -0.15706810 0.07928022
-0.07054909 -0.15706810 0.14474684
0.14564474 -0.15706810 -0.03071767
0.02644975 -0.15706810 0.15753515
0.14695260 -0.15706810 0.00443824
0.09670468 -0.15706810 0.11488120
0.17098045 -0.15706810 -0.04384475
-0.07981952 -0.15706810 -0.16983822
0.00186948 -0.15706810 -0.14374653
-0.06928502 -0.15706810 0.19599220
0.19814016 -0.15706810 0.04048600
0.02838233 -0.15706810 -0.17524999
0.01711057 -0.15706810 -0.19948484
-0.20778285 -0.15706810 0.01111244
0.07855557 -0.15706810 -0.14170344
0.11455481 -0.15706810 0.07962332
0.11705977 -0.15706810 -0.09191658
-0.16021603 -0.15706810 -0.06899681
0.13259099 -0.15706810 -0.06270432
0.07077989 -0.15706810 0.12519768
0.19351867 -0.15706810 0.03006767
0.01980477 -0.15706810 -0.18877719
-0.13207318 -0.15706810 -0.15759820
-0.14214103 -0.15706810 -0.08988159
-0.06748063 -0.15706810 -0.12368549
-0.15497062 -0.15706810 0.11470510
-0.09145252 -0.15706810 0.15437917
-0.07631584 -0.15706810 -0.16532573
-0.19374545 -0.15706810 -0.04590084
0.20935756 -0.15706810 0.01239631
0.15857600 -0.15706810 0.05556750
-0.10935769 -0.15706810 -0.10169594
0.03702639 -0.15706810 -0.15556164
0.18016075 -0.15706810 -0.09965874
0.13159563 -0.15706810 0.10961211
-0.09830137 -0.15706810 -0.13421501
-0.00437333 -0.15706810 0.19951192
0.10138281 -0.15706810 -0.05849938
-0.11012504 -0.15706810 0.08861724
0.12599590 -0.15706810 0.02613606
0.16693591 -0.15706810 0.08297595
0.11673972 -0.15706810 -0.00847123
0.05028050 -0.15706810 -0.17126739
-0.10551056 -0.15706810 0.06771569
-0.15376344 -0.15706810 -0.08022812
-0.05690035 -0.15706810 0.16802557
0.18764196 -0.15706810 0.08825025
-0.03962618 -0.15706810 0.18659171
0.09002183 -0.15706810 0.11311871
-0.01978674 -0.15706810 0.16578110
0.15595019 -0.15706810 -0.00673319
0.15615770 -0.15706810 0.08024629
-0.14509954 -0.15706810 -0.15613508
0.16455026 -0.15706810 0.10566380
0.03460215 -0.15706810 -0.17545621
0.10189024 -0.15706810 0.12960322
-0.17239350 -0.15706810 0.01032834
0.08298320 -0.15706810 -0.13675633
0.08235286 -0.15706810 0.07779358
0.10023290 -0.15528627 -0.18777889
0.18861362 -0.15706810 0.08385837
-0.00676239 -0.15706810 -0.17918739
-0.05273921 -0.15706810 -0.18920639
0.16888498 -0.15706810 -0.04072858
-0.04715653 -0.15706810 0.10768460
0.03192267 -0.15706810 -0.17223719
0.04955731 -0.15706810 -0.17205957
-0.16110751 -0.15706810 -0.13212091
-0.07069451 -0.15706810 -0.10001016
0.08380843 -0.15706810 -0.12337243
-0.11251639 -0.15706810 0.05479915
0.04784196 -0.15706810 -0.14139992
0.09922796 -0.15706810 0.18731056
-0.09342939 -0.15706810 -0.14644255
-0.08769421 -0.15706810 -0.16985656
-0.19867161 -0.15706810 -0.08216627
0.15327063 -0.15706810 -0.10123333
0.07919449 -0.15706810 -0.14607747
0.04530428 -0.15706810 -0.16467641
0.05683589 -0.15706810 -0.19277391
0.13252455 -0.15706810 0.16185749
0.08362369 -0.15706810 -0.14853804
-0.06565963 -0.15706810 0.14599216
0.03005070 -0.15699038 -0.10710571
0.12064134 -0.15706810 0.02791363
-0.11549551 -0.15706810 0.10577033
0.06280548 -0.15706810 -0.10043991
0.17965448 -0.15706810 -0.05934946
-0.13893048 -0.15706810 0.08967523
0.07030298 -0.15706810 0.12204552
-0.00128251 -0.15706810 0.11658809
-0.01450195 -0.15706810 0.14483246
0.16595757 -0.15706810 -0.04675407
0.09006415 -0.15706810 0.11427876
-0.00904390 -0.15706810 0.13521257
-0.12612487 -0.15706810 0.07635923
-0.13110529 -0.15706810 0.05915930
0.17643665 -0.15706810 0.06921139
0.13675685 -0.15706810 0.12968366
0.06705543 -0.15706810 -0.10824934
0.17074186 -0.15706810 0.06935966
-0.01563770 -0.15706810 -0.18570808
-0.15489368 -0.15706810 -0.08205336
-0.10271589 -0.15706810 0.12862788
-0.10404341 -0.15706810 0.16875634
0.11763029 -0.15706810 -0.09692781
0.01940469 -0.15706810 -0.17760229
0.09451275 -0.15706810 -0.11315413
-0.10069041 -0.15706810 0.16586840
0.05564921 -0.15697490 -0.20489930
-0.18903960 -0.15706810 -0.09527365
-0.16617155 -0.15706810 0.09484810
-0.04161346 -0.15706810 -0.13219705
-0.19595726 -0.15706810 -0.07172530
0.02309143 -0.15706810 0.18457144
0.12888566 -0.15706810 0.03940304
0.11987323 -0.15706810 -0.15265772
-0.04308449 -0.15706810 -0.15911043
-0.00412670 -0.15706810 -0.12686200
-0.15171020 -0.15706810 -0.10034765
0.14033063 -0.15706810 0.14511991
-0.06482290 -0.15706810 0.19490707
-0.07704888 -0.15706810 -0.09203682
-0.11391129 -0.15706810 -0.11512274
-0.05544876 -0.15706810 0.16676193
-0.12438092 -0.15706810 0.12669314
-0.04705120 -0.15706810 -0.11462391
-0.14418398 -0.15706810 0.14586596
0.15342952 -0.15706810 0.01522952
0.10003812 -0.15706810 -0.09420224
-0.13694733 -0.15706810 0.02190119
-0.17001893 -0.15706810 -0.03110493
0.10544270 -0.15706810 0.10982226
0.11385102 -0.15706810 0.13781491
0.11872309 -0.15706810 -0.06226749
-0.14788426 -0.15706810 -0.14720151
0.11733361 -0.15706810 0.09130846
0.07195867 -0.15706810 -0.19017024
-0.08149367 -0.15706810 -0.08799812
0.11970696 -0.15706810 0.06055389
0.05803379 -0.15706810 -0.15351713
0.06951232 -0.15706810 0.09141026
0.01075104 -0.15706810 0.16475646
0.05821107 -0.15706810 -0.16315182
0.02049987 -0.15706810 -0.17306808
0.17426173 -0.15706810 -0.02519139
-0.15513591 -0.15706810 0.09751336
0.03685674 -0.15706810 -0.11308844
-0.16178319 -0.15706810 -0.05341340
-0.16301693 -0.15706810 -0.00609332
0.15095310 -0.15706810 -0.05332089
-0.19789195 -0.15706810 -0.00210653
0.15557957 -0.15706810 -0.09922441
-0.00986349 -0.15706810 0.12999804
0.11787245 -0.15706810 0.06171533
-0.11945106 -0.15706810 0.00567693
0.19619566 -0.15706810 -0.00119166
0.06164848 -0.15706810 -0.14976981
0.10588507 -0.15706810 0.09308572
-0.07863040 -0.15706810 -0.12333684
0.08521574 -0.15706810 0.13734601
-0.10160697 -0.15706810 -0.08271144
-0.20621882 -0.15706810 -0.04324768
-0.14329799 -0.15706810 -0.08289423
-0.00728904 -0.15706810 -0.14510520
0.13598824 -0.15706810 -0.02950460
0.01200637 -0.15706810 0.16461726
0.11391377 -0.15706810 0.07366578
-0.10674067 -0.15706810 -0.11293287
0.19137718 -0.15706810 -0.00181633
-0.16829181 -0.15706810 0.09326098
0.13897137 -0.15706810 -0.10629357
-0.19686909 -0.15706810 -0.07019410
0.13957502 -0.15706810 -0.05708842
-0.19062637 -0.15706810 0.01636377
0.17872536 -0.15706810 0.10921935
-0.19986825 -0.15706810 0.06191494
0.05275461 -0.15706810 0.10322580
-0.09279954 -0.15706810 -0.13151436
-0.08703203 -0.15706810 0.13780792
-0.11924368 -0.15706810 -0.04697251
0.19583313 -0.15706810 0.04505498
-0.09027085 -0.15706810 0.09501617
-0.00987629 -0.15706810 -0.14320602
0.17711453 -0.15706810 -0.06796691
0.11400336 -0.15706810 0.02940648
-0.16886164 -0.15694685 -0.12854458
0.07472672 -0.15706810 -0.17704099
-0.18934233 -0.15706810 -0.03478726
-0.02336714 -0.15706810 -0.12022191
0.08948655 -0.15706810 0.17124525
0.04060667 -0.15706810 0.18522505
-0.10448555 -0.15706810 0.10202015
-0.06332365 -0.15706810 -0.16752429
-0.12685747 -0.15706810 -0.05796751
-0.02877038 -0.15706810 -0.12053344
-0.20023604 -0.15706810 0.03953112
-0.06871360 -0.15706810 0.13745427
-0.13267362 -0.15706810 0.13539599
0.19039176 -0.15706810 -0.01362881
-0.08072554 -0.15706810 -0.15256339
-0.09739754 -0.15706810 0.07053863
-0.10763349 -0.15706810 0.08493593
0.00024884 -0.15706810 0.14561027
0.06326646 -0.15706810 0.09743799
0.13050860 -0.15706810 -0.16506559
0.14143977 -0.15706810 0.13898708
0.05588824 -0.15706810 -0.11909565
0.07446244 -0.15706810 -0.16011822
-0.15361489 -0.15706810 0.08428126
0.08430219 -0.15706810 -0.13081405
-0.11014908 -0.15706810 -0.15479520
0.15318234 -0.15706810 -0.13584022
-0.16029103 -0.15706810 0.00297631
0.11151316 -0.15706810 0.11974086
0.12114425 -0.15706810 0.14517559
-0.18731226 -0.15706810 0.02602663
0.08453807 -0.15706810 -0.09024149
0.17426078 -0.15706810 -0.06180395
-0.06921995 -0.15706810 -0.16581815
0.08993655 -0.15706810 -0.14266220
0.10462495 -0.15706810 0.14775239
0.12582484 -0.15706810 0.06317548
-0.12975910 -0.15706810 0.13336153
-0.11304347 -0.15706810 0.01858734
-0.00909866 -0.15706810 -0.14471211
-0.15981425 -0.15706810 -0.10384737
-0.18016976 -0.15706810 -0.09458978
-0.07957025 -0.15706810 -0.09540246
0.12834917 -0.15706810 0.10404328
0.11186999 -0.15706810 -0.06239353
-0.02802416 -0.15706810 -0.16638644
0.16617692 -0.15706810 -0.03814791
0.07098605 -0.15706810 0.11337832
0.06246627 -0.15706810 -0.17868546
-0.10290930 -0.15706810 -0.15883636
-0.11296767 -0.15706810 0.08469984
-0.14623027 -0.15706810 -0.09110172
-0.11384252 -0.15706810 0.11378782
-0.10358436 -0.15647684 0.03905997
-0.10443544 -0.15706810 -0.09011795
0.06648764 -0.15583232 -0.09297673
0.19075808 -0.15706810 0.04332739
0.06474188 -0.15706810 -0.12623745
-0.19485343 -0.15706810 -0.03956315
-0.07246396 -0.15706810 -0.09417561
0.05623097 -0.15706810 0.17108105
0.15630844 -0.15706810 0.01753612
0.10004397 -0.15706810 -0.15274487
-0.14461154 -0.15706810 -0.08219915
-0.17704885 -0.15706810 0.02008792
0.15011318 -0.15706810 -0.02991752
0.05596216 -0.15706810 -0.17975168
-0.17386287 -0.15706810 0.08248696
-0.13316207 -0.15706810 0.03702616
-0.14529267 -0.15706810 0.04014109
0.07663311 -0.15706810 0.09272955
-0.01464317 -0.15706810 -0.20029853
-0.09413774 -0.15706810 0.09513386
-0.01687863 -0.15706810 0.17460416
-0.00576686 -0.15706810 -0.13123640
0.08180413 -0.15706810 0.12173665
-0.06672832 -0.15706810 -0.17324872
-0.12241355 -0.15611926 -0.17295825
-0.14837398 -0.15706810 -0.11533201
-0.01358552 -0.15706810 0.20805427
-0.04725256 -0.15706810 0.19356306
0.04990084 -0.15706810 0.10447653
-0.20023388 -0.15625179 0.07910395
-0.11784557 -0.15706810 0.01602197
0.17206478 -0.15706810 0.09766040
0.17286278 -0.15706810 -0.05198231
0.04654432 -0.15706810 0.11213513
-0.08674566 -0.15706810 0.10544915
-0.12887080 -0.14766547 0.16864367
-0.17543097 -0.13269581 -0.11871288
-0.03592758 -0.12210087 0.20882218
-0.13615899 -0.14608966 -0.16377386
-0.12174701 -0.14799741 0.17340364
-0.11848268 -0.15216297 -0.17558478
-0.21314034 -0.12767386 0.01421864
0.06565148 -0.14350180 -0.20290974
0.20631887 -0.15089080 -0.04851258
0.03755198 -0.13399844 -0.20849906
-0.19719815 -0.14851728 -0.08613595
-0.09585294 -0.14561328 -0.19070548
0.21329227 -0.12262195 0.01345485
0.12974660 -0.13973263 -0.16805847
0.00950531 -0.12108950 0.21407788
-0.10503308 -0.14641415 0.18457152
-0.19630429 -0.15431362 0.08747371
0.20717745 -0.15241052 -0.04419619
0.04943335 -0.14783540 0.20613571
0.02074212 -0.13724634 0.21184275
-0.03270767 -0.12752604 0.20946266
0.16018175 -0.13849816 0.14153497
0.07395683 -0.12348621 0.20125771
0.21152808 -0.14648823 0.02232404
0.12522513 -0.14214984 -0.17107964
-0.08429412 -0.13586459 -0.19842882
0.07115033 -0.12726860 0.20181595
0.17435373 -0.13210467 -0.12032507
-0.20679148 -0.13326478 -0.04613662
-0.00097440 -0.14191833 0.21577477
-0.16457526 -0.15514234 0.13495959
-0.17374639 -0.15332377 0.12123402
-0.11226363 -0.13963009 -0.17974022
0.21310607 -0.12381789 0.01439095
0.16597140 -0.12484439 0.13287014
-0.13333702 -0.15123831 0.16565944
0.13599466 -0.14204241 -0.16388367
-0.19259834 -0.14420475 -0.09302007
0.18466493 -0.13808440 0.10489326
-0.15765189 -0.14607605 -0.14532119
-0.09372138 -0.14458065 -0.19212975
-0.04763848 -0.13514556 0.20649274
0.13071689 -0.14136209 -0.16741015
-0.11217785 -0.14929225 0.17979753
-0.01912876 -0.13064264 0.21216366
-0.17689034 -0.15227121 -0.11652876
0.20490408 -0.12364303 0.05562519
-0.17543460 -0.13176985 0.11870745
0.00099994 -0.12903759 -0.21576969
-0.11367662 -0.13698350 -0.17879608
0.21561387 -0.12869027 0.00178337
0.00213305 -0.13868995 -0.21554431
-0.02659083 -0.12425679 -0.21067937
0.06902466 -0.12972237 -0.20223877
-0.21498030 -0.13519491 -0.00496851
0.11810097 -0.13840567 0.17583984
0.15547583 -0.12059227 -0.14857788
0.18694121 -0.11984752 -0.10148657
0.20068061 -0.14930962 0.07685804
-0.13127603 -0.13024920 -0.16703655
0.07093023 -0.13839678 -0.20185973
0.06733976 -0.15293385 0.20257391
-0.21088754 -0.13639174 -0.02554431
-0.08913270 -0.14196634 -0.19519579
0.13150550 -0.15298335 0.16688322
0.06123348 -0.13623935 0.20378852
-0.20265296 -0.13311444 0.06694236
0.16044094 -0.13276266 0.14114708
-0.00156168 -0.12667318 0.21565796
0.21390969 -0.14463718 0.01035089
0.17833580 -0.14874944 -0.11436548
0.20365188 -0.13558549 0.06192049
-0.12928227 -0.14520930 -0.16836874
0.17066588 -0.13187270 -0.12584436
0.11536156 -0.14354372 0.17767026
-0.08499020 -0.15420584 -0.19796373
0.12218583 -0.13331150 -0.17311041
0.02645532 -0.14913605 -0.21070632
-0.13064991 -0.12638910 0.16745490
0.21267797 -0.12178675 -0.01654314
-0.17060822 -0.15107742 -0.12593064
0.02037182 -0.14000842 0.21191640
-0.12886038 -0.15495859 -0.16865063
0.17084956 -0.14771585 -0.12556945
-0.13040425 -0.14154084 -0.16761905
0.21294843 -0.15248935 -0.01518346
0.17478971 -0.12524880 0.11967260
-0.20844696 -0.12325132 -0.03781391
0.04687504 -0.14591578 0.20664459
0.08285296 -0.13692929 0.19939178
-0.05380618 -0.14781803 -0.20526591
-0.15044928 -0.14530638 0.15422541
-0.20154078 -0.14765695 0.07253367
0.20524578 -0.13275126 -0.05390739
0.07725478 -0.14210206 -0.20060170
-0.13859025 -0.14125007 -0.16214935
-0.08043033 -0.13004437 0.19997004
0.21077369 -0.13304707 -0.02611660
-0.18985967 -0.13918577 -0.09711879
-0.12762129 -0.15035866 0.16947857
0.21477914 -0.14474526 -0.00597987
0.20785591 -0.13327469 0.04078531
0.19741583 -0.14153591 -0.08581020
0.09998591 -0.13024604 0.18794392
0.16773260 -0.12075146 0.13023432
-0.04361448 -0.14712533 -0.20729315
0.21023969 -0.14432079 0.02880123
0.12687582 -0.14977100 -0.16997667
0.20141909 -0.14911030 -0.07314546
0.20021807 -0.14073765 0.07918343
0.08542816 -0.14539881 0.19767109
-0.09786540 -0.13099711 0.18936080
-0.03931120 -0.12693514 -0.20814914
0.20000844 -0.12780567 0.08023728
-0.09673032 -0.15231025 -0.19011924
0.16361998 -0.14059713 0.13638929
-0.20745894 -0.11971261 -0.04278104
-0.15496458 -0.12199620 -0.14934301
0.09244836 -0.13772231 0.19298035
-0.20539454 -0.13659289 0.05315949
0.20233200 -0.13707732 -0.06855591
-0.21018577 -0.15274321 -0.02907230
0.20435436 -0.13863274 0.05838883
-0.21490546 -0.14796017 -0.00534478
0.18839681 -0.13781367 -0.09930812
-0.03250342 -0.12461686 0.20950328
-0.14624394 -0.12247751 -0.15703532
0.06701366 -0.13258316 0.20263878
0.06296170 -0.13734356 0.20344476
0.18831685 -0.13238987 -0.09942778
0.20108858 -0.14059696 0.07480707
-0.06194777 -0.15176429 -0.20364645
0.12371629 -0.13605620 0.17208780
-0.03602613 -0.14854138 0.20880257
-0.20861828 -0.12878822 -0.03695257
0.08616986 -0.14694285 0.19717550
0.01339505 -0.12360766 -0.21330416
0.21458426 -0.12417058 0.00695952
-0.21339902 -0.13224743 0.01291820
-0.07696664 -0.14825258 0.20065901
-0.13380799 -0.13874629 0.16534474
0.20570619 -0.12134642 -0.05159269
-0.21437818 -0.13760985 0.00799557
0.16130711 -0.12993902 0.13985074
0.04391895 -0.12101596 0.20723259
0.19838673 -0.12439696 -0.08435713
-0.20595524 -0.11960625 -0.05034068
-0.20901674 -0.14444940 0.03494943
0.21474287 -0.14232047 -0.00616215
-0.11126121 -0.13155109 0.18041001
-0.07534961 -0.12439015 -0.20098066
0.19218862 -0.14513890 -0.09363326
-0.16266946 -0.15305659 -0.13781182
0.20733194 -0.14483333 -0.04341950
-0.06117239 -0.13218756 -0.20380068
0.21468189 -0.14932533 -0.00646870
-0.02184761 -0.12984134 0.21162285
0.21348326 -0.14018723 -0.01249470
0.11566404 -0.13507560 0.17746814
0.09763879 -0.12364610 0.18951222
-0.07471468 -0.12775119 0.20110695
0.14353517 -0.15145548 -0.15884526
0.09797310 -0.14656676 -0.18928884
0.20890969 -0.15240480 -0.03548758
-0.20187943 -0.13938420 0.07083121
-0.02347851 -0.12579359 -0.21129844
0.09475822 -0.15150221 -0.19143695
0.20333919 -0.13389480 -0.06349246
-0.15506744 -0.13748249 -0.14918907
0.03524465 -0.14513355 -0.20895801
-0.02481078 -0.14771110 0.21103343
-0.20509586 -0.14840774 0.05466104
-0.08569242 -0.13869262 -0.19749452
0.05564677 -0.13715966 0.20489979
0.20596066 -0.15116359 0.05031341
0.16018191 -0.15211402 -0.14153473
0.16087806 -0.14828825 0.14049286
0.00957675 -0.12712450 -0.21406367
-0.04364311 -0.14536950 0.20728746
0.17821415 -0.14671455 0.11454754
0.07807729 -0.12127426 0.20043810
-0.20853655 -0.15122418 -0.03736348
-0.09438812 -0.15002321 0.19168425
-0.11642259 -0.14562537 0.17696129
0.20232332 -0.13696319 0.06859957
-0.14532487 -0.15276799 0.15764941
-0.20192759 -0.13990210 0.07058908
-0.18818998 -0.12414038 0.09961766
0.20661528 -0.12070284 0.04702238
-0.00270227 -0.15262392 0.21543108
-0.01967053 -0.12522645 0.21205589
0.00432260 -0.14989272 -0.21510878
0.15535229 -0.12614837 -0.14876276
-0.16228610 -0.12848178 -0.13838558
0.16192570 -0.14829232 0.13892497
-0.20047855 -0.14971298 0.07787386
-0.00048235 -0.12851574 -0.21587266
-0.09795058 -0.12680452 -0.18930389
-0.20827860 -0.12577112 0.03866037
-0.06189382 -0.13303858 -0.20365718
-0.20489451 -0.15135440 -0.05567331
0.01881979 -0.15500756 -0.21222512
0.20679699 -0.13331142 0.04610885
0.04257257 -0.13578700 0.20750040
-0.06707558 -0.14997438 -0.20262647
0.17686227 -0.12613635 -0.11657079
0.16787998 -0.14681545 -0.13001373
-0.01139022 -0.12911807 -0.21370295
0.20874247 -0.13706090 -0.03632830
0.17519447 -0.12371486 0.11906683
-0.21371877 -0.14371857 0.01131066
0.18044291 -0.14654598 -0.11121196
-0.17326087 -0.14903918 -0.12196066
0.00793123 -0.15099181 -0.21439098
0.21349798 -0.12719420 -0.01242067
0.03781513 -0.12346721 -0.20844671
-0.21465819 -0.15219830 -0.00658791
0.20167349 -0.12948452 0.07186647
0.19972536 -0.12567751 -0.08166041
0.03709173 -0.12692441 0.20859061
0.06339134 -0.15359481 -0.20335931
0.20991924 -0.12726454 -0.03041220
-0.20185572 -0.14391540 -0.07095037
0.20426311 -0.15483359 -0.05884757
0.18543656 -0.13060226 -0.10373843
-0.18343419 -0.14563257 0.10673521
-0.16673392 -0.14840560 0.13172895
-0.16451532 -0.12410562 -0.13504931
0.18453726 -0.14912942 0.10508433
0.21300058 -0.12208711 0.01492126
0.15452963 -0.14331575 -0.14999397
-0.12531333 -0.13917375 -0.17102070
-0.11896268 -0.13523354 -0.17526406
-0.03384319 -0.12621856 0.20923679
0.11582448 -0.13023590 0.17736094
0.13534358 -0.12804103 0.16431870
-0.14897163 -0.14777552 -0.15521273
0.20382982 -0.15424612 -0.06102587
-0.09049466 -0.14005338 0.19428577
-0.14199738 -0.12399326 -0.15987277
0.18515413 -0.12718759 -0.10416113
-0.20011970 -0.12485153 0.07967791
-0.17877088 -0.11999505 0.11371434
-0.20045029 -0.12344372 -0.07801597
-0.12956423 -0.12347322 0.16818033
0.09954372 -0.15277392 0.18823938
0.09309478 -0.12736487 0.19254842
0.21179245 -0.12104228 -0.02099497
-0.19405340 -0.13588375 -0.09084243
0.16974330 -0.13303426 0.12722507
-0.08687886 -0.14019963 -0.19670177
0.19582903 -0.15023367 0.08818499
-0.15759993 -0.12948515 0.14539896
0.14974688 -0.15479010 -0.15469474
0.10205419 -0.13789788 -0.18656194
-0.14912812 -0.12479355 0.15510817
-0.16852953 -0.14126363 -0.12904163
0.20733388 -0.14721790 0.04340976
-0.01336551 -0.15115821 -0.21331003
0.09812706 -0.15158108 0.18918596
0.20724411 -0.12768298 -0.04386107
0.13234030 -0.12585454 -0.16632544
-0.20015328 -0.14338771 0.07950912
-0.09109453 -0.15037251 0.19388494
-0.02918353 -0.15333469 0.21016364
-0.16835774 -0.11980672 -0.12929870
0.21136460 -0.14220572 -0.02314590
0.02201741 -0.12806414 0.21158907
-0.18472035 -0.14652433 0.10481033
0.20387957 -0.12011239 0.06077581
-0.19663230 -0.13996612 0.08698282
-0.20201153 -0.12420818 0.07016709
0.21010435 -0.12460350 -0.02948163
0.04097658 -0.15135203 0.20781787
-0.21008775 -0.13098224 -0.02956512
0.19665417 -0.15299620 0.08695009
-0.19967018 -0.13333605 -0.08193781
0.10485111 -0.13176551 0.18469310
0.21531308 -0.12568952 0.00329551
-0.20608625 -0.15286042 0.04968203
-0.21399388 -0.14870395 0.00992765
0.16495171 -0.13226227 0.13439621
0.01554874 -0.14758791 0.21287577
0.07530425 -0.13753161 0.20098968
0.12444512 -0.12603435 -0.17160082
-0.21319154 -0.15303858 -0.01396128
-0.20081869 -0.13855790 0.07616391
-0.01845062 -0.13238147 -0.21229854
0.20341603 -0.13241588 0.06310611
-0.21386714 -0.12605534 -0.01056476
0.09812260 -0.12895161 -0.18918894
-0.18264991 -0.15447512 -0.10790896
0.18627563 -0.13645265 0.10248268
0.10543162 -0.14797978 -0.18430522
-0.20880826 -0.14250100 -0.03599754
-0.00010107 -0.13304915 0.21594849
0.11078891 -0.12944572 -0.18072559
0.03368309 -0.15148140 -0.20926863
0.08760443 -0.15255278 -0.19621696
0.14588839 -0.12786348 -0.15727289
0.11086969 -0.13306637 0.18067162
-0.20059061 -0.13554804 -0.07731055
0.10015668 -0.14290543 -0.18782982
-0.07863429 -0.12424299 -0.20032729
-0.09936099 -0.13768211 -0.18836148
0.17723885 -0.13705258 -0.11600719
-0.21066415 -0.13180557 -0.02666727
-0.19043617 -0.12776156 0.09625600
-0.01277749 -0.15500695 -0.21342701
0.19167343 -0.12258084 -0.09440430
-0.21157946 -0.12713124 -0.02206575
-0.20281391 -0.12030561 -0.06613325
-0.20436613 -0.13017593 0.05832968
-0.16574816 -0.12874168 0.13320422
0.20308337 -0.14197180 0.06477854
0.19047062 -0.14477663 -0.09620442
0.14580043 -0.13178261 -0.15733166
-0.18357867 -0.13491158 -0.10651898
-0.11511544 -0.12103473 0.17783470
-0.17151482 -0.15517549 -0.12457380
-0.11818758 -0.15155949 -0.17578197
-0.04833500 -0.14745294 0.20635419
0.12863861 -0.12492312 0.16879880
0.15480869 -0.14816894 0.14957634
-0.09892230 -0.12869038 0.18865460
-0.20634426 -0.14704746 0.04838491
0.07263566 -0.12879646 0.20152050
0.17438339 -0.13044792 0.12028071
0.12555969 -0.13749848 -0.17085609
0.05905917 -0.14825360 -0.20422103
0.06549097 -0.13034083 -0.20294166
-0.19977711 -0.14783165 0.08140026
0.20613019 -0.14201497 -0.04946112
0.15966403 -0.12737110 -0.14230977
0.16511427 -0.12509668 -0.13415293
-0.16684310 -0.14592372 -0.13156554
-0.11535493 -0.13743392 0.17767468
0.12345398 -0.12678441 0.17226307
0.02875991 -0.14072019 -0.21024790
-0.17220205 -0.13662320 0.12354530
-0.17913511 -0.13455313 -0.11316923
0.19753675 -0.14439546 0.08562922
-0.21030389 -0.12677592 0.02847845
-0.13862456 -0.13844925 -0.16212642
0.03128944 -0.12360033 -0.20974475
0.07573850 -0.13016929 0.20090330
0.21526347 -0.15213421 -0.00354490
0.20643753 -0.12327402 0.04791601
0.17531492 -0.12555097 0.11888657
0.21488598 -0.13714288 -0.00544273
-0.16643399 -0.12590247 -0.13217781
-0.01899394 -0.13328014 0.21219048
0.11692639 -0.14928608 -0.17662466
-0.19809651 -0.12831089 0.08479146
0.17436689 -0.14997718 -0.12030539
0.10727017 -0.12250253 0.18307674
-0.07425234 -0.14061566 0.20119892
0.14258806 -0.14325072 -0.15947808
0.01804428 -0.14696017 -0.21237938
0.18219788 -0.15383947 -0.10858547
0.20708650 -0.14508040 -0.04465342
-0.20540228 -0.14725058 -0.05312053
-0.05110365 -0.13555136 -0.20580347
-0.20913252 -0.13602392 -0.03436736
0.03607318 -0.14358547 0.20879321
-0.11424858 -0.14887580 -0.17841391
-0.04121364 -0.12679878 -0.20777071
-0.21429063 -0.13820188 -0.00843571
0.19542445 -0.14516366 0.08879048
-0.14339319 -0.12358467 -0.15894012
-0.20227607 -0.15015243 -0.06883712
-0.01257083 -0.15211932 0.21346810
-0.16736652 -0.15054497 -0.13078219
-0.16760482 -0.14322409 0.13042554
-0.07526473 -0.15523344 -0.20099755
-0.18798774 -0.15237105 -0.09992033
0.17092408 -0.15380611 -0.12545791
0.19978918 -0.12923229 0.08133958
-0.12854563 -0.12451399 0.16886094
-0.14469047 -0.13811684 0.15807331
0.04441945 -0.13147075 0.20713304
-0.11939228 -0.13417946 0.17497702
0.06048182 -0.12905018 0.20393804
0.03762578 -0.14682648 0.20848438
-0.19294374 -0.13706194 -0.09250316
0.16448553 -0.14969520 0.13509390
0.18072513 -0.13228135 -0.11078960
-0.20898864 -0.12233943 -0.03509069
0.15545486 -0.12634218 0.14860927
-0.20872231 -0.13657458 -0.03642960
0.08054910 -0.13365518 0.19994642
-0.20368414 -0.15015233 -0.06175828
-0.21144111 -0.13707900 0.02276121
0.20041154 -0.13496915 -0.07821072
-0.09122960 -0.14678393 0.19379470
0.07832558 -0.14541386 0.20038870
0.20631152 -0.13925844 -0.04854951
0.12555572 -0.13497469 0.17085873
-0.11813726 -0.14453539 -0.17581558
-0.10212620 -0.13476177 0.18651383
-0.16898835 -0.12857656 -0.12835495
0.20252071 -0.14382222 0.06760720
-0.09409259 -0.13241112 0.19188172
-0.18705589 -0.13159050 0.10131494
0.00627297 -0.14490303 -0.21472083
0.17167704 -0.13337535 0.12433104
-0.06118552 -0.15277192 0.20379807
-0.21516754 -0.14356624 -0.00402724
-0.14875519 -0.15331209 -0.15535736
0.15239422 -0.15117429 0.15292583
0.06613160 -0.15039162 0.20281424
0.09628820 -0.12233821 0.19041465
0.04454086 -0.13329096 -0.20710889
0.05538988 -0.12129927 0.20495088
-0.19420812 -0.15023434 -0.09061087
0.16248041 -0.13673383 -0.13809477
0.20950612 -0.13639697 0.03248915
-0.12806524 -0.12219157 -0.16918193
-0.06729611 -0.13802990 -0.20258260
0.21323287 -0.12054805 -0.01375345
0.18907680 -0.13794725 0.09829044
0.21288885 -0.12169567 0.01548298
-0.17678779 -0.14049800 -0.11668224
0.10809741 -0.12098219 0.18252400
0.20151123 -0.15103292 0.07268219
-0.02209857 -0.12041782 0.21157293
-0.20191014 -0.13653629 -0.07067680
-0.12926225 -0.13267116 -0.16838211
0.10703230 -0.13824457 -0.18323568
-0.17524731 -0.11985254 0.11898774
0.12141734 -0.15143040 0.17362390
0.21266314 -0.14879616 -0.01661764
-0.14639015 -0.13677418 -0.15693761
-0.20765173 -0.12086774 0.04181175
-0.16072617 -0.14204209 0.14072019
0.01975149 -0.14457029 0.21203980
0.17708969 -0.13135971 0.11623042
0.08124792 -0.14221868 -0.19980742
-0.13389574 -0.13476574 -0.16528611
-0.20572075 -0.12990710 0.05151948
0.09104894 -0.15332857 -0.19391541
-0.16049148 -0.14001644 0.14107141
-0.20442785 -0.12908961 -0.05801939
-0.15233031 -0.13316080 0.15296854
-0.05033796 -0.14822832 0.20595577
0.10407908 -0.13153872 -0.18520896
-0.20874384 -0.13368557 0.03632139
0.19469237 -0.14378788 0.08988612
-0.05612839 -0.14416769 0.20480399
-0.15557119 -0.13238969 0.14843518
0.20560260 -0.12670676 0.05211348
0.20899834 -0.12196331 0.03504197
0.19656777 -0.15141751 0.08707939
-0.15623251 -0.12114925 -0.14744543
0.19604820 -0.13439496 0.08785699
0.05200464 -0.12180132 0.20562425
-0.12009738 -0.14461552 -0.17450587
-0.00286035 -0.12326183 -0.21539964
0.16783011 -0.13286051 0.13008839
0.10037498 -0.14358820 -0.18768395
-0.18926613 -0.12001364 0.09800708
-0.20210521 -0.14713095 -0.06969611
-0.07809386 -0.13131021 0.20043479
-0.00706116 -0.13248317 0.21456406
0.11504486 -0.12221628 0.17788187
