0.39347801 0.20639700 0.41760200
-0.31899500 0.20639700 -0.41727501
-0.32484600 0.20639700 0.28950700
-0.27808601 0.20639700 -0.07695500
-0.10555200 0.20639700 -0.38243499
0.54735303 0.20639700 0.20911799
0.38206801 0.20639700 -0.10411100
-0.29763499 0.20639700 0.00002100
-0.10024000 0.20639700 -0.46065101
0.07581700 0.20639700 -0.32028800
-0.13768899 0.20639700 -0.16202100
0.34406099 0.20639700 0.13184600
0.37184900 0.20639700 0.45439601
-0.18410900 0.20639700 0.26756299
-0.45161599 0.20639700 0.42915300
0.52609098 0.20639700 0.11067800
-0.33272600 0.20639700 -0.03479400
-0.50032300 0.20639700 0.17670301
-0.60512203 0.20639700 0.15257600
-0.05261100 0.20639700 0.14276400
0.59154999 0.20639700 0.16624799
-0.45829099 0.20639700 -0.02738700
0.26917100 0.20639700 -0.56211299
-0.07495200 0.20639700 0.52417499
-0.54479498 0.20639700 0.13586600
-0.32800400 0.20639700 0.38090801
0.12096900 0.20639700 0.41166499
0.00358700 0.20639700 -0.51390398
0.05114400 0.20639700 0.48447499
0.25713599 0.20639700 -0.42634800
0.25622001 0.20639700 0.49120301
-0.25565401 0.20639700 0.19901900
-0.35333300 0.20639700 -0.09376800
-0.38190901 0.20639700 -0.24218000
-0.08626300 0.20639700 0.15001200
0.19181800 0.20639700 -0.18238001
0.07046400 0.20639700 -0.17052700
-0.08172300 0.20639700 -0.46687400
0.60607600 0.20639700 0.02311100
0.13928901 0.20639700 0.37827799
-0.05836200 0.20639700 0.45181900
0.46306100 0.20639700 0.01630000
0.22515500 0.20639700 0.31604400
0.39258501 0.20639700 -0.41754299
0.14883800 0.20639700 0.27624601
0.30191201 0.20639700 -0.10890300
0.04045100 0.20639700 -0.18489200
-0.18859200 0.20639700 -0.31390500
0.36345401 0.20639700 0.25138801
0.40256500 0.20639700 -0.44918999
-0.24225099 0.20639700 0.23460799
0.30856401 0.20639700 -0.05532000
-0.12752301 0.20639700 0.61234701
0.17518400 0.20639700 -0.52839398
0.13193201 0.20639700 -0.46954399
-0.32225099 0.20639700 0.26289800
-0.15265401 0.20639700 0.26640701
0.25869000 0.20639700 -0.03211600
-0.26770601 0.20639700 -0.27470300
-0.53031600 0.20639700 0.01753500
-0.06503300 0.20639700 -0.45627999
0.31652799 0.20639700 -0.40338299
-0.07749700 0.20639700 0.40818200
0.44475600 0.20639700 -0.07653400
-0.27987301 0.20639700 -0.19888100
-0.08883600 0.20639700 -0.42340001
-0.30005401 0.20639700 0.10639600
0.48538801 0.20639700 0.09502600
0.20155400 0.20639700 0.08552600
0.16129200 0.20639700 -0.06429600
-0.15932301 0.20639700 -0.36284199
-0.25386900 0.20639700 -0.06523500
-0.12869000 0.20639700 -0.43706301
-0.01113800 0.20639700 0.43205100
0.46941701 0.20639700 0.27340099
0.35383201 0.20639700 0.37193400
-0.16863400 0.20639700 -0.49766201
-0.42819601 0.20639700 0.42714599
0.40338799 0.20639700 0.21177800
-0.41386601 0.20639700 -0.42332801
-0.22043701 0.20639700 -0.57552999
0.45611900 0.20639700 0.42670900
0.10242700 0.20639700 -0.21535200
0.21609201 0.20639700 0.10288800
-0.32864100 0.20639700 0.32389599
-0.01023100 0.20639700 -0.19760901
-0.44196901 0.20639700 -0.09711800
-0.44183701 0.20639700 -0.05789300
-0.51147199 0.20639700 -0.23492600
0.10249100 0.20639700 0.27974901
0.52174801 0.20639700 -0.01173300
-0.41799799 0.20639700 0.32517901
-0.53227901 0.20639700 -0.12467600
0.19393800 0.20639700 -0.09818400
0.48410201 0.20639700 -0.03612400
-0.62195802 0.20639700 0.03143100
0.35479599 0.20639700 0.35866699
-0.02361000 0.20639700 -0.31095499
0.02223000 0.20639700 -0.18738800
-0.37865201 0.20639700 -0.06033600
-0.09665900 0.20639700 -0.47736499
-0.49367499 0.20639700 -0.32315800
0.38167101 0.20639700 0.01260200
-0.50510299 0.20639700 -0.21492501
0.46319199 0.20639700 -0.34310901
0.41322401 0.20639700 -0.25545600
0.23172399 0.20639700 -0.38286501
-0.35705200 0.20639700 0.41831100
0.40371200 0.20639700 0.48500600
-0.42216000 0.20639700 -0.24294500
0.18618800 0.20639700 0.29088199
-0.50106698 0.20639700 0.33584800
0.06713100 0.20639700 -0.35429400
0.52388400 0.20639700 -0.07832300
0.19171800 0.20639700 -0.32653800
-0.22663800 0.20639700 0.04989000
-0.34225899 0.20639700 0.26080999
-0.05127800 0.20639700 0.22172400
0.06180600 0.20639700 0.15168300
-0.01564900 0.20639700 0.34744599
-0.31311300 0.20639700 -0.15612900
-0.48362401 0.20639700 -0.05056900
-0.22276101 0.20639700 -0.25290599
0.11703400 0.20639700 0.45069501
0.57370502 0.20639700 -0.19032000
-0.06670000 0.20639700 0.32125801
-0.37688899 0.20639700 0.20223300
0.40962601 0.20639700 -0.41520500
0.36878201 0.20639700 -0.43190199
-0.57849300 0.20639700 0.00118000
-0.16797601 0.20639700 -0.02026200
0.45928001 0.20639700 -0.31400001
-0.04115200 0.20639700 0.59425002
0.29437700 0.20639700 -0.31798500
0.61312401 0.20639700 -0.03447300
0.02130300 0.20639700 0.22288600
0.47415701 0.20639700 0.12531500
-0.25483799 0.20639700 -0.54382998
-0.16708200 0.20639700 0.26715401
-0.12659700 0.20639700 -0.59935200
-0.09877600 0.20639700 -0.10292600
-0.26484200 0.20639700 0.56461197
-0.15276700 0.20639700 0.05804400
-0.38363200 0.20639700 -0.42513499
0.46625301 0.20639700 -0.39144400
-0.31685400 0.20639700 0.22363500
-0.41289401 0.20639700 0.26516801
0.30790299 0.20639700 -0.26055300
0.04770900 0.20639700 0.35227999
0.50564498 0.20563100 -0.37452000
-0.20031200 0.20639700 -0.40024599
0.01206500 0.20639700 -0.27224699
-0.41204101 0.20639700 0.21587400
0.15843500 0.20639700 -0.18667801
0.00315800 0.20639700 0.42682901
-0.55207598 0.20639700 0.05758900
-0.00180100 0.20639700 0.36946401
-0.26404399 0.20639700 -0.35866001
-0.57659799 0.20639700 -0.18987200
0.10075700 0.20639700 -0.42783499
-0.24948800 0.20639700 -0.13298900
-0.11136000 0.20639700 -0.12946500
-0.09141900 0.20639700 0.24206699
0.19462401 0.20639700 0.34204400
-0.16350099 0.20639700 -0.57921600
-0.26978701 0.20639700 -0.31869999
0.57420301 0.20639700 0.06100300
0.20610601 0.20639700 -0.55209500
-0.58160001 0.20639700 -0.10148800
0.38175601 0.20639700 0.20948000
0.15725200 0.20639700 0.53356302
0.19133399 0.20639700 -0.18732500
-0.02631800 0.20639700 -0.48894101
-0.16868000 0.20639700 0.01224100
0.42791700 0.20639700 0.09600600
0.10896200 0.20639700 -0.30154800
-0.01611200 0.20639700 0.49976000
0.15660299 0.20639700 -0.43324500
0.26611900 0.20639700 -0.53015602
0.38130701 0.20639700 -0.31829700
-0.36890599 0.20639700 -0.33232000
0.09711900 0.20639700 0.56709498
-0.44454399 0.20639700 -0.33373699
0.39560401 0.20639700 0.47130701
0.36696699 0.20639700 -0.03010600
0.40377799 0.20639700 0.11061500
-0.21220399 0.20639700 -0.57016701
0.39158899 0.20639700 -0.26164699
-0.21936600 0.20639700 -0.15886199
-0.61708099 0.20639700 -0.02222300
0.29035601 0.20639700 -0.00889000
0.03222000 0.20639700 -0.19968300
0.32732600 0.20639700 0.20296299
0.39767501 0.20639700 -0.02393900
-0.24587899 0.20639700 0.12695000
-0.19723900 0.20639700 0.16945800
-0.14885500 0.20639700 0.07464900
0.18957700 0.20639700 0.12470900
-0.19194099 0.20639700 0.54347497
-0.54118699 0.20639700 0.24998499
0.20171700 0.20639700 0.05499100
-0.09090100 0.20639700 -0.37854600
0.03969900 0.20639700 0.20060700
-0.07434300 0.20639700 -0.40936199
0.26441601 0.20639700 -0.49338999
0.56742901 0.20639700 0.15944800
-0.01123300 0.20639700 -0.28808299
0.01278500 0.20639700 -0.29482600
-0.56186402 0.20639700 -0.22606100
-0.53343803 0.20573200 0.33292899
-0.38731301 0.20639700 0.33568400
-0.48080501 0.20639700 -0.24732400
-0.01403100 0.20639700 0.36054301
-0.36499599 0.20639700 -0.49839300
0.52024198 0.20639700 0.26040801
0.40566400 0.20639700 -0.40492901
0.26192001 0.20639700 -0.53160399
-0.35033801 0.20639700 -0.13784400
0.06868100 0.20639700 -0.14442401
-0.31584999 0.20639700 -0.44397900
-0.08384800 0.20639700 -0.59378499
0.40489399 0.20300899 0.48693600
-0.50828201 0.20639700 -0.00623100
0.13879800 0.20639700 -0.36052501
-0.12186400 0.20639700 -0.16726799
-0.26244500 0.20639700 0.15846500
0.44130701 0.20639700 -0.12355500
0.03209300 0.20639700 0.47997400
-0.44855699 0.20639700 0.32219300
0.00216900 0.20639700 0.47702900
-0.12958799 0.20639700 -0.25124401
-0.47196901 0.20639700 0.30123600
0.03400500 0.20639700 -0.53544700
0.07463300 0.20639700 -0.54558402
0.41245800 0.20639700 0.21378800
0.08208300 0.20639700 -0.14865699
0.34749600 0.20639700 0.50657898
-0.39519399 0.20639700 -0.35708499
-0.22904500 0.20639700 0.37887201
0.34471500 0.20639700 0.40885499
-0.51974797 0.20639700 0.19810300
-0.24820900 0.20639700 -0.05578600
-0.52062100 0.20639700 -0.16897000
-0.24276701 0.20639700 -0.52303600
-0.27079701 0.20639700 0.14952300
-0.38896000 0.20639700 0.16569100
0.55324697 0.20639700 0.21892899
-0.01346900 0.20639700 0.49842101
0.19879401 0.20639700 0.09503700
-0.10107400 0.20639700 0.35031801
0.20057900 0.20639700 0.39188600
0.47272399 0.20639700 0.38207000
-0.06472900 0.20639700 0.25292501
-0.15321000 0.20639700 0.49192101
0.11429400 0.20639700 -0.39453301
-0.29939699 0.20639700 0.13640501
0.47202799 0.20639700 -0.17522000
0.18123400 0.20639700 0.24044900
0.15031400 0.20639700 0.21291099
-0.41708100 0.20639700 0.19810601
0.55755103 0.20639700 0.18847200
0.07787900 0.20639700 0.57470798
-0.17520200 0.20639700 0.15481301
0.22076000 0.20639700 0.07129600
-0.12063900 0.20639700 -0.59358400
-0.50849801 0.20639700 0.08667700
-0.00597400 0.20639700 0.17240900
-0.11390200 0.20639700 0.31553099
0.11191200 0.20639700 -0.60657197
0.34374800 0.20639700 0.04880100
-0.26903501 0.20639700 -0.06606600
0.44448000 0.20639700 0.42831200
-0.38437101 0.20639700 -0.04295800
-0.00160400 0.20639700 0.23690100
0.36091900 0.20639700 0.05903300
0.03490600 0.20639700 -0.46194199
0.27531201 0.20639700 0.19767401
-0.44959599 0.20639700 -0.14270000
-0.00410500 0.20639700 -0.39307100
0.52775401 0.20639700 0.22447400
0.47256699 0.20639700 -0.18508700
-0.43177500 0.20639700 -0.00833900
-0.40478900 0.20639700 0.21835300
-0.38593599 0.20639700 0.43545899
-0.24120000 0.20639700 0.25083199
0.24726699 0.20639700 -0.02245200
-0.15747000 0.20639700 0.01496400
-0.34235501 0.20639700 0.22574300
-0.13954100 0.20639700 -0.34876001
-0.57289898 0.20639700 -0.08587200
0.30428600 0.20639700 -0.52792603
-0.22148700 0.20639700 -0.38546199
0.44497699 0.20639700 -0.00174200
-0.10426800 0.20639700 -0.24017499
0.39697701 0.20639700 0.10688700
0.03466400 0.20639700 -0.14515001
-0.02662300 0.20639700 0.25131199
-0.32683101 0.20639700 -0.44454300
-0.49490401 0.20639700 0.25847000
0.20591800 0.20639700 -0.13814700
0.06394500 0.20639700 0.32111001
0.23947200 0.20639700 -0.20250900
0.28953999 0.20639700 -0.31974101
-0.41519901 0.20639700 0.07132800
0.06540300 0.20639700 0.29696399
0.28256500 0.20639700 -0.15531500
-0.47825900 0.20639700 -0.13098100
-0.11653000 0.20639700 0.17675300
0.25107899 0.20639700 0.56266099
-0.31387401 0.20639700 -0.25003999
-0.44941700 0.20639700 -0.16772699
0.05660500 0.20639700 0.43822899
-0.41499200 0.20639700 0.02113000
0.44424599 0.20639700 0.08219500
-0.52946401 0.20639700 0.25986600
0.60948902 0.20639700 0.06101100
0.34494701 0.20639700 -0.43101400
0.44892901 0.20639700 0.07145700
0.39560199 0.20639700 -0.44471800
-0.21845700 0.20639700 -0.52939397
-0.34202600 0.20639700 0.20373900
0.42876199 0.20639700 -0.05934600
0.39308101 0.20639700 -0.25947899
-0.48625299 0.20639700 -0.14711100
0.00905700 0.20639700 0.45385101
0.30644700 0.20639700 0.22271000
0.37383601 0.20639700 -0.04410300
0.17703301 0.20639700 -0.25269699
-0.36098999 0.20639700 0.49849001
0.27153799 0.20639700 0.57142401
0.49456000 0.20639700 0.14603700
-0.16073900 0.20639700 -0.16999499
-0.26179701 0.20639700 0.20240900
-0.28689900 0.20639700 -0.40282199
0.23517400 0.20639700 0.48808700
-0.41414499 0.20639700 0.45798099
0.53666300 0.20639700 -0.19354500
-0.30005500 0.20639700 0.05252300
0.09191800 0.20639700 0.22363400
0.08769900 0.20639700 -0.27137801
0.05864300 0.20639700 0.20412700
-0.59098798 0.20639700 -0.02648000
-0.12077700 0.20639700 -0.18157201
-0.25571999 0.20639700 -0.13663299
-0.61357301 0.20639700 -0.07593800
-0.32603699 0.20639700 0.09988400
0.12640800 0.20639700 -0.57382900
-0.46697301 0.20639700 -0.01837400
-0.23364200 0.20639700 0.50231701
-0.32165000 0.20639700 -0.38745901
-0.14954700 0.20639700 -0.59965801
-0.57247102 0.20639700 0.21085800
-0.07743400 0.20639700 -0.29500699
-0.07123600 0.20639700 0.21355399
0.49340299 0.20639700 0.05217600
-0.11945900 0.20639700 0.13006701
-0.08014000 0.20639700 0.48013401
-0.11911000 0.20639700 -0.16644900
-0.53417802 0.20639700 0.08489700
0.51780999 0.20639700 -0.13643500
0.10203000 0.20639700 -0.53482902
-0.18535300 0.20639700 -0.18949801
0.23484500 0.20639700 -0.11207500
0.12374000 0.20639700 -0.42926800
-0.16246200 0.20639700 0.49704000
-0.16057900 0.20639700 -0.39840999
-0.15997501 0.20639700 0.25738701
0.29232499 0.20639700 0.05333100
-0.34740099 0.20639700 0.45114800
-0.33168399 0.20639700 -0.05730900
0.43155199 0.20639700 -0.30328801
-0.13799100 0.20639700 -0.32054201
-0.43083599 0.20639700 -0.00179800
-0.39483401 0.20639700 0.04016600
-0.37869701 0.20639700 0.32570401
-0.01264300 0.20639700 0.60603499
-0.48466501 0.20639700 -0.07266100
-0.04493000 0.20639700 -0.27470601
-0.34600300 0.20639700 0.07823900
0.21440899 0.20639700 0.04216500
-0.34601900 0.20639700 0.27467099
-0.16682599 0.20639700 0.40345800
-0.28222999 0.20639700 -0.47280201
0.49939999 0.20639700 0.34825900
-0.41626000 0.20639700 0.21943100
0.18408000 0.20639700 -0.43320000
0.42461801 0.20639700 -0.42193699
0.31364101 0.20639700 0.11345500
0.14442800 0.20639700 -0.08386700
0.27732000 0.20639700 -0.38578600
0.28018999 0.20639700 0.18846200
0.00644700 0.20639700 0.36710599
-0.04384900 0.20639700 0.36688000
-0.40890500 0.20639700 -0.16755900
-0.17640200 0.20639700 0.23464400
0.25156799 0.20639700 0.21173100
0.44082299 0.20639700 0.28452000
-0.03090700 0.20639700 -0.20106700
0.44672400 0.20639700 -0.14826199
0.15350400 0.20639700 -0.18661401
-0.18131100 0.20639700 0.40204200
0.55808800 0.20639700 0.10940400
0.26065201 0.20639700 0.07046000
-0.32335001 0.20639700 -0.31977800
-0.21397801 0.20639700 -0.30452201
-0.26387799 0.20639700 0.29149401
-0.14725301 0.20639700 0.37486199
0.28024399 0.20639700 -0.42656699
-0.00666000 0.20639700 -0.52863002
-0.47038200 0.20639700 -0.34884599
-0.51785302 0.20639700 0.24186800
-0.24629501 0.20639700 0.03335800
-0.28613600 0.20605500 0.56227601
0.36594301 0.20639700 0.49993500
0.49679801 0.20639700 -0.12995300
0.31080300 0.20639700 -0.29156801
-0.14956000 0.20639700 0.40197399
0.13865000 0.20639700 0.17949200
-0.53284103 0.20639700 0.19969399
0.19764701 0.20639700 0.02097500
0.18676700 0.20639700 0.57959700
0.09948900 0.20639700 -0.57596499
-0.08255500 0.20639700 0.50541598
0.12912899 0.20639700 0.20605500
0.38820499 0.20639700 0.17333899
0.08405200 0.20639700 0.21991600
-0.19852200 0.20639700 -0.38597599
-0.22287899 0.20639700 0.28291699
0.01455900 0.20639700 0.57589900
-0.28260499 0.20639700 -0.05230400
0.38981700 0.20639700 -0.42800599
0.14672799 0.20639700 -0.55871898
0.55602801 0.20639700 0.20032200
0.32670701 0.20639700 -0.51415497
0.33678499 0.20639700 0.21732400
-0.46951100 0.20639700 -0.39515501
-0.12574300 0.20639700 0.57284999
0.29167101 0.20639700 0.09517600
-0.20746300 0.20639700 0.02824800
0.49978101 0.20639700 -0.32750300
0.02141700 0.20639700 -0.56272101
0.13592100 0.20639700 -0.57759702
0.18043600 0.20639700 -0.15385500
-0.52112401 0.20639700 -0.02232600
0.33233100 0.20639700 -0.27775201
-0.19656201 0.20639700 -0.28893799
0.12572999 0.20639700 0.33057699
0.47604600 0.20639700 0.17549600
-0.48055899 0.20639700 -0.24901301
-0.15866899 0.20639700 0.40944299
0.16010199 0.20639700 -0.19595701
0.41033599 0.20639700 0.29919001
-0.39041501 0.20639700 0.45693001
0.41958901 0.20639700 0.00169300
-0.22758900 0.20639700 0.40313700
0.17350000 0.20639700 0.39704600
-0.23411700 0.20639700 0.24441600
-0.56774002 0.20639700 -0.09708100
0.01459400 0.20639700 0.40626401
0.08172500 0.20639700 -0.45546100
-0.27739501 0.20639700 0.56595802
0.41374400 0.20639700 -0.39348701
-0.33398500 0.20639700 0.26436701
0.50675303 0.20639700 0.18777600
-0.09488100 0.20639700 0.38029900
0.37380099 0.20639700 -0.09946500
-0.22743200 0.20639700 -0.19809900
0.46650699 0.20639700 -0.19689900
-0.02667700 0.20639700 0.37647599
-0.07324800 0.20639700 0.46164700
-0.40050200 0.20639700 -0.25939500
0.47213599 0.20639700 0.28932500
0.55534101 0.20639700 0.30211300
0.58150899 0.20639700 -0.19639800
0.22646500 0.20639700 0.46722701
0.22407100 0.20639700 -0.13844299
-0.14148401 0.20639700 -0.28902599
0.13294099 0.20639700 -0.06345900
-0.11840700 0.20639700 0.34781700
-0.30094400 0.20639700 0.07787000
-0.21948899 0.20639700 0.43505499
-0.01260200 0.20639700 0.53013998
0.08986000 0.20639700 -0.30715001
0.13230300 0.20639700 -0.23066400
0.26795301 0.20639700 -0.26676199
0.53622299 0.20639700 0.22678600
-0.29000399 0.20639700 0.15374200
0.60304803 0.20639700 -0.04857500
0.57704198 0.20639700 0.15608700
-0.08027800 0.20639700 -0.38242000
0.18265900 0.20639700 0.50339299
-0.55723703 0.20639700 -0.04439700
0.33501101 0.20639700 0.41661701
-0.29423201 0.20639700 0.37836099
0.30984399 0.20639700 -0.51805103
-0.27862599 0.20639700 -0.55550200
-0.38107100 0.20639700 -0.06550600
0.40161899 0.20639700 -0.42610800
0.53667998 0.20639700 -0.08035400
0.48838401 0.20639700 0.08486200
0.10299700 0.20639700 -0.41372201
0.18169400 0.20639700 0.49306601
0.56139398 0.20639700 -0.14120100
-0.17446500 0.20639700 -0.34484199
0.13319400 0.20639700 0.47434101
0.36818001 0.20639700 -0.08276600
0.16398300 0.20639700 -0.57638597
-0.43623999 0.20639700 0.22211000
0.56390202 0.20639700 0.00649900
0.17406100 0.20639700 -0.30010799
0.35104901 0.20639700 -0.14822499
0.62838602 0.20338200 -0.06519500
-0.49015301 0.20639700 0.28885499
-0.44829601 0.20538101 0.44210601
0.16901600 0.20639700 0.28605399
-0.57318699 0.20639700 0.20843901
0.19788399 0.20639700 0.23576100
-0.41985199 0.20639700 0.32932201
0.04322600 0.20639700 -0.42273799
-0.18835500 0.20639700 0.19970900
-0.02491300 0.20639700 0.37002400
0.23610000 0.20639700 0.33389899
-0.41960999 0.20639700 -0.34774199
-0.14916401 0.20639700 -0.48237300
0.31562901 0.20639700 -0.21166000
-0.33559200 0.20639700 0.31336600
0.46006101 0.20639700 0.31174001
0.34604499 0.20639700 0.44409800
0.48835701 0.20639700 0.28725401
0.41293201 0.20639700 0.35396099
0.11756900 0.20639700 0.40116799
-0.14156100 0.20639700 -0.48605099
-0.02771500 0.20639700 -0.35447800
-0.06687000 0.20639700 -0.22892199
0.46489799 0.20639700 0.31104001
-0.28507599 0.20639700 -0.38150501
-0.21122900 0.20639700 0.38755000
0.42948300 0.20639700 -0.19762000
-0.01355100 0.20639700 -0.44567400
-0.26288101 0.20639700 0.49586299
-0.54102200 0.20639700 0.26219901
0.28187799 0.20639700 -0.00045600
0.14093100 0.20639700 -0.53902203
0.00838800 0.20639700 -0.15932301
-0.25952700 0.20639700 -0.47316599
0.17565800 0.20639700 -0.57050699
-0.18822400 0.20639700 -0.40705600
-0.37759799 0.20639700 0.22876500
0.17136000 0.20639700 -0.26640001
0.37619799 0.20639700 0.26682699
0.16782799 0.20639700 0.05300500
-0.01475400 0.20639700 -0.26902500
0.13111299 0.20639700 0.09227000
0.04318600 0.20639700 0.52816099
-0.16979299 0.20639700 0.57410401
-0.45962200 0.20639700 -0.34853399
-0.61104798 0.20639700 -0.01878100
0.54692101 0.20639700 0.08800900
0.04490700 0.20639700 -0.25460199
-0.12811700 0.20639700 0.17372701
-0.45015699 0.20639700 0.13604900
-0.54027098 0.20639700 -0.08144100
0.29371199 0.20639700 0.31228301
-0.03200300 0.20639700 0.46914801
-0.21660300 0.20639700 -0.46373200
-0.39126599 0.20639700 -0.03553800
-0.18467100 0.20639700 0.01379300
-0.05747000 0.20546401 0.63014299
-0.57995898 0.20639700 0.11403600
0.33208501 0.20639700 -0.06069900
-0.49780500 0.20639700 -0.20754600
-0.28529701 0.20639700 -0.41013801
-0.00357400 0.20639700 -0.29636699
-0.58697802 0.20639700 -0.20241700
0.22807200 0.20639700 -0.12375800
0.18726100 0.20639700 -0.02216100
0.61551499 0.20639700 -0.10439500
-0.37884799 0.20639700 0.02054400
0.22712301 0.20639700 0.26064801
-0.01090700 0.20639700 -0.57271999
0.29047099 0.20639700 -0.32874301
-0.36666799 0.20639700 -0.14276500
-0.04256200 0.20639700 -0.48488301
0.57416499 0.20639700 -0.17364401
0.40129799 0.20639700 0.38423800
-0.31018499 0.20639700 0.37189499
-0.24963100 0.20639700 0.28719300
-0.41870400 0.20639700 0.07950000
0.38108101 0.20639700 -0.46758199
0.52679199 0.20639700 -0.26183701
0.06784700 0.20639700 -0.45410100
-0.38001299 0.20639700 0.20806301
0.07824300 0.20639700 0.28596500
0.03407800 0.20639700 0.46922901
-0.45107400 0.20639700 -0.23070601
-0.38143101 0.20639700 0.32703099
0.47749501 0.20639700 -0.24341699
0.30428901 0.20639700 0.40429500
-0.18806501 0.20639700 0.10692200
-0.26104000 0.20639700 -0.45875001
0.07481900 0.20639700 -0.49062699
-0.18582200 0.20639700 0.26266101
0.12683000 0.20639700 -0.47938100
-0.52059197 0.20639700 -0.13685600
0.50607800 0.20639700 0.36359000
0.00521300 0.20639700 -0.60686600
-0.41227999 0.20639700 0.23201600
-0.38100001 0.20639700 -0.22798599
0.12029800 0.20639700 0.37798601
-0.27336201 0.20639700 -0.30468401
-0.15362500 0.20639700 0.39099601
0.10535500 0.20639700 -0.15292500
-0.41758400 0.20639700 -0.33928099
-0.40986499 0.20639700 -0.31148499
-0.52260101 0.20639700 0.11791100
-0.16010800 0.20639700 -0.46456599
-0.30631199 0.20639700 0.04882700
-0.33949801 0.20639700 0.22749200
-0.31168199 0.20639700 -0.46057400
-0.01188000 0.20639700 -0.59566200
-0.38659000 0.20639700 0.26765099
-0.60472798 0.20639700 -0.07650100
-0.14760999 0.20639700 -0.50438201
-0.55482101 0.20639700 0.20092200
-0.49452901 0.20639700 0.31064901
-0.31583700 0.20639700 0.53632498
-0.21966900 0.20639700 -0.41498899
-0.33444700 0.20639700 -0.38644001
-0.23840500 0.20639700 0.07014400
0.10128400 0.20639700 -0.58990800
0.33392799 0.20639700 0.09476900
0.25587499 0.20639700 0.21217200
0.05597800 0.20639700 -0.40981001
-0.17134000 0.20639700 -0.38560301
-0.03445900 0.20639700 -0.62071902
-0.25121501 0.20639700 0.53711700
0.42216599 0.20639700 0.00036900
-0.08456800 0.20639700 -0.57523799
0.07747200 0.20639700 -0.39409599
0.14811400 0.20639700 0.43176699
-0.53373301 0.20639700 0.05325100
0.18687400 0.20639700 0.08505100
-0.17081700 0.20639700 0.50681800
-0.15587901 0.20639700 0.03489400
-0.05427500 0.20639700 0.23611000
0.33692899 0.20639700 -0.24474700
0.29594901 0.20639700 -0.45020601
0.37180400 0.20639700 -0.41325200
0.44792101 0.20639700 0.16538900
0.20007899 0.20639700 -0.40796301
-0.46221101 0.20639700 -0.14124100
0.45067501 0.20639700 -0.09853600
0.56509399 0.20639700 0.16348100
0.37289199 0.20639700 0.04504800
-0.20845100 0.20639700 0.00857400
0.40976700 0.20639700 0.39768699
0.55306703 0.20639700 0.26227301
0.07377000 0.20639700 0.35455999
-0.61156398 0.20639700 -0.00902500
-0.57128900 0.20639700 0.18133500
0.59740400 0.20639700 -0.15224500
-0.39482099 0.20639700 -0.13609500
-0.28253499 0.20639700 -0.05628400
0.09604400 0.20639700 0.28514501
0.14875101 0.20639700 0.32289001
-0.05208800 0.20639700 0.36004600
0.15103000 0.20639700 0.60510302
-0.22854900 0.20639700 0.05605000
-0.06531600 0.20639700 -0.42869699
0.41293001 0.20639700 -0.32709399
0.33598599 0.20639700 -0.31731701
-0.62545502 0.20639700 0.02579700
0.21718200 0.20639700 -0.56614500
0.48273900 0.20639700 -0.20492899
-0.01176800 0.20639700 0.46452501
-0.42342201 0.20639700 -0.30524001
0.10876700 0.20639700 0.26209599
0.29130101 0.20639700 -0.30444500
-0.30230099 0.20639700 0.39233100
0.40961599 0.20639700 0.12602299
0.56143701 0.20639700 -0.25207901
-0.04196800 0.20639700 0.37459800
-0.21522400 0.20639700 -0.49624300
0.02162700 0.20639700 0.19315900
0.13469800 0.20639700 -0.35150799
0.10827500 0.20639700 -0.31231999
0.24284500 0.20639700 -0.52052402
-0.24963000 0.20639700 -0.48375899
0.38234001 0.20639700 -0.00797600
-0.01043600 0.20639700 0.42805001
-0.14628200 0.20639700 -0.31586599
0.55987501 0.20639700 -0.04397900
0.08474800 0.20639700 -0.29703000
0.33444399 0.20639700 -0.05237800
0.39172700 0.20639700 -0.11855100
0.15244700 0.20639700 0.05357400
-0.13695300 0.20639700 0.36009401
0.33735400 0.20639700 -0.27746701
-0.29512101 0.20639700 -0.51777399
0.45696101 0.20639700 0.25275299
0.41661701 0.20639700 -0.09720600
0.33257601 0.20639700 0.25908899
0.18703499 0.20639700 0.25989899
0.15847400 0.20639700 -0.59232801
-0.32025501 0.20639700 -0.39944300
0.14995900 0.20639700 -0.30875799
-0.05012300 0.20639700 -0.34984201
-0.30272999 0.20639700 0.08381500
0.29299200 0.20639700 0.06709500
0.15833101 0.20639700 0.50309098
0.30074599 0.20639700 -0.31204599
0.23882601 0.20639700 0.15687600
0.10053000 0.20639700 -0.20713300
0.62462401 0.20639700 -0.06442300
0.37622201 0.20639700 0.37097001
0.17144100 0.20639700 -0.18025300
-0.28726801 0.20639700 0.24894699
-0.37283000 0.20639700 0.21444800
-0.25888300 0.20639700 -0.11822100
-0.31128001 0.20639700 0.44983500
0.55848497 0.20639700 -0.18160100
-0.25772101 0.20639700 0.00749500
-0.24336700 0.20639700 -0.12602700
0.28591701 0.20639700 0.10731600
-0.57589298 0.20639700 0.11368000
0.38801599 0.20639700 -0.16085300
0.02232200 0.20639700 -0.42866901
-0.45998600 0.20639700 0.27081099
0.04644200 0.20639700 0.42751399
-0.08750800 0.20639700 0.58318102
0.31184900 0.20639700 -0.25537300
-0.32774901 0.20639700 0.43718201
0.28095299 0.20639700 0.53529602
0.08295100 0.20639700 -0.16042399
-0.29544601 0.20639700 -0.36610901
0.45747799 0.20639700 0.03250700
0.56194198 0.20639700 -0.10771000
0.20664100 0.20639700 0.39835399
-0.01804000 0.20639700 -0.62146503
0.00401900 0.20639700 -0.33670300
-0.05940900 0.20639700 -0.26335800
-0.20606400 0.20639700 -0.28438500
0.38681999 0.20639700 0.24772300
-0.17839800 0.20639700 0.03887300
0.33335701 0.20639700 0.23302600
0.08293500 0.20639700 0.35178801
-0.12614501 0.20639700 0.41599599
-0.49852699 0.20639700 0.10647900
-0.00606500 0.20639700 -0.40599999
-0.53758001 0.20639700 0.09420800
-0.22711299 0.20639700 -0.18655200
0.17985000 0.20639700 -0.16748101
0.38284099 0.20639700 0.24280500
0.09090300 0.20639700 0.46476901
-0.29386300 0.20639700 -0.53994101
0.14356899 0.20639700 0.05284800
-0.26422301 0.20639700 -0.56446999
0.21878600 0.20639700 -0.25198001
0.25411400 0.20639700 0.02100400
-0.27104300 0.20639700 0.27105400
-0.19114800 0.20639700 -0.54121399
-0.33370000 0.20639700 -0.30685601
-0.09238400 0.20639700 0.28459400
-0.17739400 0.20639700 -0.08651100
-0.48893201 0.20639700 0.06577800
0.34244901 0.20639700 0.20689400
-0.24676900 0.20639700 -0.42308399
-0.56910002 0.20639700 -0.19494700
0.59681898 0.20639700 0.14858600
0.10958300 0.20639700 -0.37578699
-0.14418501 0.20639700 0.21538299
0.46501201 0.20639700 -0.03181900
-0.31263500 0.20639700 -0.07059400
0.12045100 0.20639700 0.32575601
-0.47222501 0.20639700 0.39278001
-0.57421201 0.20639700 -0.12266500
-0.52456301 0.20639700 0.15598400
0.38090900 0.20639700 -0.09619300
-0.03853400 0.20639700 0.19051400
0.09898100 0.20639700 -0.26278499
0.09546900 0.20639700 0.18000799
0.26285899 0.20639700 -0.17309301
-0.19288200 0.20639700 -0.37610900
0.15293200 0.20639700 0.17930700
-0.21504000 0.20639700 -0.00395100
-0.55030400 0.20639700 0.12316300
0.30565000 0.20639700 -0.15808800
0.01943900 0.20639700 -0.36739799
0.60698098 0.20639700 0.04267300
-0.08678300 0.20639700 -0.46709901
-0.19817799 0.20639700 -0.42683199
-0.26219100 0.20639700 0.33710399
-0.52103102 0.20639700 0.03304900
0.24918699 0.20639700 -0.37178999
0.18275000 0.20639700 -0.06582500
-0.60491198 0.20639700 0.00625300
0.06525200 0.20639700 0.18464500
0.14014600 0.20639700 0.37205601
-0.26820901 0.20639700 -0.41808301
0.29761001 0.20639700 -0.46496901
-0.21861400 0.20639700 -0.24947999
0.29137000 0.20639700 -0.47591501
-0.19157600 0.20639700 -0.54062599
-0.12152000 0.20639700 0.61425000
-0.10959300 0.20639700 -0.18657300
0.05423100 0.20639700 -0.52151501
0.34818101 0.20639700 -0.41734201
-0.25248599 0.20639700 -0.50336099
-0.19544700 0.20639700 0.49969399
-0.50865000 0.20639700 0.05907600
-0.34746099 0.20639700 0.28716099
-0.41957000 0.20639700 0.44663799
0.28119901 0.20639700 -0.23973000
0.33170900 0.20639700 -0.11725700
-0.35874799 0.20639700 -0.30860400
0.05592900 0.20639700 0.40561599
-0.40990800 0.20639700 -0.16748600
0.54054302 0.20639700 -0.28586200
0.41718000 0.20639700 0.28925899
-0.15216000 0.20639700 -0.34217599
0.28060800 0.20639700 0.06914700
0.50531900 0.20639700 0.07022300
-0.01940000 0.20639700 -0.37821901
-0.43794701 0.20639700 0.24740399
-0.58246201 0.20639700 -0.06369200
0.37294301 0.20639700 -0.36392900
0.57751501 0.20639700 -0.17050999
-0.09008100 0.20639700 -0.26861501
0.22279499 0.20639700 0.05722200
-0.18356000 0.20639700 -0.06305300
-0.00068600 0.20639700 -0.29968700
0.37198299 0.20639700 0.14915800
0.26497400 0.20639700 -0.32383001
-0.25661501 0.20639700 -0.55137402
0.56066501 0.20639700 0.14472200
-0.48057601 0.20639700 -0.17690100
0.06120800 0.20639700 -0.35488701
0.01739700 0.20639700 -0.42520201
0.16851400 0.20639700 -0.01430700
0.00507600 0.20639700 -0.29686299
0.34627700 0.20639700 -0.17132400
-0.35853401 0.20639700 -0.09242800
0.09278700 0.20639700 0.13966100
0.57073200 0.20639700 0.02180400
-0.14035501 0.20639700 0.44736299
0.32189101 0.20639700 -0.30649501
0.21331200 0.20639700 -0.44511399
0.32327101 0.20639700 0.25636601
-0.05035500 0.20639700 -0.54737002
0.42631000 0.20639700 0.41967601
0.08887500 0.20639700 0.36849999
0.02215700 0.20639700 -0.51608199
0.01479900 0.20639700 0.37932700
0.34153801 0.20639700 -0.27342501
-0.32019100 0.20639700 0.25867799
0.39655399 0.20639700 -0.38506401
-0.55394900 0.20639700 0.11732900
-0.14240900 0.20639700 0.13461700
-0.01478700 0.20639700 0.23342100
-0.29116401 0.20639700 -0.00726600
-0.54455799 0.20639700 0.11282600
-0.13756700 0.20639700 -0.47674599
0.24399699 0.20639700 0.24108900
-0.29948100 0.20639700 -0.21100999
0.34953499 0.20639700 -0.18719700
0.27218601 0.20639700 0.31149799
-0.11140300 0.20639700 0.16085801
0.36329001 0.20639700 0.06154300
-0.27416599 0.20639700 -0.23542300
0.01098300 0.20639700 0.46894199
0.50984502 0.20639700 0.25814199
0.34738100 0.20639700 0.37154099
0.52149200 0.20639700 0.17099400
-0.25713801 0.20639700 -0.03368500
0.37843701 0.20639700 -0.20195299
0.14902499 0.20639700 0.19171800
-0.02408700 0.20639700 0.27757201
-0.21913099 0.20639700 -0.36230600
-0.58692902 0.20639700 0.02758800
-0.27719501 0.20639700 0.13189200
-0.16429800 0.20639700 0.39979199
0.60332602 0.20639700 0.03855000
-0.15311199 0.20639700 -0.28106201
0.25911501 0.20639700 0.40522701
-0.26426199 0.20639700 -0.00682000
0.12688500 0.20639700 -0.48656601
-0.26046100 0.20639700 0.14195301
-0.11176100 0.20639700 -0.59744000
0.28351700 0.20639700 0.02374000
-0.22062699 0.20639700 -0.57126999
-0.08244900 0.20639700 0.31534600
-0.00229500 0.20639700 0.27137199
0.34913999 0.20639700 -0.00290500
-0.35528800 0.20639700 -0.29141700
0.42248499 0.20639700 0.39692599
-0.22341400 0.20639700 0.44550499
-0.13939600 0.20639700 0.38287801
-0.30206200 0.20639700 0.34798601
-0.29917300 0.20639700 -0.53643101
-0.22544000 0.20639700 0.14761600
-0.18690500 0.20639700 -0.19832800
0.09017400 0.20639700 -0.39457300
-0.26763001 0.20639700 0.56419098
-0.49171901 0.20639700 0.20937601
0.23305200 0.20639700 0.52605402
0.17039800 0.20639700 0.03217300
0.12451700 0.20639700 0.41393501
0.62843400 0.20450900 0.07193000
0.18192200 0.20639700 0.53273600
-0.18838000 0.20639700 -0.29046100
-0.59767699 0.20639700 -0.12825701
-0.16477600 0.20639700 -0.07245400
0.05423200 0.20639700 0.39121801
-0.05943500 0.20639700 0.43945199
0.19341600 0.20639700 0.06264800
-0.18346700 0.20639700 0.39846700
-0.14811601 0.20639700 -0.53825200
0.00059900 0.20639700 0.41895199
0.59778798 0.20639700 0.01010600
0.09049500 0.20639700 -0.34657699
0.39080000 0.20639700 -0.43833199
0.22443600 0.20639700 0.34957001
-0.41956699 0.20639700 0.22262900
0.36411899 0.20639700 0.45239699
0.11863200 0.20639700 0.42204499
0.02020100 0.20639700 -0.41870600
-0.03505000 0.20639700 -0.21354400
0.03174800 0.20639700 0.23613900
-0.26180100 0.20639700 -0.29066899
-0.38869399 0.20639700 -0.33558300
-0.13678600 0.20639700 -0.58964300
-0.23873700 0.20639700 0.28135699
-0.09312800 0.20639700 0.48050201
0.30903101 0.20639700 -0.02060900
-0.02125500 0.20639700 0.60115403
0.61894500 0.20639700 -0.00331600
-0.28214100 0.20639700 -0.04236300
0.12582199 0.20639700 -0.46172100
0.26605600 0.20639700 -0.50197297
0.51138198 0.20639700 -0.07096700
-0.54042399 0.20639700 0.17457201
0.25398600 0.20639700 0.49490699
0.08704900 0.20639700 -0.18792699
-0.16324900 0.20639700 -0.43936801
0.39581400 0.20639700 0.14074700
-0.34061301 0.20639700 0.15400600
-0.33554101 0.20639700 0.27538499
-0.49141800 0.20639700 -0.28292599
0.41339001 0.20639700 -0.02490100
0.36382100 0.20639700 -0.02338400
0.51145399 0.20639700 -0.21830501
-0.36650100 0.20639700 0.14712501
0.35650700 0.20639700 -0.09855100
-0.39458600 0.20639700 0.23860800
0.19212499 0.20639700 0.38334200
0.31341001 0.20639700 -0.40663800
-0.61416101 0.20639700 0.07990100
0.24798700 0.20639700 0.07315600
0.02634300 0.20639700 -0.25140199
-0.11257200 0.20639700 -0.36801600
-0.35656101 0.20639700 -0.48456401
0.16625801 0.20639700 0.08602800
-0.47237599 0.20639700 0.27959299
0.15046699 0.20639700 -0.19098000
0.26455900 0.20639700 -0.03542000
-0.43482599 0.18854800 0.45557600
-0.62461501 0.18350500 -0.04666500
-0.58838499 0.14983000 -0.21202600
0.56959999 0.16263600 -0.26881701
0.37128901 0.15920000 0.51392400
-0.13815100 0.19678400 -0.60987902
0.45884401 0.19431899 0.43660501
0.01558000 0.19229800 -0.62556601
0.48710299 0.15543300 -0.39741701
0.53900599 0.19443899 -0.32509199
-0.14848000 0.20084500 0.61414802
0.62176597 0.15759400 0.11403100
0.61239499 0.18852800 -0.15031700
0.00424500 0.17940401 0.63319701
0.58853400 0.17144801 -0.22478800
0.62890202 0.15195100 0.06821700
-0.45034301 0.19847000 -0.43302101
-0.52533698 0.18124001 0.34540299
-0.56687599 0.17335400 -0.26425499
0.53925800 0.16197599 0.33174101
0.57167202 0.17628200 -0.26475000
0.60123402 0.20150900 0.19874200
0.27854499 0.19309600 -0.56167901
-0.28231201 0.18632799 -0.55718797
0.05431900 0.14910799 -0.62353599
-0.61210698 0.19234499 0.13959000
-0.42869401 0.19998300 0.46170801
-0.42398700 0.18683600 0.46641499
-0.16795300 0.15035599 -0.60189301
0.59203500 0.19528399 -0.21566699
0.62490398 0.16436499 -0.08718200
0.07055600 0.16276000 0.62948799
-0.27716899 0.16994800 0.56684500
-0.48091099 0.20158701 0.40586701
0.55901599 0.14701401 -0.28958699
-0.22783799 0.18272300 0.58873999
-0.48935199 0.15096100 -0.38840601
0.39427501 0.16295400 0.49553499
-0.49624500 0.20105600 0.38693100
-0.08679400 0.17457999 0.62611699
-0.62143499 0.17662100 0.08424500
0.33502600 0.19542000 -0.53043598
-0.44159901 0.20330399 -0.44176501
0.59941000 0.17467000 -0.19645500
-0.53668201 0.19663000 -0.32089701
0.56032902 0.14591500 -0.28701201
-0.62013102 0.16506100 -0.08544300
-0.09120900 0.19484399 -0.61838102
-0.39834499 0.20256400 0.48815101
-0.57681799 0.16021299 0.24919599
-0.54774398 0.14878500 -0.30180299
-0.56817597 0.17612500 0.26874101
0.61352599 0.14683101 -0.14609399
0.56879401 0.14680600 -0.27039701
-0.09696000 0.16678201 0.62450701
-0.41667700 0.19613200 0.47330701
-0.23158900 0.18942600 0.58730000
0.00519100 0.20246400 0.63314700
0.32694599 0.17284200 0.54272002
0.00844700 0.20082600 0.63297701
-0.38956201 0.18128400 -0.48822701
0.51399601 0.17093600 -0.36360401
0.61914003 0.19092600 -0.12356900
0.19224100 0.17436400 -0.59673798
-0.62681103 0.15168700 0.01179100
0.63007998 0.20112400 -0.03869900
0.32761201 0.16508800 0.54228801
0.12588701 0.18486699 0.62072498
-0.27309299 0.19440000 0.56892198
-0.45408401 0.17274800 0.43631801
0.60046101 0.16304500 0.20075500
-0.61062598 0.19170900 -0.13807900
0.55846101 0.17649899 -0.29067799
-0.33553800 0.17036800 0.53386199
0.62697798 0.16731600 0.08112300
-0.57980400 0.14976500 -0.23438101
0.28070301 0.17506801 0.56761700
-0.61738002 0.18401800 0.10985200
-0.45915699 0.16689301 0.43124500
0.59595197 0.18473101 -0.20546500
0.06251500 0.15719999 -0.62310600
-0.61069602 0.14876500 0.14485399
0.63107300 0.18476599 -0.01975900
-0.38677901 0.17469400 -0.49048001
-0.62464398 0.17584500 0.05315000
0.56458801 0.18367800 -0.27865201
0.55402797 0.17003100 0.30641401
-0.62356699 0.17123801 -0.06375000
0.58828402 0.17020100 0.23247699
0.17011300 0.20187700 0.60970402
0.17616899 0.17228800 -0.60104400
-0.61662400 0.17314000 0.11462200
-0.54126900 0.20180801 -0.31383401
0.46027401 0.17541701 0.43517500
-0.08088000 0.15045699 0.62705398
0.28000000 0.17832500 -0.56093800
0.24997900 0.18617700 0.58217800
0.62741899 0.18687600 -0.07130000
-0.29879400 0.16669600 -0.54878902
0.52146500 0.19579300 0.35913900
0.57461798 0.17305200 0.26600400
0.29025701 0.18692000 0.56274903
-0.17661799 0.15185501 0.60660899
0.62292397 0.15349400 -0.09967900
-0.05178300 0.18082300 0.63044101
-0.28288001 0.15162300 0.56393498
0.59820300 0.19079401 0.20663700
0.53730100 0.15116499 0.33475301
-0.61807400 0.19068199 0.10546600
-0.14746401 0.18773800 0.61442000
-0.29840299 0.17057700 0.55602598
-0.36426100 0.16801600 0.51520902
-0.52361798 0.17614301 -0.34101400
-0.40270501 0.15161601 -0.47758400
-0.15658800 0.19506399 -0.60493898
-0.25429901 0.18233299 -0.57146102
-0.26812899 0.17689800 0.57145101
-0.52899200 0.17650101 0.33977601
0.62993503 0.15178800 0.04849900
0.15748800 0.18369000 -0.60605001
-0.48815101 0.15349001 0.39692599
0.42535499 0.18687800 0.47009400
-0.02636400 0.15169001 -0.62473601
0.08232300 0.14943200 0.62762499
-0.26578501 0.16416299 -0.56560802
-0.26541701 0.17885700 0.57283300
-0.38857099 0.18760601 0.49606600
-0.59809297 0.19467300 -0.18485400
0.51887399 0.19341600 0.36312899
0.32337400 0.15990400 0.54504001
0.56493002 0.16740000 -0.27798200
0.11264400 0.17221500 -0.61578500
-0.23689801 0.15025900 -0.57822502
0.55206603 0.16985799 -0.30322799
0.54248297 0.16271099 -0.31973800
-0.26573700 0.16985799 0.57266998
-0.59400600 0.19978499 0.20442000
0.55214101 0.19043000 0.31011799
-0.45118999 0.19748200 0.43921101
-0.55459499 0.17807600 0.29539400
-0.26287201 0.15808600 0.57413000
0.38436300 0.17395300 0.50356197
0.63067299 0.19110100 -0.02739400
-0.47679800 0.17786799 -0.40390900
0.63005102 0.19864000 -0.03925600
0.54549801 0.17998500 -0.31509501
-0.60604203 0.18067101 -0.15518600
-0.54716301 0.14973199 -0.30294400
0.53913599 0.17262700 0.33192801
-0.32963201 0.19348200 0.53769797
-0.58524102 0.19841500 -0.22021800
-0.24923199 0.15761200 -0.57349002
0.06700900 0.20231600 0.62990803
0.14661101 0.18728200 -0.60896498
0.58126301 0.17684899 -0.24372999
-0.24720600 0.15594400 0.58130503
0.00716000 0.17161000 -0.62600702
0.63132697 0.16473199 -0.01490300
-0.44446000 0.19714300 -0.43890399
0.62350202 0.14860100 0.10307000
0.22716799 0.19467001 0.59093499
0.56567901 0.18613300 0.28354901
-0.25915301 0.19510899 0.57602501
-0.52403098 0.16820499 -0.34037799
0.60235000 0.15790699 0.19484000
-0.56281400 0.20103200 -0.27222699
-0.33727100 0.16929600 -0.52569997
0.61547101 0.15096501 -0.13883699
0.32831499 0.18661800 -0.53479397
0.53571898 0.16447200 0.33719099
0.40677601 0.17968300 0.48541200
-0.05357300 0.19680899 -0.62331003
-0.01996700 0.15179799 0.63210899
-0.61606598 0.19469100 -0.11110800
-0.04516500 0.16122399 -0.62375098
