0.57179099 0.08838700 -0.26512101
-0.62467498 0.11690400 0.04354900
-0.38685700 -0.15876500 -0.49113801
-0.04926800 -0.13069201 0.62991500
-0.54624301 -0.03271800 -0.30544099
0.20418100 -0.20145699 0.59923899
-0.60160500 0.02977900 0.17845100
-0.56805903 -0.01812100 -0.26014099
-0.58789700 -0.07981900 0.21973801
0.25440899 0.04823700 0.57931501
0.58963197 -0.07175400 0.22809000
-0.59228402 0.03663400 -0.19948700
0.15561800 0.14152500 0.61365199
-0.62595099 0.10709700 0.02366200
0.53395998 0.03527300 0.34062701
-0.32233700 -0.19681101 -0.53586203
-0.61217898 0.09323400 -0.12782300
-0.55844897 0.01251500 0.28713199
0.28674400 -0.06379400 -0.55796403
-0.62314802 -0.01232000 0.06732500
-0.62339997 -0.24400800 -0.05636500
-0.25350401 -0.14329600 0.57880902
-0.36496699 -0.08947500 -0.50640702
0.20270900 -0.21236201 0.59967601
-0.08993400 -0.04987500 0.62599200
0.18993799 -0.07277900 0.60346597
-0.58677399 -0.03691800 0.22311801
0.47810900 0.12858699 0.41583100
0.53404403 -0.08316600 0.34047800
-0.60960102 0.14147300 0.14809801
-0.27868700 -0.15052600 -0.55863398
0.58011299 0.05938800 0.25160301
0.62353498 -0.08474000 -0.09471400
0.46947399 -0.09614300 0.42474699
0.56538099 0.10636800 -0.27779800
-0.55095297 -0.21278200 0.30269799
-0.49307501 0.04835000 0.39088601
-0.25260299 -0.21823300 0.57927901
-0.35785800 -0.22568300 0.51840299
-0.14546201 -0.05955200 0.61437899
0.63070500 -0.03532000 -0.03910600
0.61176598 -0.12770601 0.15789400
0.44560599 -0.05455000 -0.44235599
0.49851000 0.05817000 -0.38267300
0.48800200 -0.01752300 -0.39675200
-0.37421200 -0.00505800 -0.49995801
0.23582700 -0.12475500 0.58754098
0.12661700 -0.17393200 0.62009102
-0.01847100 0.13493200 0.63288599
0.30392599 -0.19643700 -0.54870600
-0.52469897 -0.10153100 -0.33855900
0.56152600 -0.12142500 -0.28464299
0.22625799 -0.21051700 0.59177703
-0.46044901 0.11786300 -0.42217299
-0.39557499 -0.06775300 -0.48390999
-0.61674303 -0.22520199 -0.10438800
0.62317097 -0.06895800 0.10457900
-0.42052999 0.13348500 -0.46124601
0.61658001 0.00373800 0.13953800
-0.42205599 0.00441000 0.46689799
0.50052500 -0.15791900 -0.37997201
-0.30950901 -0.25384501 -0.54255402
-0.09270300 -0.00897900 -0.61868697
0.26610500 0.02054400 0.57413799
-0.61582899 -0.19622301 0.11612300
-0.57017100 0.02016600 -0.25575501
-0.09973500 -0.00195300 0.62481600
0.38916799 -0.12406700 0.49902999
0.10293500 -0.15110900 -0.61688298
0.43043000 0.08219100 0.46506301
0.18677600 -0.12185200 -0.59736699
0.05656000 -0.10274000 0.63058400
-0.03994400 -0.19144300 -0.62377697
0.01492600 -0.24942601 0.63191903
-0.09877600 -0.22011600 0.62503499
0.44118601 -0.10123700 0.45395699
0.30938399 -0.04848100 -0.54539698
0.23780499 -0.25373301 0.58666599
-0.12861501 -0.06919300 -0.61118698
0.02952800 0.01383600 0.63145000
-0.27438599 0.12104600 0.56791502
0.51260900 0.12983000 0.37081701
-0.20680501 -0.01498700 -0.58912802
0.42317000 -0.18997300 -0.46487701
-0.15372400 -0.19672699 -0.60545599
0.59103900 0.05452500 0.22461601
-0.39125100 0.01794600 -0.48783699
-0.58825898 0.11061200 0.21864700
0.24196500 -0.17376500 0.58482403
-0.49252301 0.06534900 0.39153501
0.59846097 0.03640800 0.20628200
-0.48070699 -0.21033099 -0.39837801
-0.57077003 -0.13510500 0.26154801
0.58513302 -0.12671800 -0.23216499
0.04453100 -0.16199601 0.63096899
-0.38555500 -0.12417900 0.49908301
0.44496301 -0.01487300 0.45005700
-0.54149097 -0.02984800 0.31979999
-0.62387300 -0.00915200 0.05604000
0.00203100 0.12413200 -0.62529498
-0.54776502 -0.09823400 -0.30228099
0.23142201 -0.00442100 -0.58245403
0.59730703 0.00499000 -0.20209600
0.28270599 0.14139999 0.56678897
-0.61306298 -0.25103900 0.13032199
-0.58441502 -0.14077701 0.23022500
-0.62248498 -0.11253900 -0.07062300
-0.40542501 0.02540100 0.48200101
0.62873000 0.00947400 0.06146400
-0.52360803 -0.23404200 -0.34023601
-0.62520498 -0.11317700 -0.02824500
0.63036901 -0.23820899 0.04875400
-0.12463800 0.08816600 -0.61209500
-0.39551201 -0.06023500 0.49100399
0.54325801 0.06355800 0.32411700
0.06235500 -0.22028400 -0.62336099
-0.60094202 -0.13645799 0.18044899
-0.55948699 0.07391400 -0.27794001
0.61658102 -0.15975399 0.13953400
0.56224197 0.12236700 -0.28337201
-0.41207400 -0.18427600 0.47596300
0.10120200 -0.11417200 0.62419999
0.59283298 -0.19898100 -0.21314700
0.61271399 0.06024400 -0.14724299
-0.54174298 -0.14774901 -0.31237599
-0.58389902 -0.19972400 0.23177800
-0.51738602 -0.14109200 -0.34979400
0.07112300 0.10793400 -0.62202603
-0.53005701 -0.22207201 -0.33032799
-0.25735399 -0.13556500 -0.56976300
0.62744498 -0.12131000 -0.06439000
0.55665100 0.03535800 0.30033600
0.56097698 0.10980200 -0.28561699
-0.53777403 -0.00262800 -0.31847301
-0.49930400 0.01231900 0.38356999
-0.33717501 -0.25613201 0.53283101
0.32202801 -0.00554500 -0.53773201
-0.38047299 0.03388500 0.50262803
-0.25345299 -0.24992201 0.57883602
0.57844001 -0.15671100 0.25573501
-0.42608300 -0.22140799 -0.45620400
0.16417700 -0.16134299 0.61111200
-0.06332700 -0.18673600 0.62855798
0.49669901 -0.19782799 -0.38509899
-0.19148900 0.07440600 0.60180098
0.43554100 0.04362000 -0.45274901
0.16910601 0.01846900 0.60964900
0.28026599 0.07124500 -0.56083202
0.58318400 0.01027200 -0.23698001
0.08477300 0.09951900 0.62685603
0.55125397 0.06184500 0.30991900
0.47988001 -0.10302200 -0.40696600
0.56923401 -0.02797800 0.27799299
-0.39787599 0.09913500 -0.48181999
0.46110401 0.13179199 -0.42635301
-0.62676901 0.13430899 0.01093300
-0.62578899 -0.04345700 -0.01915900
0.11186300 -0.09764700 0.62247699
-0.07427600 -0.23041800 -0.62046498
-0.25065100 -0.20035100 -0.57299203
0.54557598 -0.24863601 -0.31296399
0.62835401 0.11032900 0.06438200
-0.48210901 -0.08996700 -0.39673099
0.55643702 -0.20846900 -0.29367799
0.49610800 0.13282700 0.39292800
-0.15257999 -0.12866500 -0.60571700
0.15236400 -0.07722000 -0.60758102
-0.08012800 -0.17294000 0.62693799
0.54237098 0.02256200 -0.31865400
-0.55670601 0.08755500 -0.28371400
0.27106801 -0.23205200 -0.56490397
0.11281100 -0.17369100 0.62232298
0.05979400 -0.08612800 0.63047999
0.61488998 -0.20256101 0.14598100
-0.61064303 -0.22163799 0.14275099
0.63099903 0.01806700 -0.00494600
0.49091801 -0.21686199 0.39988199
0.05179200 0.08598400 -0.62369901
-0.45684201 0.10983800 0.43344799
0.63099903 -0.08334500 0.00563500
-0.20367000 -0.11164500 -0.59028101
0.52383697 0.05232000 0.35577399
0.30335799 0.05309800 0.55608702
-0.07370000 0.04267500 -0.62052101
-0.61344302 -0.01202400 -0.12133700
-0.56604803 -0.21539401 0.27135301
0.61793602 -0.21342500 0.13436501
-0.60045701 -0.20714000 0.18190899
0.11112000 -0.23676200 0.62259698
0.58229202 0.01099300 -0.23918401
-0.46150699 -0.04671500 -0.42093101
-0.56378597 -0.18831700 0.27605000
0.41560999 -0.24206400 -0.47090599
0.54477298 -0.22399700 0.32142600
0.25055400 -0.05270100 -0.57398498
0.17323200 0.01567300 -0.60138702
-0.59663802 0.06187100 -0.18637501
0.14122400 0.11902800 0.61773002
0.47441199 0.07292900 0.41964799
-0.20080900 -0.23220800 -0.59133500
0.46410301 -0.11051100 0.43029299
-0.43061301 -0.06231000 -0.45208901
-0.44280401 -0.08510800 0.44805500
0.50575900 -0.11971500 0.37999600
0.20454100 0.03419800 -0.59209502
-0.58216798 0.06168600 -0.22995600
0.12639301 -0.24811900 0.62012798
0.53397900 -0.01410000 -0.33355501
-0.51350898 0.05398000 -0.35574999
-0.37060800 0.05589000 0.50950903
0.47212300 -0.24069500 0.42201200
0.62675899 -0.01161500 -0.06971600
-0.59710801 -0.24823600 -0.18495899
-0.24249800 -0.01472300 -0.57599300
0.02024800 -0.20717201 0.63174802
0.45869699 -0.22126700 -0.42883900
0.10583400 0.05296000 0.62345099
-0.17231600 -0.08223700 -0.60121298
-0.47427100 -0.12068200 0.41297501
0.25775701 -0.19598800 -0.57079601
-0.59687400 -0.13379800 -0.18566200
-0.50821698 0.02456500 -0.36388001
-0.31873199 0.04253200 -0.53774202
0.63099903 -0.18143900 0.02117500
-0.61925602 -0.06254500 -0.09148900
0.08805500 -0.01774500 -0.61928898
-0.62469602 -0.00746700 0.04321900
-0.59702599 0.12454000 0.19224200
-0.53172600 -0.24717700 0.33480200
-0.43329599 -0.06741200 0.45668900
0.62389600 -0.17284200 0.09895300
0.42452899 -0.08513000 -0.46379301
0.62766403 -0.09126700 0.06973000
-0.09741200 -0.20940199 -0.61823303
-0.55201799 -0.00965200 -0.29344901
-0.26117700 -0.17402001 -0.56776899
0.30797800 -0.22586900 -0.54624897
-0.18402600 0.09716500 0.60454798
0.36542299 -0.00441200 -0.51092899
-0.61542797 0.06422200 0.11817800
0.63099903 -0.09849800 -0.02707800
-0.10720300 -0.12579501 -0.61607403
-0.61041999 -0.00263700 -0.13685800
-0.12449200 -0.01539200 -0.61212802
-0.54971999 -0.16762200 0.30525899
-0.59165800 -0.11298400 -0.20137300
-0.34486601 0.11198300 0.52746600
0.57532901 0.03637800 -0.25638199
0.16853601 0.07324000 0.60981798
-0.46843299 0.07270500 -0.41279501
-0.61870497 0.09919400 -0.09431700
0.49994299 0.03524000 -0.38075301
-0.22699501 0.08096300 -0.58169800
0.53814399 -0.17545900 -0.32615900
0.61135399 -0.20358200 0.15946400
-0.19360900 0.09671000 -0.59398401
-0.57183099 -0.04960100 -0.25230801
-0.60372502 -0.24450600 0.17206600
0.13545901 0.08920800 -0.61162502
-0.48972401 -0.13205200 -0.38778600
-0.40977401 -0.11365300 -0.47101501
0.15324201 0.12032000 -0.60732001
0.61937201 0.09641700 0.12888800
0.62423402 0.01566900 -0.08930100
-0.51873499 0.03661800 -0.34772101
-0.33344400 -0.20786799 -0.52839702
-0.07554800 -0.05859600 -0.62034202
-0.54180002 0.12519200 -0.31228700
0.60392600 0.08559900 0.18779200
0.18444100 0.06234200 -0.59806001
0.39942700 -0.01055100 -0.48381099
0.62561101 -0.16417100 0.08565200
0.62810898 -0.03609000 -0.05924500
0.33661699 0.05560100 0.53592497
-0.51486498 0.11469600 0.36070400
-0.56836301 0.01793900 0.26654699
-0.10032100 -0.18925400 0.62468201
0.37027100 -0.13438100 0.51410002
-0.05880200 -0.12898600 0.62899500
0.62620902 -0.12058900 -0.07397700
-0.46774501 -0.05038400 0.42063999
0.20600300 0.11180500 -0.59166098
0.55065501 0.13347401 0.31098300
0.29570001 -0.26061100 -0.55369198
-0.55675501 -0.20733801 0.29065099
-0.58945501 0.02542800 -0.20800699
-0.44190300 -0.23107600 0.44887301
0.41648200 -0.01880500 -0.47020999
-0.08789600 -0.02262300 0.62618798
-0.36700100 -0.00067200 -0.50498801
-0.10908600 -0.15383400 -0.61564398
-0.61193597 0.10530000 -0.12907100
-0.23060399 -0.19493800 -0.58037001
0.35119000 0.04174000 -0.52005398
0.52815002 0.00962600 0.34999400
0.03158700 -0.08383800 0.63138402
-0.47013101 -0.16585700 0.41783699
0.35465300 0.08493600 0.52499098
0.45085701 -0.09040200 0.44397101
0.45738301 -0.22781900 -0.43019500
0.55021900 -0.15152000 -0.30471900
0.46969700 0.13200800 -0.41747999
-0.19009000 0.09598500 -0.59527898
0.38927701 -0.21632899 0.49894300
0.38869900 -0.18491299 -0.49236700
0.32255599 -0.22488099 0.54444897
0.07880200 -0.00343800 0.62782198
-0.54077399 -0.25813699 0.32090101
-0.53186101 -0.08845200 0.33459401
-0.61991102 -0.16797200 0.09515800
-0.60505199 -0.18493500 -0.16103300
0.62408501 -0.07253700 -0.09045400
-0.50191802 -0.05743600 0.38049999
0.49902099 0.10598000 0.38902399
-0.00886500 0.12400800 -0.62564498
-0.51994300 -0.23068900 0.35290301
0.07963600 -0.06962000 -0.62064999
-0.09851000 0.03702900 -0.61805803
-0.52524298 -0.16970700 0.34476000
-0.12716700 -0.22806799 -0.61151803
0.15158400 -0.24758200 -0.60781199
0.23553500 -0.05440500 0.58767003
-0.01270200 -0.15973000 0.63280499
0.52473903 -0.01738200 -0.34752801
0.52266300 0.01716400 0.35734701
0.20498499 0.01090400 0.59899998
0.39565399 -0.13497700 -0.48682001
0.56037599 -0.17157599 -0.28668401
-0.57049000 -0.24429400 -0.25509200
0.12317200 0.06513100 -0.61361098
0.60608602 -0.06204400 0.17955500
-0.24587999 0.00952800 0.58178502
-0.41231999 -0.07390900 -0.46870199
0.31508800 -0.14832699 0.54897600
-0.36993599 -0.14764699 0.50997800
-0.50746298 0.07077500 0.37207499
-0.53119302 0.08689400 -0.32858300
-0.57887101 0.05824200 0.24472700
-0.35155299 0.04953000 0.52280098
-0.62443101 -0.14071999 0.04735100
-0.20979500 0.09361700 0.59506500
-0.61557102 0.04696100 -0.11040900
-0.62494999 0.07397600 0.03925600
-0.01824500 -0.25441599 -0.62586999
0.19572900 0.02873400 0.60174698
-0.15289700 -0.25172901 -0.60564500
0.62839001 -0.11607100 -0.05706200
-0.38064301 0.09781800 0.50251001
-0.28012899 0.02231600 0.56491899
-0.61923301 -0.01182800 0.09864200
0.12001700 -0.07025800 0.62115902
0.63099903 -0.03704300 0.03638600
0.04409200 -0.22352500 0.63098300
-0.03496600 -0.20532900 -0.62425703
-0.26518601 -0.26255101 0.57271397
-0.40339899 -0.05821200 0.48384100
-0.25142100 -0.25423899 -0.57270902
0.46372300 -0.21342599 -0.42364800
0.62679797 -0.00352800 -0.06940800
0.56295401 -0.23815501 -0.28210700
-0.58694899 -0.03415900 0.22259299
-0.61440802 0.11896200 -0.11637800
0.06551000 0.05791900 0.62997103
-0.09078500 -0.23407900 0.62590998
-0.51447999 -0.25961500 0.36129600
-0.30305800 -0.02583700 -0.54592001
0.62100202 -0.18338500 0.12139800
0.62964797 -0.11033200 0.05434200
-0.32609999 -0.01742000 -0.53351903
0.40722400 0.12131500 0.48462999
-0.35141301 0.02172300 0.52289897
-0.15143999 -0.12978600 -0.60597700
0.62629801 -0.02551500 0.08032300
0.11994700 0.13011099 -0.61413300
-0.14799200 0.01019900 0.61380100
0.39456800 -0.04508800 0.49472299
-0.60083699 -0.05895300 0.18076301
0.37833399 -0.20666599 0.50766897
-0.22150300 -0.21394201 -0.58371902
-0.54242998 -0.19259000 0.31835601
-0.56628501 0.11157400 -0.26382399
0.11903000 -0.02628600 0.62131798
0.07598000 0.00562600 -0.62124097
-0.19705100 0.07373900 -0.59271801
0.38939899 0.02639900 0.49884501
-0.23176500 -0.09188000 0.58697897
0.21065900 0.12292000 -0.59027898
0.63099903 0.05368000 0.03858300
-0.62413102 -0.16449299 -0.04497300
-0.17905501 0.06183300 0.60637701
0.53158402 -0.17383800 0.34484601
0.63099903 -0.06624400 0.02501100
0.22353999 -0.12939200 0.59298003
0.63099903 -0.19036800 0.01905000
-0.32349300 -0.25585899 0.54229498
-0.46300501 -0.05221700 -0.41917101
0.59821701 -0.18576200 0.20688500
0.55248100 -0.16754401 -0.30070400
0.43465099 -0.19442400 0.46070501
-0.55638403 0.05822700 0.29142001
-0.45177200 0.03039900 -0.43236700
0.34050399 0.10889200 0.53356802
-0.62374002 -0.07219500 -0.05107300
0.59304303 -0.20061301 -0.21263000
0.20508000 0.02896900 -0.59193498
-0.62610602 0.10037300 -0.01421800
-0.32581401 -0.13274699 0.54075599
0.26108000 -0.24531600 0.57636201
0.62265402 0.09592300 0.10859200
-0.58627898 -0.03151400 0.22461000
-0.51186299 -0.07407600 0.36531600
0.56743598 -0.11304000 0.28118601
-0.30620301 -0.00384200 -0.54427898
0.62981200 -0.06555800 0.05307200
-0.46981299 0.04063300 -0.41117400
0.01856200 -0.24928500 0.63180202
-0.60848802 -0.01503800 0.15381700
-0.37769201 0.01557100 0.50456798
-0.58772701 -0.02470200 -0.21321200
0.62504500 -0.00505300 -0.08300500
-0.06736200 -0.17045900 -0.62113202
0.60417098 0.05671000 0.18685900
-0.59786201 -0.06624600 0.18972500
0.53280401 0.03890200 0.34267801
0.58862400 0.10667000 0.23058100
-0.59050697 -0.16315299 0.21187600
0.53699499 -0.03631100 0.33523700
0.41524300 -0.23796500 -0.47119799
-0.15525000 0.13223501 0.61214501
0.62190402 -0.09684700 -0.10736900
0.42003599 0.12443700 -0.46737701
-0.24922299 -0.23425800 0.58055502
-0.62081099 -0.00359300 -0.08350200
0.36822101 0.11728000 0.51573402
-0.28733301 -0.16441999 0.56116003
0.56977701 -0.13080899 -0.26999301
0.54409599 0.12749600 -0.31559199
-0.40605399 -0.09552000 -0.47439399
-0.12773600 0.07802500 -0.61138803
0.29003400 0.02636600 0.56354499
0.11384800 -0.09116600 0.62215602
0.62638599 -0.16300701 0.07964100
-0.52087301 -0.12251700 0.35147399
0.44723001 -0.09557700 0.44771701
-0.46565300 -0.11316600 0.42309800
-0.46186200 -0.22232801 -0.42051399
-0.23275501 -0.10981500 0.58661503
-0.26050699 -0.17919400 0.57515502
-0.11716400 0.01971400 -0.61380100
0.41397199 -0.19500300 -0.47221199
-0.49791700 0.11121400 -0.37816200
-0.58119100 0.01270500 0.23990799
0.14305700 0.01485500 -0.61034298
0.47595200 0.02355500 0.41805899
0.33729500 -0.01410800 0.53551400
0.43751800 -0.09143600 0.45774499
0.34736699 -0.17691900 -0.52237099
0.27634799 -0.24823400 -0.56256700
0.35230500 0.13362899 -0.51937801
0.06449200 -0.17138800 -0.62309802
-0.51443797 -0.03008700 -0.35432300
-0.12698600 -0.13526800 0.61859602
-0.37386200 -0.22112800 -0.50020301
0.13003001 -0.19656000 0.61953998
0.19158900 -0.21787301 0.60297602
-0.49598399 0.12521000 -0.38043201
0.32517901 -0.10665400 0.54285902
-0.62540501 0.13609900 -0.02513000
0.37113699 -0.18811800 0.51340902
-0.28264800 -0.00763500 -0.55656803
0.42414501 -0.06272000 0.47113600
-0.08111800 -0.26255700 0.62684202
0.55932701 -0.23402300 -0.28854799
-0.42799699 -0.00654800 0.46150199
0.40010101 -0.01271300 -0.48327401
-0.56520897 0.13590001 0.27309501
0.37275299 -0.20766599 -0.50508302
-0.58828402 0.10429400 0.21857101
0.44347200 -0.25287500 -0.44455901
-0.39700499 -0.13300700 0.48964801
0.59933501 -0.23175099 -0.19708601
-0.36980501 -0.15385500 -0.50303298
0.62255102 -0.15160900 -0.10235300
-0.19938600 0.00966100 -0.59185803
0.62320399 -0.23105100 0.10432400
0.34000999 0.02556800 -0.52683097
-0.52759302 0.10939400 -0.33411300
-0.59211397 -0.01892400 -0.20000100
-0.16826101 0.07159000 -0.60213798
0.46836400 0.12037100 0.42589301
-0.17908700 -0.06186800 -0.59932798
-0.44312000 -0.16096300 -0.44073099
-0.57269698 0.07239000 0.25754601
0.35678101 0.11481400 -0.51666498
0.43397200 -0.17781600 0.46140599
0.01330500 0.00033100 -0.62493402
0.58034903 -0.02439900 -0.24398200
-0.40249100 -0.12454700 0.48466599
-0.29828700 0.00529400 0.55544603
-0.62451297 0.01194500 0.04606500
-0.62283999 -0.16704801 0.07213300
-0.00193800 -0.08187600 -0.62542200
-0.62474698 -0.04433400 0.04241800
-0.24987800 0.11517900 0.58031398
-0.35139701 -0.18926400 -0.51587301
0.37153700 -0.18694000 0.51309001
-0.60504401 0.06054000 -0.16105600
0.45216501 -0.12179400 0.44262001
0.61672598 0.05307800 0.13898000
0.41071901 0.08944700 -0.47480601
0.62278402 -0.11081900 0.10758200
-0.12154200 -0.20118199 0.61983901
-0.52653003 0.01819500 0.34278399
0.53232402 -0.06079500 0.34353101
-0.53199202 -0.02677600 -0.32735601
0.61890900 -0.08637200 0.13065600
-0.01943500 0.13488400 -0.62575603
0.41716900 -0.21912999 0.47670001
-0.15005600 0.02059300 -0.60629302
0.58214903 0.02722000 0.24657300
0.28243300 -0.16942400 0.56691003
0.16731600 -0.24436200 -0.60314298
0.62993401 0.06911700 -0.04508700
-0.38365099 -0.03076200 -0.49337500
-0.59451002 0.07451100 -0.19278300
-0.25681499 0.07303800 -0.57004499
-0.45912200 -0.18142401 -0.42373201
0.49953899 -0.05858300 -0.38129401
-0.62400103 -0.15196800 -0.04700200
0.50569898 -0.15288401 0.38007700
-0.09240500 -0.17328100 -0.61871600
0.21317400 0.06130500 -0.58953202
-0.22464900 -0.20313600 0.58959800
0.62250799 0.02487900 -0.10268000
0.62607801 -0.14917099 0.08203200
0.09236700 -0.23145799 -0.61859202
-0.10049800 0.11203700 0.62464201
-0.55586600 -0.04175800 -0.28545800
0.34046701 0.01405400 -0.52655399
0.05395100 0.11415400 0.63066697
-0.31028500 0.12512100 0.54918599
0.61396003 -0.15255600 0.14952900
0.39159000 -0.16246700 0.49709800
0.36836001 -0.11636800 -0.50858599
-0.28319800 -0.19129600 0.56331801
-0.11185800 -0.09397800 0.62204897
-0.60414600 0.01243100 -0.16376001
-0.17368600 0.02979200 -0.60089999
-0.27681401 0.02791000 -0.55961102
0.63099903 -0.21457000 -0.02764700
-0.52329499 -0.07204000 -0.34071600
-0.51145899 0.10680800 0.36593601
-0.61086601 -0.18848200 0.14160401
0.01521200 -0.01265400 -0.62487203
0.32101101 0.07225200 -0.53834802
-0.31362599 0.05864700 -0.54040599
-0.10454900 -0.25273100 -0.61668003
-0.10284900 0.10051800 -0.61706799
0.34278899 -0.15540400 0.53218299
0.50899702 -0.01789100 -0.36862099
-0.44226199 0.08637800 0.44854701
-0.61400002 0.01546900 0.12551300
0.01548200 -0.12393400 -0.62486398
0.61291301 -0.10196100 0.15351900
-0.40178600 -0.03318800 0.48530701
0.34086299 -0.15907100 0.53335100
0.59369600 -0.00996000 -0.21101600
0.43030599 0.13975900 0.46519101
0.30903700 -0.05197000 -0.54560697
-0.29595700 -0.03392500 0.55666101
-0.03716300 -0.04795200 0.63108200
0.62126702 -0.22411400 0.11934300
-0.55803502 0.10104600 -0.28095600
-0.08605200 -0.19450800 -0.61932898
-0.52878201 -0.22544600 -0.33228600
0.19769500 -0.10037300 -0.59412700
0.48817101 0.03085900 -0.39652601
-0.20205300 -0.24028900 0.59791398
0.36785501 0.06337600 0.51602602
-0.03107400 0.05419000 0.63167000
0.58910799 0.09897800 0.22938401
-0.13826799 0.06508900 0.61602098
0.54207802 -0.20752600 0.32621101
0.21980500 0.12252500 0.59460199
0.63014299 -0.18810201 0.05050300
-0.20086700 0.08283100 -0.59131300
-0.31582999 0.04949700 0.54629302
-0.38211799 -0.20487000 0.50148100
-0.62421000 0.05125800 -0.04374200
-0.21355700 -0.23444299 -0.58664298
-0.51035398 0.05531200 -0.36059701
0.46219599 -0.19353700 0.43226200
0.09621400 -0.07324300 0.62500697
-0.62263000 -0.00620800 -0.06835800
0.15641800 -0.08712100 0.61341399
-0.43092999 0.08775200 0.45883799
-0.61709201 0.11532100 0.10963200
-0.57330799 -0.16518900 -0.24924099
0.63099903 -0.21411200 0.00419400
0.09432300 0.13310100 0.62531197
-0.18097299 -0.01119300 0.60567099
-0.60802001 -0.18875299 -0.14917900
-0.32809600 0.08277200 0.53916401
-0.61481899 -0.14345400 -0.11427100
-0.36430699 0.04376600 0.51390499
-0.62557697 -0.24065900 0.02949200
-0.62413198 -0.16697000 -0.04496500
-0.26229301 0.11394000 0.57422400
0.63099903 0.06072200 -0.00199700
-0.03018500 -0.18201600 -0.62471902
-0.62492299 -0.26204300 -0.03264100
0.07760500 0.12171900 -0.62097800
0.25154400 -0.12606800 0.58058399
-0.31471899 -0.20037600 -0.53983599
-0.60559303 -0.12577900 -0.15940300
-0.62709397 -0.04480500 0.00586900
-0.22983700 -0.05643500 0.58768898
0.28801700 0.08000500 0.56443799
0.30925900 0.13432600 -0.54547203
0.51926202 -0.05344700 0.36190400
0.56488800 -0.15832700 -0.27867299
0.28864700 -0.04226100 0.56415898
-0.07846700 0.12352900 0.62709802
-0.11446400 0.10395600 0.62145400
0.29045299 -0.05216600 0.56335998
-0.37963301 0.08852000 -0.49617699
0.28582701 -0.00640400 0.56540799
-0.59017301 0.11518200 0.21288100
0.59682900 0.07416100 0.21031401
-0.31501201 -0.23602900 0.54672003
-0.48652500 0.01555200 -0.39154401
0.58466798 0.06418500 0.24035300
0.34198901 0.04802100 0.53266799
-0.39028999 -0.02855600 -0.48870900
0.06724100 -0.12449200 0.62969100
0.63099903 -0.15625399 -0.00351600
-0.59458101 -0.05203900 0.19960700
-0.13453500 -0.20024300 0.61687303
0.52280200 -0.22648200 0.35716000
-0.62615597 -0.18950599 -0.01343700
0.62278599 -0.13543200 0.10756500
-0.34563199 0.11970300 -0.51989400
-0.31175601 -0.06717200 0.54841900
-0.52888399 0.07156600 -0.33213001
0.62566602 -0.06061000 -0.07819400
-0.19367100 -0.13917799 -0.59396100
-0.47306001 -0.11821300 -0.40735999
0.14444900 -0.16131000 0.61696702
0.58712900 -0.06127500 0.23427200
0.50503802 -0.08171200 -0.37392601
0.14506100 0.09553400 -0.60974801
0.58618402 -0.00328400 -0.22957100
0.27005401 -0.09479800 -0.56535298
-0.21681599 0.11031000 -0.58544397
-0.25761199 -0.05761000 0.57666600
0.63003999 -0.12302500 -0.04426800
0.20472901 -0.13559000 0.59907597
-0.34843799 -0.19906300 -0.51793700
0.01028700 0.06734700 -0.62502998
0.57757097 -0.14595200 -0.25084499
0.63099903 -0.09402800 0.03289500
0.44423601 -0.01381400 -0.44377100
0.18245400 0.13103700 0.60568702
0.48855701 0.04904400 0.40304601
0.20228399 -0.12747701 -0.59276497
-0.24796200 0.00278900 -0.57398200
-0.62331700 -0.23344700 -0.05766200
-0.54299802 -0.24588200 -0.31044799
-0.48216799 -0.02341300 0.40369901
0.13523801 0.13155700 0.61869800
-0.31458399 -0.13644201 0.54694402
0.62411100 0.07905300 0.09728900
0.01541600 -0.20178001 0.63190299
0.56235403 -0.11226500 0.29021001
0.59114301 -0.04889500 0.22435699
-0.59454101 0.05280500 -0.19269100
0.41265500 0.01493400 -0.47326300
-0.62176299 0.04825400 0.08565100
-0.60730898 0.00972300 -0.15283200
0.57746202 -0.07185500 0.25815099
-0.56807202 0.13836800 0.26715001
-0.28435501 -0.26084599 0.56271398
-0.05851100 -0.17023499 0.62902302
0.63099903 -0.05702900 0.04006400
-0.26416901 -0.10285900 -0.56620800
0.54202801 -0.10134800 -0.31926301
-0.49494499 -0.11011100 -0.38165301
0.06521500 -0.01166200 -0.62298101
-0.02423800 0.09769600 -0.62529200
0.63099903 0.12898600 0.00552100
0.06086700 0.06358100 -0.62340802
0.26667100 -0.25870499 -0.56685001
0.30038899 -0.04091600 -0.55084997
-0.34849700 -0.04243700 -0.51789701
-0.08498900 0.08879200 -0.61943197
0.47535300 -0.19772100 -0.41163900
0.59670001 0.02544300 0.21063299
-0.62288803 -0.07956000 0.07138500
0.44665000 0.03108900 -0.44127801
0.57449299 -0.10608700 -0.25844800
-0.43654901 0.11257800 0.45373499
0.44295999 0.07895000 -0.44508800
0.01750400 -0.23680900 0.63183600
0.52908301 -0.07217300 -0.34170699
0.27681899 -0.14949299 0.56939501
0.52107602 -0.00145700 -0.35243499
0.12605900 -0.14371200 -0.61314499
-0.60710299 -0.18616600 -0.15388700
-0.00191200 -0.15429901 -0.62542200
-0.51835197 0.06351900 0.35534799
0.59702700 -0.17957699 0.20982400
-0.41149500 0.12356400 0.47648901
0.08913800 -0.18883400 -0.61911398
0.51830798 -0.23003399 0.36318201
-0.36580399 -0.08538200 0.51286101
0.50211197 -0.04974500 0.38488299
-0.62009799 -0.23415600 -0.08716100
0.35145900 -0.13695100 0.52692801
0.36965501 -0.19334100 0.51459098
0.23394400 -0.04332700 0.58837402
0.18630899 -0.18568000 0.60454297
-0.57018697 -0.05506200 -0.25572199
-0.38005599 -0.00243000 0.50291902
0.09347600 -0.17183299 -0.61841202
-0.57835501 -0.09755700 -0.23876099
-0.30767801 -0.08018800 -0.54350901
-0.49026099 -0.17361300 -0.38715500
-0.33738801 -0.15100200 0.53268200
0.57838899 -0.15554801 0.25586101
-0.34242800 0.05404000 -0.52213001
-0.37565199 -0.02063300 0.50599098
-0.00336900 -0.06007300 0.63250500
-0.61917001 -0.01933800 -0.09192600
0.05430800 -0.25696099 0.63065600
0.63039100 -0.06817900 0.04858300
-0.42649800 -0.26026499 0.46286300
0.48476401 -0.02241800 -0.40109101
0.41115299 -0.15862800 0.48149699
-0.57945001 -0.20347600 0.24352400
0.48443800 0.08458000 0.40856400
0.58073401 -0.18808299 -0.24303199
-0.29862401 -0.03487800 -0.54823297
-0.61265302 -0.21999200 -0.12538999
-0.59219599 0.06319900 -0.19975400
0.57694298 -0.16498500 0.25943300
0.41481000 -0.05876600 0.47858101
0.45676899 -0.25926501 -0.43082899
-0.59062898 -0.06126900 -0.20447201
-0.60352701 0.12036900 -0.16562399
0.47251400 -0.08750900 0.42160800
0.49795899 -0.13224199 0.39044800
-0.29063100 0.10202000 -0.55240202
0.57091600 -0.11877700 0.27432001
-0.28255701 0.03369200 -0.55661500
0.51963902 0.03530500 0.36139899
0.59435099 -0.11286800 -0.20939600
0.52001500 -0.11262500 0.36089501
-0.54462498 -0.09928800 0.31498501
-0.62213802 -0.04006300 -0.07601600
0.21572700 -0.09501600 0.59581202
-0.34713101 -0.07023300 0.52588600
-0.24137200 -0.14453600 0.58344400
-0.34181601 0.06217000 0.52959400
-0.43814200 -0.10007500 0.45228800
-0.29546100 -0.16102999 -0.54988301
-0.59796900 -0.18107800 -0.18236500
0.40025601 0.05579800 0.49018699
-0.61513197 -0.17386800 -0.11266000
-0.62463999 -0.03384100 -0.03705800
0.55052400 -0.20090400 0.31121501
-0.19930300 -0.20041899 0.59892601
0.55714899 0.09048300 0.29945099
0.63099903 -0.01769100 0.04297900
0.61736000 -0.00203100 -0.12952700
-0.55741900 -0.20401201 0.28927201
-0.62235999 -0.03943300 -0.07256700
-0.11346200 -0.00331400 0.62168300
-0.55223298 -0.17514201 -0.29300401
-0.34566700 0.08409400 0.52690703
0.16561601 -0.02110400 -0.60364801
0.04165300 -0.24640100 -0.62402499
-0.61514002 0.09446300 -0.11262300
-0.57959902 0.14084899 0.24321400
-0.57117897 -0.05607800 0.26069900
0.50543100 -0.08680800 0.38043600
0.01526400 -0.15937300 -0.62487102
-0.46725899 -0.19297200 -0.41417399
-0.61127299 0.05800900 -0.13247700
0.11187700 0.04174300 0.62247401
-0.09481400 -0.15760200 -0.61848402
0.27669600 0.08009000 0.56945002
-0.28681800 -0.25248700 -0.55439198
0.50237298 -0.15345900 -0.37749699
-0.44303700 -0.07667000 -0.44080600
-0.19279499 -0.12860399 -0.59428400
-0.57022798 -0.16155900 0.26267400
-0.23907200 0.02504800 0.58429003
-0.37200201 -0.17388000 0.50853699
-0.40829501 -0.19223900 -0.47235799
-0.52761000 -0.15019201 0.34112400
-0.51290500 -0.01467200 0.36371499
0.15157700 0.09436700 0.61485100
0.04200500 -0.02623400 0.63104999
0.61182600 -0.21107200 -0.15062700
-0.49911201 -0.21867999 0.38379499
-0.48728099 -0.20760401 0.39769199
-0.28104401 0.12476100 -0.55740398
-0.61231202 -0.09615300 -0.12714200
0.60803002 0.10577200 0.17214100
0.59042400 0.05243600 0.22613400
0.22698399 -0.00968700 0.59145498
0.24003400 -0.25629899 -0.57864201
0.16724400 -0.20548800 0.61020100
0.03804900 -0.22456799 0.63117701
0.51259702 -0.18353000 0.37083399
0.48380300 -0.09308000 -0.40237799
-0.23698200 -0.07236400 0.58505899
0.13636500 0.07787100 -0.61147797
0.03976700 -0.11180000 -0.62408501
-0.60288900 -0.16443300 0.17458400
-0.60823399 -0.26019099 -0.14808001
0.57888901 -0.00204400 -0.24758799
0.08895600 -0.23350400 0.62617999
-0.37976599 -0.23139299 -0.49608400
-0.61574697 0.13716200 -0.10950600
0.48245701 0.07227200 -0.40418199
0.49561501 0.02836800 -0.38655099
-0.29050499 -0.19698600 0.55950499
0.24095500 -0.11751900 0.58527100
0.57896101 0.01985000 -0.24741000
0.50078601 -0.25525799 -0.37962201
0.33515900 -0.18245600 -0.52977198
0.43797901 0.02931200 0.45726800
0.50660902 0.08502400 -0.37182099
-0.54792899 -0.03920000 0.30897799
0.48001900 -0.08716700 -0.40682200
0.30504501 0.04639100 0.55506402
0.39263999 0.07791900 -0.48922399
0.28329301 -0.24329799 -0.55949199
-0.52602500 0.06633100 -0.33652300
-0.62282801 -0.25463700 0.07231800
0.61775202 0.02175800 -0.12803200
0.07570900 -0.07180200 0.62832201
0.29680499 0.04865000 0.56005901
-0.28717300 -0.15585300 0.56124401
-0.59195399 0.12091900 0.20751899
0.62575102 -0.02248800 0.08457100
0.44187000 -0.16688301 -0.44621399
0.01313800 0.03500600 -0.62493902
0.15774700 -0.23765200 0.61302000
0.61759001 -0.17112000 -0.12864900
-0.48304999 -0.03213100 0.40266201
-0.44660199 -0.14892299 0.44460601
0.57397401 0.11666300 0.26676700
-0.05086500 -0.16427700 0.62976098
0.01852600 -0.16489901 0.63180298
0.50971103 -0.09944500 0.37470099
-0.62394500 -0.22614600 0.05491400
0.51490903 -0.01735800 -0.36069900
-0.62696803 -0.01705100 0.00782600
0.47204500 -0.19878800 0.42209199
0.43844801 -0.08751700 0.45678401
0.22445200 0.08736400 0.59257603
-0.57103699 -0.05002300 -0.25395599
-0.61228698 -0.07006100 0.13430800
0.04366800 0.04151600 -0.62396002
0.62973797 0.12979700 0.05364600
0.62038302 -0.09503900 -0.11799600
-0.59644002 0.12407900 -0.18697000
0.16190100 -0.01095800 0.61178702
0.43123001 -0.23385200 0.46423700
0.59026700 0.07051100 0.22652200
0.47591200 -0.03426500 0.41809899
-0.15621600 0.10035400 -0.60488701
0.35047799 -0.02503100 0.52752203
0.04063500 -0.15504500 -0.62405699
0.13797700 -0.24828599 0.61825502
-0.62485898 0.11068000 -0.03363500
0.56220901 -0.01105400 0.29046699
-0.14392599 0.01718700 0.61472899
0.63051599 -0.15089600 -0.04057500
0.30311200 0.05918200 0.55623603
-0.27801299 0.08903000 0.56602299
0.04708000 0.08970700 -0.62384999
-0.51592100 -0.13440000 -0.35204500
0.23985700 -0.19340900 -0.57871997
0.34421900 0.03855400 0.53131700
0.61158198 0.07629100 0.15859701
0.62609601 -0.23692501 0.08188900
0.03944100 -0.08468200 0.63113201
0.58947200 0.11444700 -0.22144900
0.15811700 -0.17297500 -0.60587299
-0.62677199 -0.18491100 -0.00385000
0.62939602 -0.01849400 -0.04926300
-0.10298600 0.09260300 -0.61703700
0.18102600 -0.24743000 -0.59907401
-0.02779800 0.03769300 -0.62494898
-0.17193100 0.06050900 -0.60130000
0.39811999 -0.01016900 0.49189001
0.29931200 -0.20576601 0.55853999
-0.50338101 0.02943200 -0.37130901
-0.61088598 -0.03497100 -0.13446200
0.38066801 -0.08651600 0.50580800
0.45719001 -0.25813800 0.43743199
0.37073201 -0.04298500 0.51373202
-0.57843900 -0.00514600 0.24562199
-0.62199903 -0.14701299 -0.07739900
0.61985099 0.01652700 -0.12002400
0.12132400 -0.17485900 -0.61391002
0.24342699 -0.23355000 0.58417702
-0.61129200 -0.05995300 -0.13238101
0.26430199 -0.00449500 0.57493597
-0.22810701 -0.06581200 0.58832598
-0.52062500 -0.07656100 0.35185501
-0.11717900 -0.03682200 -0.61379701
0.49687701 -0.00618900 -0.38486001
-0.12568800 -0.00031900 0.61889201
-0.14967500 -0.25247100 -0.60637999
-0.38214499 -0.00097300 -0.49442399
-0.59915602 0.07874500 -0.17879000
-0.35488999 0.08415600 -0.51343697
0.62670201 -0.21028100 0.07719000
-0.55728298 -0.02493500 0.28955400
-0.32615599 -0.05589100 0.54051697
-0.21778800 -0.01352700 -0.58508599
-0.15936400 -0.07709600 0.61120600
0.15807299 0.13609500 0.61292303
0.62120801 -0.21019900 -0.11276400
-0.40976399 -0.00570600 -0.47102401
0.53084803 -0.21710999 0.34615201
-0.60476899 0.03476900 0.16892099
0.61933702 -0.16672800 0.12902200
0.16572100 0.05918100 -0.60361600
0.34839201 0.00581200 0.52878702
-0.62478000 -0.21031199 -0.03486700
-0.29875201 0.00494500 0.55520302
-0.62428200 0.10349100 -0.04262500
0.61192203 -0.20474701 -0.15026100
0.02911100 0.03118200 -0.62442702
0.61871499 0.06987000 0.13139300
-0.55597401 -0.19493300 -0.28523600
-0.47059599 -0.09951500 0.41729099
-0.36045101 -0.21530899 0.51659501
0.59559000 -0.00518600 -0.20633700
0.53435200 -0.20820799 0.33993000
-0.08564000 0.11874500 -0.61936897
-0.04209000 0.04908100 0.63060701
0.51416302 -0.18513300 -0.36169899
-0.51569802 -0.12567700 0.35942400
-0.03591800 -0.08831600 0.63120198
-0.41775599 0.04324200 -0.46376500
0.03026300 -0.22899300 -0.62439001
-0.59453398 -0.20232800 -0.19271000
0.60838801 -0.07508400 0.17077699
0.21860500 -0.15786700 -0.58792102
0.31212199 -0.02180900 0.55077398
-0.59399599 -0.11664500 -0.19433200
0.38896999 0.01427200 -0.49215001
0.37641400 -0.07252500 -0.50216401
-0.61704499 -0.02527900 -0.10283700
-0.48934099 -0.20761999 -0.38823599
0.54392397 -0.00851700 0.32293400
-0.06824200 -0.13201500 -0.62104702
-0.29533401 0.13862100 0.55698597
0.56009501 -0.13893500 0.29422101
-0.23072700 0.11243600 0.58736098
-0.52148902 0.01848600 -0.34349000
0.52093202 0.01336300 -0.35262901
0.48969999 -0.26189101 -0.39447701
-0.06305100 -0.06998000 0.62858498
0.11011300 -0.01478200 0.62276000
0.11417000 -0.04539400 -0.61506701
0.01753000 -0.21308500 -0.62479800
0.51010001 -0.10460400 -0.36714301
0.58300197 -0.08437700 -0.23742899
-0.62005597 -0.14639100 0.09441600
0.30781800 -0.12394300 0.55338299
0.59139299 -0.16347501 -0.21670499
-0.59090501 -0.22922400 0.21067600
0.06555600 -0.12847200 -0.62292600
-0.54067802 -0.13531800 -0.31401101
-0.31751001 -0.20366500 0.54541701
-0.54347098 -0.14000100 -0.30972099
0.63061899 0.08080300 -0.03977500
-0.60565698 -0.08899700 0.16624700
0.45248601 -0.24450700 0.44228899
-0.62209100 -0.18031000 0.08378600
-0.03812200 0.00876800 0.63099003
-0.34241101 -0.25050700 -0.52214098
-0.26980901 -0.19222499 -0.56326598
0.63099903 0.01246500 0.02750900
-0.17551900 -0.11034800 0.60751802
0.58354801 0.12468600 -0.23608001
-0.46358100 -0.22807200 0.42553100
-0.12269100 -0.02166500 0.61957598
-0.43589801 0.12929700 -0.44729000
-0.62601399 -0.18602200 -0.01565300
0.30844200 -0.04056600 -0.54596800
0.41600999 0.05086400 0.47762400
0.49651900 -0.03492900 -0.38534099
-0.11937800 -0.03751000 -0.61329502
-0.20379800 -0.25360700 0.59727103
-0.35001901 0.03125100 0.52387100
-0.16199000 0.05947600 -0.60356998
-0.57613301 -0.21376500 -0.24337400
-0.62354398 -0.01517500 0.06116100
-0.11386300 -0.13848101 0.62159097
0.15819800 -0.20773201 -0.60584903
-0.45899299 0.02632500 0.43092200
0.32374001 0.13586999 0.54373097
0.16345300 0.11023200 -0.60428900
0.51642799 -0.06971200 -0.35866401
-0.45665100 0.05475600 -0.42663601
-0.15797900 -0.11650500 0.61152202
0.61376101 -0.25798300 -0.14324901
0.57421601 -0.16621700 -0.25913101
-0.08026700 0.05171000 0.62692398
0.01280700 -0.20952600 0.63198698
-0.44944799 0.03043000 -0.43498400
-0.07757500 -0.14927500 0.62718397
-0.05947600 -0.02759100 0.62892997
-0.25132900 -0.17342000 -0.57274300
0.22459701 0.11762300 -0.58547503
-0.26566800 0.08787800 -0.56542599
-0.12597300 0.03271900 -0.61179000
-0.05679300 -0.05554500 0.62918901
-0.60579097 -0.03957400 0.16584501
0.52480400 -0.00530000 0.35447699
-0.16869900 -0.10113300 -0.60203803
-0.13640200 -0.06465000 0.61644697
-0.28397799 -0.24376599 0.56291097
-0.60796201 -0.11686600 0.15651700
0.55754101 -0.09416800 -0.29171899
0.58837199 0.04043200 0.23120400
0.60418898 0.07766200 0.18678901
-0.62005001 0.13338099 0.09444500
-0.07644400 -0.16407999 0.62729299
-0.08661900 -0.03422400 0.62631100
-0.15401401 -0.08870300 -0.60539001
0.10141700 -0.11258000 0.62416500
-0.61039698 0.03907800 0.14401300
0.62399697 -0.10387600 0.09816800
-0.30642301 -0.15743200 0.55120099
-0.34844300 -0.06096000 -0.51793402
0.61846101 -0.15869400 -0.12532499
-0.61005700 -0.12910700 0.14576000
0.57663900 0.00314000 -0.25314701
-0.59829199 -0.07006800 0.18842900
-0.41637999 0.04241700 -0.46501499
-0.22197200 0.08024500 0.59058303
0.20355600 -0.08878700 -0.59238702
0.62634701 -0.22536400 0.07994900
0.48350999 -0.11630300 0.40980801
-0.22085600 -0.10792100 0.59099400
0.07633400 0.01467000 -0.62118399
-0.34838101 0.05653000 -0.51797700
-0.60322499 0.00910100 0.17357200
-0.34813401 0.08295300 -0.51814997
-0.62132603 -0.09022600 -0.08086000
-0.24324100 0.05858100 -0.57571900
0.62866002 0.09660600 0.06200400
-0.57774001 -0.17361300 0.24707399
-0.62717801 -0.02519200 0.00455800
-0.34000599 -0.10405000 -0.52381903
-0.53205299 -0.05356000 -0.32726201
0.63099903 0.01070500 -0.01899100
0.46620700 -0.15240800 -0.42108399
0.63099903 -0.17310700 0.01460200
0.58769101 -0.20402700 0.23288600
-0.01390400 -0.16340700 0.63284302
0.32285401 -0.16322900 -0.53723103
0.62566900 0.03624200 0.08520300
-0.49340799 -0.11073500 -0.38345799
-0.03675600 0.09282200 -0.62408501
-0.32148799 -0.24563900 0.54334199
0.24408101 -0.08883500 0.58388698
-0.61545700 -0.21955900 -0.11099100
0.63099903 0.02084900 -0.01431700
0.19782200 -0.11751300 -0.59408897
-0.15261200 0.01051900 -0.60571003
-0.61171699 -0.22887200 0.13723201
-0.37249699 0.12889500 -0.50115502
0.38879099 -0.11326500 0.49933100
-0.61487103 -0.10328800 -0.11400400
-0.60147297 -0.19123800 0.17884900
0.59875101 0.11822400 0.20556600
-0.25757200 -0.11680200 -0.56964999
-0.56809801 -0.19321200 -0.26006001
0.62791800 -0.03376400 -0.06072500
-0.44286400 -0.14026900 -0.44096300
0.54680800 -0.05902000 -0.31077701
0.29388201 0.14061800 0.56183100
-0.23060700 -0.03002600 -0.58036798
0.59126902 -0.16858900 -0.21701001
-0.12973601 -0.21946700 -0.61093098
0.56757200 0.11321500 -0.27390701
-0.02752500 0.06722800 -0.62497503
0.58063400 0.08502300 -0.24327999
-0.54956198 0.02922900 0.30558801
0.02001900 0.10693300 0.63175499
0.62476802 -0.08859000 -0.08515600
-0.31196201 0.13536499 0.54831100
-0.32888699 -0.24360199 0.53861201
-0.50933599 0.07102900 -0.36216101
0.43798399 -0.16641000 0.45726299
-0.47087100 -0.21640900 0.41696900
0.59279698 -0.20485300 0.22027400
0.18190099 0.14193900 0.60585099
0.63099903 -0.05850800 0.00273100
-0.29260701 -0.21288601 -0.55137199
0.45530200 -0.14004700 -0.43234399
0.61705101 -0.22127900 0.13773900
-0.53891200 -0.26006201 0.32376099
-0.38791099 -0.23921400 -0.49040201
-0.20891599 -0.19757600 0.59538800
-0.33944800 -0.19313800 0.53124601
-0.19892199 0.09126000 -0.59202898
0.49766800 -0.03623200 -0.38380000
-0.33740801 -0.01952400 -0.52563101
-0.07362400 0.07972400 0.62756503
0.55634803 0.02728600 0.30087399
-0.14309300 -0.22316000 -0.60788298
0.39686200 -0.09094700 0.49289399
0.11695300 -0.04147100 -0.61461699
-0.43983001 -0.19306400 0.45075601
0.04727200 -0.02772400 -0.62384403
0.49561700 0.02339600 0.39358601
-0.45054600 0.02622300 0.44084400
-0.48131400 -0.06187100 -0.39766499
-0.54037201 -0.07665300 -0.31448200
-0.50858498 -0.11319100 -0.36331400
0.42253599 0.00132600 -0.46538201
-0.57810003 -0.12086000 -0.23929100
-0.62396002 0.03513900 -0.04764500
0.20233300 0.03327800 0.59978700
-0.61107701 -0.10572200 -0.13348401
-0.42591900 0.11742200 0.46338901
-0.62183499 -0.13176300 0.08528000
-0.24656700 -0.13473900 -0.57449502
0.54137099 -0.15025800 -0.32043001
-0.04382500 -0.22565600 0.63044000
-0.51577997 -0.23152301 0.35929799
-0.57403398 0.03988000 0.25476900
-0.33012399 -0.16628200 0.53774899
0.46347401 -0.20597400 0.43094301
-0.12081500 0.07939700 -0.61296701
0.44563001 0.13489600 0.44936800
0.61141199 -0.17171399 -0.15220700
-0.36369401 0.08803700 -0.50729501
-0.23942301 0.00423800 0.58416098
-0.30399400 -0.03884000 -0.54543102
-0.00979200 -0.25365499 0.63271099
0.07979900 -0.25432900 -0.62062401
-0.38461101 -0.12843201 0.49974200
0.59416902 0.12386400 0.21688300
-0.51567400 -0.16968100 0.35946101
0.49827901 -0.01027400 0.39001799
0.62136400 -0.19734600 -0.11156000
0.24217100 0.13099700 0.58473301
0.00709500 0.03499600 0.63217002
0.08713500 -0.22525300 -0.61943799
-0.52522600 -0.10110500 -0.33774999
0.21811000 -0.07658700 0.59510499
-0.17859600 0.07056600 -0.59950900
0.50818098 0.01508700 -0.36971399
0.32058501 -0.24542700 0.54564399
0.62554801 0.02574000 0.08614000
-0.62404603 -0.15294100 0.05333600
0.26467299 -0.02337800 0.57477200
0.57580900 -0.12114800 0.26223299
0.27284801 0.03383000 -0.56411600
0.60968202 -0.23938601 -0.15880300
0.56761998 -0.24081700 -0.27382201
0.63099903 0.00759300 -0.03102300
0.32921901 -0.08806200 -0.53337300
-0.61915100 -0.25075799 0.09906200
0.06076500 -0.09804700 -0.62341201
-0.41055000 0.05456200 0.47734699
0.04792500 0.13981600 0.63085997
-0.08048900 0.07881200 -0.61986601
-0.37933499 -0.20988899 0.50342202
0.03476300 -0.00229700 0.63128197
-0.62603199 0.11462100 -0.01537000
-0.61322498 0.09055100 -0.12245300
-0.07606200 -0.02113800 0.62733001
-0.33462599 -0.16527700 -0.52757198
0.16543201 -0.13808300 -0.60370201
0.16583700 -0.11859600 -0.60358202
0.31263500 -0.16818000 0.55046302
0.49002001 -0.20100300 -0.39404899
0.42459300 -0.10403300 -0.46374199
-0.62575299 0.06083900 -0.01972100
-0.37766701 0.05266800 0.50458503
-0.19945200 -0.15043101 0.59887099
0.15274000 0.01995700 -0.60746902
-0.57295197 -0.14439701 -0.24998000
-0.45207199 0.13213100 0.43905100
0.48395199 0.10987000 -0.40217900
-0.61657399 -0.03355800 -0.10525800
0.62252599 0.02701600 -0.10254400
0.49741000 -0.12074500 0.39118400
-0.61346102 -0.15445200 0.12827700
-0.11477800 -0.16563700 -0.61434501
-0.06805600 -0.19360401 0.62810200
0.57893300 -0.10907100 -0.24748100
0.52455598 -0.22124800 -0.34777299
-0.62691998 -0.13662601 0.00858400
-0.33565199 -0.01724300 0.53389400
0.28541899 -0.11893100 0.56558800
0.48764199 -0.08394500 -0.39723501
0.55647802 -0.24274500 0.30064201
0.62859899 0.11948700 -0.05543900
-0.04112900 -0.02221200 0.63069999
-0.45850101 0.12450800 0.43149999
0.62394899 -0.02251600 -0.09150500
0.33833599 0.05812200 -0.52784598
-0.01844200 -0.08777100 0.63288802
-0.44181600 -0.03055100 -0.44191501
0.48570499 -0.19590300 -0.39983001
0.29076001 -0.06023300 0.56322402
-0.29159701 -0.23278899 0.55893600
0.48591599 0.13901199 -0.39954701
-0.14817899 -0.25436500 -0.60672200
-0.58414000 -0.18682399 -0.22401600
-0.13118701 0.09416100 -0.61059999
-0.38708401 -0.15440699 -0.49097899
-0.05051100 0.04490200 -0.62275797
-0.28730801 -0.06955900 0.56117302
0.62515801 -0.21590200 -0.08213000
-0.60980499 -0.08262800 0.14704999
0.63099903 -0.17445500 -0.00783600
-0.58394003 0.08786000 -0.22461900
0.00404700 0.07276300 -0.62523103
0.32893699 -0.15971400 0.54057997
0.09436100 -0.24539199 -0.61826903
-0.20293801 -0.10728500 0.59758800
0.62176800 -0.20026501 0.11545800
-0.24196000 -0.24334900 -0.57618999
0.62940699 -0.01647800 0.05621300
-0.62591302 0.07794200 -0.01721900
-0.52690798 -0.11227500 0.34220201
0.61424100 0.01550400 -0.14141800
-0.48190001 -0.09452900 -0.39697701
0.21258500 0.06905200 0.59674400
0.63026297 -0.07551400 0.04957600
0.55675602 -0.11524800 0.30014899
0.50614601 -0.03633100 -0.37244099
-0.60938001 -0.09838900 0.14923200
-0.48159999 -0.01347900 -0.39732900
0.42391700 -0.07920400 0.47131801
0.49243900 0.07526300 -0.39080700
0.48678401 -0.22839300 -0.39838299
0.62598699 -0.17556900 0.08274000
-0.61069202 0.01132900 0.14250000
-0.58747000 -0.05895000 -0.21398599
0.47865200 0.08084000 0.41527000
0.58372700 -0.04865500 0.24267501
0.60813600 -0.18434601 0.17173600
0.45835000 -0.01890700 0.43623400
-0.62360901 0.09578100 0.06014400
-0.45615801 0.04656600 0.43425101
0.48396701 -0.06667600 0.40919501
0.52768499 -0.12017200 0.35061699
-0.29969299 -0.24515200 0.55471200
0.20564701 -0.10991300 0.59880298
-0.54751998 0.04405500 -0.30278900
0.47632799 0.00315200 0.41767001
0.18850300 -0.08476200 0.60389203
-0.01026700 0.05515400 -0.62568998
-0.38061899 -0.03647200 -0.49548900
0.61437201 -0.22966000 0.14795500
0.63099903 -0.21015100 0.00108600
0.60849798 -0.06101900 0.17035501
-0.37279099 -0.16534001 0.50798702
0.63099903 0.09894400 -0.03657500
-0.53938001 -0.23220301 -0.31600499
-0.49042901 -0.24475101 0.39399499
-0.55681700 -0.11454400 -0.28348500
0.46521100 -0.07152600 -0.42211199
-0.18251599 -0.00871000 -0.59806699
0.62415802 -0.14544199 -0.08988400
-0.31573001 -0.25177601 0.54634601
0.17624000 -0.07100800 0.60753101
0.29510999 -0.03526000 0.56108701
-0.55417103 -0.21491700 0.29601601
0.44394800 -0.05906600 -0.44406801
-0.50213897 -0.04646000 -0.37320200
-0.61661702 0.09030300 0.11207400
0.29031399 -0.02619200 0.56342101
0.41959000 -0.21397901 0.47476900
-0.33796200 -0.06081600 -0.52524501
-0.00161200 0.02832700 -0.62541199
-0.59346402 0.05934500 -0.19593300
0.16875000 -0.02591100 -0.60271698
-0.61949599 -0.16791900 0.09729300
0.12975401 -0.14893900 0.61958402
-0.43358099 -0.00306300 -0.44939399
0.22209699 -0.15453200 -0.58658201
0.44077000 0.06995700 0.45438701
-0.48600900 0.00464100 0.39918700
-0.24646901 0.03729900 0.58156800
-0.62651497 -0.21189199 0.01488000
0.03818900 0.12438400 0.63117301
-0.02045900 -0.04752600 -0.62565702
0.24433100 0.10151000 -0.57674003
-0.52557302 -0.19649900 -0.33721700
0.54742998 0.01980600 0.31671000
-0.20303600 0.05881600 0.59755200
0.38453099 -0.20580000 -0.49568999
0.30742499 0.06830800 -0.54658401
0.47689500 -0.07892800 0.41708401
0.63099903 0.07944800 0.01454500
0.32049599 -0.17680000 -0.53865999
-0.42101699 0.07216600 -0.46080399
0.48376200 -0.09089900 0.40946999
-0.61541498 -0.12711300 0.11824800
-0.34056801 -0.19495100 -0.52342701
0.53618598 0.05803500 -0.32963601
0.04386300 0.12391000 -0.62395400
0.62135702 0.08443700 0.11864900
0.16833600 -0.13515800 0.60987699
0.62240201 -0.22889200 -0.10350700
0.09354300 0.12039000 -0.61840099
0.58240497 -0.03849300 0.24594100
0.49594200 -0.04688600 -0.38611400
0.42577299 -0.10009900 -0.46280101
0.01819400 0.00593300 0.63181400
-0.19955900 -0.08511100 0.59883100
0.63099903 -0.22365899 -0.02406700
-0.47674301 0.00342300 0.41007099
-0.51136398 -0.07009900 -0.35904500
0.28243199 -0.19446200 0.56691003
-0.26926601 0.06068000 -0.56354898
-0.62259501 -0.09852300 -0.06890100
-0.54315603 0.08999300 0.31724101
0.17483500 -0.13187200 0.60794801
-0.52717298 -0.20770100 -0.33475900
0.56113201 0.11626800 0.29237899
0.13491000 -0.15441200 0.61875099
0.56015700 -0.00016500 -0.28707400
0.60976499 -0.17113000 0.16552401
-0.24680001 0.09934500 -0.57440901
-0.10568100 -0.15202001 -0.61642200
-0.43634400 -0.08917100 0.45392099
-0.53371298 -0.17086600 0.33174899
0.58523500 0.02320400 -0.23191300
0.14880601 -0.08538600 0.61567402
0.59725797 0.00111500 0.20925499
0.54871398 -0.19495900 -0.30739099
