-0.21567400 0.95740497 -0.04046300
-0.22042499 0.87124401 -0.04085600
-0.25422800 0.80501199 -0.02414700
-0.19292800 0.84604698 -0.02744700
-0.26076099 0.82527101 -0.00551700
-0.25795001 0.96189302 0.01196800
-0.21000700 0.88467097 -0.03894800
-0.23081200 0.88611102 0.03477500
-0.21330699 0.96626103 0.02493700
-0.24906100 0.80376601 0.02556800
-0.21771000 0.79172200 0.03541400
-0.20748401 0.85187203 0.03262300
-0.25899801 0.82350397 -0.01413500
-0.19689600 0.93700498 -0.03110000
-0.18992500 0.87358999 -0.02290300
-0.21050000 0.96626103 0.02731700
-0.20641600 0.85878098 0.03215400
-0.23526201 0.83785897 0.03364800
-0.20512301 0.86535698 -0.03680500
-0.20774700 0.90147197 -0.03795600
-0.19640900 0.90083998 0.02543400
-0.18709700 0.80598402 -0.01767800
-0.25627401 0.83802199 -0.02151800
-0.21398900 0.94310898 0.03510500
-0.18629700 0.85477400 -0.01620000
-0.18415999 0.95287597 0.00039000
-0.23906600 0.89516503 -0.03750300
-0.22023700 0.96626103 -0.03763500
-0.25756100 0.96626103 -0.00130200
-0.25533399 0.82350999 -0.02272600
-0.21511200 0.87207901 0.03519800
-0.21515800 0.95687002 0.03520200
-0.18831800 0.92644602 -0.01993400
-0.20908600 0.86641997 0.03332500
-0.18562400 0.81118900 0.00916000
-0.20483699 0.93960798 -0.03668000
-0.26020101 0.81959498 -0.01062900
-0.24876900 0.84138101 -0.03116000
-0.22171500 0.84948999 -0.04096300
-0.23736800 0.87348902 -0.03833200
-0.24716200 0.93771601 0.02699600
-0.22320600 0.89438200 -0.04108700
-0.24138799 0.96263200 0.03076800
-0.25454900 0.90948302 0.01851600
-0.22535101 0.86710799 0.03604700
-0.23933400 0.95688099 -0.03732800
-0.24610700 0.85221100 -0.03290300
-0.25875100 0.80770802 -0.01485400
-0.23009200 0.84623897 0.03495700
-0.26076099 0.83655000 -0.00215400
-0.23901500 0.87781900 0.03231800
-0.21428999 0.90405297 -0.04034800
-0.23242500 0.91322798 0.03436600
-0.25856200 0.95837700 -0.01540400
-0.19044700 0.89729798 -0.02386800
-0.18443900 0.95057702 -0.00728100
-0.24495700 0.88764697 0.02843600
-0.21491800 0.96626103 -0.00903900
-0.23701400 0.80086499 0.03320400
-0.25709400 0.88143802 -0.01968100
-0.18401299 0.88931698 -0.00472700
-0.20696101 0.92045099 0.03239300
-0.18471700 0.95750499 -0.00894600
-0.25771499 0.87977701 0.01265300
-0.24597099 0.80753899 -0.03299100
-0.18860400 0.95397800 -0.02046300
-0.25689399 0.96519703 0.01504500
-0.23369700 0.91114497 -0.03926200
-0.18654600 0.81774098 -0.01665900
-0.22866800 0.80640501 0.03531700
-0.19434001 0.96388501 0.02352900
-0.18800101 0.96626103 0.00372800
-0.18440500 0.79709899 0.00185500
-0.21672200 0.92782098 0.03533200
-0.26076099 0.89780599 0.00170800
-0.20034100 0.87153500 -0.03427200
-0.24647400 0.90879899 -0.03266300
-0.18416999 0.83468902 0.00044700
-0.24632800 0.84084499 0.02754000
-0.22629599 0.89585102 0.03591800
-0.20205601 0.80908698 -0.03546000
-0.22871500 0.95716399 0.03530600
-0.19275001 0.80465502 0.02206600
-0.24344800 0.95524901 -0.03464000
-0.19146401 0.81146401 0.02052900
-0.24995300 0.79510802 -0.02964000
-0.23025900 0.92298800 -0.04013300
-0.20953000 0.93351102 -0.03873800
-0.18520500 0.92508799 0.00665000
-0.19983500 0.85144597 0.02858800
-0.23436400 0.81850100 0.03387500
-0.18473899 0.96626103 0.00178100
-0.21413800 0.84295899 -0.04033600
-0.24033301 0.79451799 0.03145700
-0.18926500 0.96626103 -0.01071400
-0.23701701 0.94235402 -0.03842100
-0.22288799 0.96502900 0.03584300
-0.24633899 0.86184400 0.02753300
-0.25860101 0.84810501 -0.01529000
-0.22626700 0.84276903 0.03592600
-0.23926701 0.88784802 0.03215400
-0.24065000 0.90899903 0.03125000
-0.23600300 0.96626103 0.00057600
-0.22994700 0.93102098 0.03499300
-0.26033300 0.95419300 0.00502900
-0.20059399 0.81673700 -0.03450400
-0.19022200 0.91759199 0.01823300
-0.24440201 0.87859797 -0.03401700
-0.24528299 0.93362999 -0.03344100
-0.23825000 0.81445801 -0.03803600
-0.23560800 0.96626103 -0.02870100
-0.19607000 0.82960302 0.02512200
-0.26076099 0.87120801 -0.00816900
-0.22502200 0.96626103 -0.02487000
-0.20564900 0.94593298 -0.03703600
-0.24387400 0.89591300 -0.03436200
-0.19410700 0.79257798 0.02331500
-0.18758801 0.90401500 0.01336700
-0.18533701 0.82529902 -0.01266200
-0.23249200 0.96626103 0.02765500
-0.20371599 0.83059502 0.03097000
-0.25899500 0.84992301 0.00892600
-0.25301701 0.80943501 -0.02570300
-0.22420000 0.92481101 -0.04116900
-0.24315900 0.82001501 -0.03482900
-0.22925000 0.79368299 0.03517000
-0.26076099 0.83816099 -0.00384300
-0.21503200 0.92725599 -0.04041000
-0.24730299 0.88487798 0.02690300
-0.25885701 0.79789001 -0.01454400
-0.25336301 0.90519297 0.02004000
-0.25247100 0.83203202 0.02118700
-0.24689101 0.82818401 0.02717200
-0.25578001 0.96626103 0.01237300
-0.24227600 0.88868302 -0.03540600
-0.23675700 0.84345299 -0.03848700
-0.18371101 0.81913799 -0.00230100
-0.25506899 0.88642502 -0.02306600
-0.25834301 0.92925102 -0.01604400
-0.21481299 0.84291101 0.03517300
-0.25776401 0.82849300 0.01251200
-0.21650100 0.82252198 0.03531300
-0.24435100 0.93159401 0.02883200
-0.22124000 0.84478301 0.03570600
-0.20024000 0.84535801 -0.03417900
-0.19520600 0.88516802 -0.02954400
-0.19520700 0.93124098 0.02432800
-0.22196500 0.89540201 0.03576600
-0.20250000 0.88110900 -0.03565500
-0.26074100 0.82661998 -0.00905800
-0.23294801 0.96626103 0.01573300
-0.25102600 0.96073103 0.02304300
-0.20478100 0.96626103 -0.03273200
-0.25861901 0.82896000 -0.01523700
