-0.30539799 0.28312400 -0.00334000
-0.20454800 0.34414399 0.07837600
-0.23559900 0.29773599 0.07891700
-0.30436701 0.26248100 0.00727400
-0.30482399 0.63452399 -0.00843300
-0.29216501 0.76718700 -0.04673300
-0.18090400 0.06118600 -0.07390300
-0.30326599 -0.07320500 -0.02146100
-0.29993701 -0.00635500 -0.03097200
-0.15808800 0.76841098 0.04965200
-0.19219700 0.62057900 -0.07940100
-0.18484101 0.56358302 0.07115800
-0.16365100 0.22211500 0.05521500
-0.27815500 0.60452199 0.05836000
-0.21921900 0.35966399 -0.08524700
-0.24043000 -0.11002600 0.07432800
-0.13992999 0.48685601 -0.00668600
-0.14440100 -0.04010900 -0.02922200
-0.27823299 0.61610800 0.05828100
-0.16976900 -0.08759200 -0.06655100
-0.20887800 0.19701700 -0.08408200
-0.30129901 0.69376999 0.02186300
-0.29079199 0.45835099 0.04370000
-0.25938800 0.36495200 -0.07683000
-0.30536300 0.15785800 -0.00364900
-0.17672400 -0.10249600 0.06605800
-0.14132001 0.25437099 0.01380900
-0.19360800 0.36552399 0.07467700
-0.14499100 0.45173001 -0.03090900
-0.14726099 0.59356898 -0.03739800
-0.19083400 -0.11002600 0.01533700
-0.23981500 -0.08155800 -0.08366000
-0.14216800 0.66042399 -0.02284200
-0.14599000 -0.01614600 0.02854600
-0.15609100 0.67914099 0.04677600
-0.20062000 0.04969500 -0.08234800
-0.25642899 0.70162803 0.07289700
-0.14143801 0.56080103 -0.02006800
-0.15101200 0.45952499 -0.04390900
-0.30547401 0.54349500 -0.00255000
-0.22949199 0.71265298 0.07960500
-0.19782400 0.16022600 0.07615200
-0.30132300 0.09234900 0.02179300
-0.14470100 0.47144100 -0.03008000
-0.14909001 0.78516400 -0.04085100
-0.24689700 0.14338000 -0.08145000
-0.27722099 0.46840900 -0.06451200
-0.30532601 0.21995901 -0.00124200
-0.29589999 -0.01219700 0.03557100
-0.22344901 0.15390100 -0.08550400
-0.28527001 0.43036601 0.05124400
-0.29215300 0.23248900 -0.04675100
-0.23445700 0.26952499 -0.08426400
-0.14294200 0.11086500 0.01983600
-0.27501199 0.75954598 0.06150300
-0.26616600 0.57563198 0.06735300
-0.25038400 -0.07696800 0.07501200
-0.20840099 0.12745900 0.07881000
-0.27722999 0.78688002 0.02810800
-0.16909100 0.01473800 -0.06587300
-0.15050800 0.32877699 -0.04310700
-0.16943000 0.47817501 -0.06621300
-0.20477700 0.54727101 -0.08362000
-0.16353101 0.17199700 0.05509600
-0.27412900 -0.11002600 0.00348200
-0.16228600 0.56601799 -0.05906900
-0.20982499 0.43800500 0.07897100
-0.16436100 0.46182799 -0.06114300
-0.30537900 0.40052599 -0.00351100
-0.20343199 0.06013900 0.07811400
-0.30409500 -0.00062800 0.00968900
-0.27534699 0.38739201 -0.06638600
-0.21657699 0.53169501 0.07973100
-0.29924899 0.06793800 -0.03293900
-0.17865799 0.51798397 0.06727300
-0.14007400 0.45769900 0.00274800
-0.24988499 -0.02337300 0.07518700
-0.18204799 0.29363701 0.06940300
-0.30469400 0.42570499 0.00436600
-0.20285299 0.75610298 -0.08313000
-0.30091101 0.37994301 0.02297200
-0.23851199 0.69015503 0.07858900
-0.28723001 0.41590899 0.04928500
-0.26600701 -0.11002600 -0.05636100
-0.23590399 0.58024102 0.07888300
-0.30343801 0.62265199 0.01551900
-0.22048201 0.29919100 0.08017100
-0.28595200 0.57103902 0.05056200
-0.15789799 0.06511900 -0.05468000
-0.23425999 0.25652900 -0.08428600
-0.14048301 0.20787001 -0.01159900
-0.14339000 0.18955199 -0.02633400
-0.18527800 0.44106001 0.07143200
-0.30541900 0.37790599 -0.00206300
-0.13976100 0.60518903 -0.00002700
-0.28142300 0.12214100 0.05509200
-0.14551599 0.45689300 -0.03241000
-0.19611301 0.49999899 0.07555300
-0.25208300 -0.01585900 -0.07963600
-0.14327800 -0.06183000 -0.02601400
-0.19917101 -0.05553600 0.07662300
-0.16114800 0.46302599 0.05271300
-0.22284000 -0.00612700 0.08035500
-0.16082101 0.37826300 -0.05760300
-0.21534701 -0.00199400 0.07959300
-0.20246100 0.27430400 -0.08299200
-0.27050200 0.25691500 0.06462800
-0.14381900 0.23321500 0.02234100
-0.29689801 -0.01901200 -0.03919900
-0.30546001 0.45560899 -0.00243100
-0.16133501 0.66561800 0.05290000
-0.14553601 0.00439000 -0.03246800
-0.20533000 0.44538400 0.07846400
-0.14967200 0.64715099 -0.04177700
-0.14741801 0.17216399 0.03262700
-0.20577700 0.11637100 -0.08373300
-0.29469499 0.41277099 0.03748700
-0.29354200 0.70243198 -0.04454100
-0.28884900 0.29430601 -0.05201000
-0.27012500 0.06459300 -0.07008300
-0.28666401 0.06360400 -0.05506900
-0.21703100 0.05645200 0.07978300
-0.15074700 0.47968099 -0.04348700
-0.26139900 0.10938600 0.07034800
-0.26591301 0.58496600 -0.07272900
-0.13969800 0.70978302 -0.00463000
-0.27868000 0.78688002 -0.05507800
-0.23547500 0.77543199 0.07893100
-0.30208400 0.12008900 0.01961800
-0.24136700 -0.04065100 0.07816700
-0.16701600 0.47325000 0.05858000
-0.21391900 0.03775000 -0.08465000
-0.17761700 0.29799700 0.06661900
-0.27792999 0.72045702 -0.06380300
-0.15028200 0.60065299 0.03753100
-0.29820701 0.03775700 -0.03591800
-0.22432600 0.51544702 -0.08540500
-0.25164700 0.42941499 0.07457000
-0.29080600 0.37431800 0.04367700
-0.26102000 0.50617802 -0.07580400
-0.21951900 0.30393001 0.08006300
-0.26643699 0.26321700 -0.07240000
-0.29691899 -0.04269100 0.03394800
-0.25686601 0.20107900 -0.07796200
-0.18090300 0.75411701 0.06868400
-0.14091100 0.20786400 -0.01539800
-0.30398101 0.19575199 -0.01591800
-0.18291201 0.39842099 -0.07516400
-0.22464000 0.56843400 -0.08537000
-0.16677700 0.44110501 -0.06355900
-0.24282899 0.11432400 0.07765600
-0.30397800 0.21594700 -0.01594300
-0.14289400 0.06551200 0.01969800
-0.25492799 0.49090299 -0.07864000
-0.26720601 0.32816899 0.06669900
-0.24728499 0.25772500 0.07609700
-0.30395001 0.12081800 -0.01618600
-0.29372799 -0.04636200 -0.04424400
-0.27017400 0.10947000 -0.07005200
-0.25494701 0.14517801 0.07341500
-0.19456300 0.46087199 0.07501100
-0.28844601 0.33048901 -0.05265200
-0.27967900 -0.11002600 0.02606900
-0.25133601 -0.01106700 0.07467900
-0.15516400 -0.11002600 -0.03726900
-0.30438501 0.28847000 0.00711100
-0.30451199 0.09861200 -0.01120300
-0.14044800 0.38712001 0.00606600
-0.14563300 0.49601099 -0.03274400
-0.16361800 0.10371700 0.05518200
-0.19844601 0.22730599 -0.08158800
-0.23292699 0.46024901 0.07921800
-0.13993600 0.26371700 0.00152100
-0.20621000 0.78369701 -0.08378100
-0.17183000 0.53032303 0.06298300
-0.14553900 -0.00432900 0.02725700
-0.14539100 0.64173198 -0.03205300
-0.25575301 -0.06107700 0.07313400
-0.28500399 0.78419000 0.05151100
-0.26935199 0.74242300 -0.07056900
-0.14935499 0.35820901 -0.04127300
-0.30446199 0.11405800 -0.01165000
-0.29407600 0.75766200 -0.04369100
-0.13990600 0.40877199 -0.00647400
-0.14350601 0.50362903 -0.02666500
-0.19847199 0.59255898 0.07637900
-0.20912699 0.15295200 0.07889200
-0.15223800 0.75210601 -0.04586100
-0.24992099 -0.05759800 -0.08039200
-0.25770199 -0.01611400 -0.07766900
-0.22659799 0.16128500 -0.08514900
-0.30378601 0.51066101 0.01242800
-0.22063699 0.38617599 -0.08540700
-0.18848300 0.44651601 0.07288400
-0.29461101 0.47286400 0.03762200
-0.28604901 0.78688002 -0.03681500
-0.25580299 0.54120702 0.07311600
-0.28695300 0.26969400 0.04956200
-0.28068900 0.20344201 -0.06104400
-0.26705301 0.24864300 0.06679500
-0.15284599 0.06963600 0.04161000
-0.30099601 0.31248200 -0.02794700
-0.24665301 0.04995100 -0.08153600
-0.27682200 -0.07151000 -0.06491100
-0.30298299 0.73534501 0.01704900
-0.30284500 0.21227100 0.01744500
-0.13991700 0.09389900 -0.00657200
-0.27374300 0.26520199 0.06259200
-0.25826699 0.45523000 0.07225400
-0.14747800 0.33781701 -0.03801700
-0.22263700 0.07617800 -0.08559600
-0.14241700 0.36812201 -0.02355400
-0.27163199 0.29277700 0.06391800
-0.27531800 -0.11002600 0.04639100
-0.26768699 0.64609897 0.06639700
-0.30410001 0.63350898 0.00964300
-0.21266900 0.17623900 -0.08450900
-0.16328900 0.00074900 0.05485300
-0.27068999 0.55389702 -0.06972800
-0.13993300 0.51692498 0.00149300
-0.14154799 -0.04951900 0.01582800
-0.30403700 0.47299901 -0.01541400
-0.15241100 0.77907401 -0.04613600
-0.22878601 0.29490900 0.07968500
-0.28783900 -0.10959000 -0.05361700
-0.26218399 0.46200299 0.06985400
-0.26403201 -0.00091300 0.06869300
-0.23315100 0.26545900 -0.08441100
-0.15204200 -0.11002600 0.00022300
-0.16536500 0.01039900 -0.06214800
-0.20187500 -0.00332100 -0.08278800
-0.22502001 0.30008000 -0.08532700
-0.26908699 0.15561201 0.06551700
-0.18715000 -0.11002600 -0.01383700
-0.29789600 0.27695301 -0.03680700
-0.14909600 0.07614100 0.03564200
-0.15058801 -0.07850400 -0.04323400
-0.22903299 -0.07038400 0.07965700
-0.22220799 0.43677399 -0.08558400
-0.28459799 0.33333001 -0.05713500
-0.16683100 0.44206899 -0.06361400
-0.15885100 0.40335599 -0.05563300
-0.30373600 0.74815798 0.01286900
-0.14713900 0.41541201 0.03183100
-0.24503499 0.19988000 0.07688400
-0.14870299 -0.02511500 0.03501700
-0.16189399 0.15905499 -0.05867600
-0.18493800 0.71733099 -0.07643700
-0.15991400 0.05667200 0.05147900
-0.28176299 0.15090500 -0.05997000
-0.16081500 0.08005800 -0.05759700
-0.23465700 0.76445001 0.07902300
-0.27039599 0.19894400 0.06469500
-0.24676700 -0.09674400 0.07627800
-0.30282801 0.43758300 -0.02271100
-0.29220799 0.03653400 0.04144500
-0.13972400 0.71108299 -0.00486000
-0.29787701 0.24086200 -0.03686200
-0.29710501 0.25653601 -0.03887100
-0.20132400 -0.00311800 -0.08259500
-0.29657099 0.19893600 -0.03972100
-0.14299500 0.64846098 -0.02520400
-0.22586900 -0.08450200 -0.08523200
-0.28048399 0.15734801 0.05603100
-0.15022700 0.77073097 -0.04266000
-0.16987000 0.28943199 0.06143400
-0.29144099 0.35983199 -0.04788500
-0.29354799 0.67394698 -0.04453100
-0.27901900 0.21291600 0.05749600
-0.14088300 0.59205902 0.00993300
-0.30473301 -0.10640900 -0.00923700
-0.30342099 0.37297300 -0.02088700
-0.29593500 0.18857500 -0.04073200
-0.17826000 0.67839801 -0.07224100
-0.24954000 0.19166900 0.07530700
-0.29825199 0.40275100 0.03057200
-0.25624299 0.41861099 0.07296200
-0.23561800 0.77960700 0.07891500
-0.17519701 0.60616201 0.06509800
-0.30070901 0.39558899 0.02354900
-0.26002800 0.73525798 -0.07642700
-0.29099399 0.32022899 0.04337900
-0.14045900 0.52021599 0.00616700
-0.26380500 0.71535498 -0.07405400
-0.21472600 0.23340900 -0.08474100
-0.24655101 0.38914001 0.07635400
-0.17354301 -0.11002600 0.02646900
-0.14112900 0.18751700 -0.01732800
-0.27649599 0.41874799 -0.06523700
-0.22098100 0.36407700 -0.08544600
-0.20726500 0.15514500 -0.08390000
-0.16290100 0.66517001 -0.05968300
-0.29408300 0.31183901 -0.04367900
-0.16108300 0.44579899 -0.05786500
-0.27659699 0.16656700 -0.06513600
-0.23077101 0.25193900 0.07946100
-0.18748100 0.74120098 -0.07775100
-0.25181499 0.22172600 -0.07973000
-0.28779301 0.54083598 0.04847300
-0.16637400 0.31418601 -0.06315600
-0.16891301 -0.01077400 -0.06569500
-0.29994601 0.77734298 0.02573000
-0.26307201 0.46514601 -0.07451500
-0.24112800 0.09478900 -0.08346900
-0.24979401 0.31746000 0.07521900
-0.30048200 0.26734900 -0.02941700
-0.29886499 0.16621000 -0.03403600
-0.27482101 0.36341399 -0.06691100
-0.14256600 0.13967501 -0.02397800
-0.18880200 0.78688002 -0.03915500
-0.28679901 -0.11002600 0.00663300
-0.21031100 -0.02413600 -0.08424300
-0.30542299 0.10520900 -0.00312000
-0.15237400 0.59860301 0.04085900
-0.30180299 0.24958400 0.02042300
-0.22141901 0.55144101 0.08027700
-0.24592701 0.78688002 -0.07349800
-0.26586601 0.78688002 0.02219800
-0.30516499 0.07892800 -0.00540400
-0.17436001 0.78688002 -0.04198900
-0.27605301 0.02895300 -0.06568000
-0.24041900 -0.07102900 0.07837400
-0.30529600 0.78435600 -0.00097800
-0.15638000 0.64100802 0.04723600
-0.18407300 0.14020100 -0.07589400
-0.30462000 0.54742998 -0.01024100
-0.17007101 0.34789199 0.06163500
-0.14125100 -0.06323400 -0.01841000
-0.15145500 0.19448900 0.03939700
-0.25237101 0.53553802 -0.07953500
-0.30350500 0.02464200 -0.02013600
-0.22138500 -0.05988700 -0.08549100
-0.15487000 0.03698400 0.04483200
-0.20610000 0.04613800 -0.08376900
-0.14097901 0.19481400 0.01078300
-0.29379901 -0.11002600 0.00865600
-0.30533299 0.37910300 -0.00391500
-0.25461799 -0.01060200 0.07353100
-0.15172400 0.56770200 -0.04504300
-0.16825201 0.39456600 -0.06503400
-0.15629600 -0.06799900 -0.05232000
-0.24398200 0.60116601 -0.08247000
-0.25629601 0.70828301 0.07294300
-0.26319799 0.57582003 -0.07443500
-0.29199001 0.35561499 -0.04701100
-0.14038999 0.41139400 -0.01077300
-0.27913901 0.13253400 0.05737600
-0.28792101 -0.11002600 -0.02791900
-0.14097700 0.49963400 0.01076300
-0.27093101 0.78141302 0.06435900
-0.24050900 0.74405497 0.07836400
-0.29008299 0.26155600 0.04482700
-0.30416301 0.06222800 -0.01430400
-0.19622201 0.71583003 0.07559100
-0.30069199 0.48933801 -0.02881500
-0.27181199 0.17348500 -0.06902300
-0.15982801 0.49032101 -0.05661000
-0.26177001 0.70133001 0.07011500
-0.19405501 0.30272201 0.07483300
-0.28370699 0.01569000 0.05280800
-0.27176800 0.55692899 0.06383300
-0.21986499 0.21481200 0.08010200
-0.19903199 -0.01977800 0.07657500
-0.25542000 0.01261300 -0.07846800
-0.22464600 0.68702298 -0.08536900
-0.23738900 0.06636700 -0.08393400
-0.30241701 0.25436699 -0.02388600
-0.15691701 0.44931799 -0.05330700
-0.24774300 0.37683299 -0.08115400
-0.16200900 -0.10117600 -0.05879100
-0.24371900 -0.07465300 0.07734400
-0.15439600 0.53544402 -0.04929500
-0.15888700 0.73709798 -0.05567000
-0.21821600 0.73449898 0.07991600
-0.29368600 0.12294100 -0.04431100
-0.30028901 0.23097900 0.02474900
-0.14021200 0.58880401 -0.00919000
-0.30349001 0.71617901 0.01505100
-0.28525299 0.56571198 0.05126200
-0.22293800 0.09853200 -0.08556200
-0.14691401 0.57823598 0.03118800
-0.14010200 0.34136000 -0.00821300
-0.30044600 0.75548601 0.02430100
-0.21838699 -0.09965000 0.07993500
-0.13972600 0.78638399 -0.00488000
-0.20553599 0.59261101 0.07848700
-0.19829500 0.15374300 -0.08153500
-0.22007100 0.02385000 -0.08534300
-0.29252899 0.04735900 0.04093500
-0.20664901 0.78111601 0.07861300
-0.29381400 0.12426000 0.03889000
-0.28040001 0.37378600 0.05611500
-0.27680001 0.13804001 0.05971500
-0.23922899 0.60025501 0.07850800
-0.23517001 0.13538399 0.07896600
-0.14059301 0.02416000 0.00735200
-0.14109600 -0.06987600 -0.01703600
-0.30514199 0.08532500 0.00038800
-0.19421101 0.01487400 -0.08010600
-0.15573201 0.06998300 -0.05142200
-0.18620899 0.34855700 0.07201800
-0.25191599 0.53266698 -0.07969400
-0.26379600 0.78688002 0.06449200
-0.14959399 -0.06162600 0.03643400
-0.17124100 0.41195899 0.06261300
-0.19466101 0.75475103 0.07504500
-0.18429600 0.34315199 -0.07603400
-0.18337700 0.78688002 -0.03585100
-0.29555199 0.52652597 -0.04134200
-0.22882199 0.49574399 -0.08489900
-0.30415699 0.23573300 0.00913700
-0.25312999 -0.11002600 0.00795700
-0.23414600 0.28396401 -0.08429900
-0.23131099 0.45151201 0.07940000
-0.14021000 0.52473903 0.00396000
-0.15149900 0.10384100 -0.04468600
-0.30162200 0.51320398 -0.02615700
-0.20808300 0.21623600 0.07877400
-0.30459899 0.62894201 -0.01043000
-0.22665299 0.69660002 0.07992500
-0.25781199 -0.04408700 0.07241300
-0.17837600 0.57847798 0.06709600
-0.21811500 0.32161999 -0.08512300
-0.14411201 0.08253500 0.02317800
-0.30051801 -0.00107100 -0.02931400
-0.30243301 0.15624800 0.01862400
-0.23221999 0.07230600 -0.08451600
-0.20986900 0.75770801 -0.08419400
-0.27241299 0.18788300 0.06342700
-0.18853100 0.13034700 -0.07811800
-0.17211001 0.28775901 -0.06837700
-0.27894500 0.40972000 -0.06278800
-0.28072101 0.11082200 0.05579300
-0.28215399 0.17126299 0.05436100
-0.15550800 -0.00889000 -0.05106500
-0.27636999 0.66828102 0.06014500
-0.18245800 0.78592998 -0.07487900
-0.15684900 0.63331300 0.04798200
-0.16892700 0.02444300 0.06049200
-0.17406200 0.15329801 0.06438500
-0.30025101 0.56908703 -0.03007500
-0.16036201 0.39123800 0.05192600
-0.20645700 0.78688002 0.06368200
-0.18272801 -0.08942100 -0.07504900
-0.16050000 -0.08003600 -0.05728300
-0.14248601 0.32253501 -0.02374900
-0.17418900 0.77150398 -0.06968300
-0.15203100 0.24890700 0.04031400
-0.22135501 0.74484098 -0.08548800
-0.25681499 -0.11002600 0.00862100
-0.28548199 0.73428601 0.05103300
-0.29085800 0.11292300 0.04359400
-0.15115499 0.19654800 0.03891900
-0.17720000 0.72690302 0.06635700
-0.28517601 0.54426903 -0.05655600
-0.15748100 0.60864800 -0.05420500
-0.25183499 0.77609003 0.07450500
-0.24305400 -0.01027900 -0.08279500
-0.14641599 0.14462800 0.02976400
-0.18123600 0.63502598 0.06889300
-0.19284800 0.42733601 0.07441100
-0.19512101 -0.04811200 0.07520600
-0.30428699 0.46939000 0.00798200
-0.22354400 0.01389100 -0.08549300
-0.25292799 0.69064897 0.07412200
-0.30393001 0.62424600 0.01115100
-0.23229100 0.72518700 0.07929000
-0.15072000 0.05567500 -0.04344500
-0.14615700 0.00362000 -0.03424100
-0.22606800 -0.11002600 -0.02449400
-0.14619300 0.65582103 -0.03434500
-0.16696700 0.19579500 -0.06374900
-0.20392300 0.78688002 0.07128900
-0.22475401 0.76844501 0.08013900
-0.23103499 0.57952303 0.07943100
-0.20906299 0.64183098 0.07888500
-0.27717301 0.21322601 0.05934100
-0.21991800 0.65554398 0.08010800
-0.30500799 -0.09836300 -0.00680400
-0.28978199 0.38893399 -0.05052500
-0.15633100 -0.07965400 -0.05237400
-0.17853300 -0.11002600 -0.03817100
-0.29625601 -0.04125400 0.03500300
-0.15381500 0.55417502 0.04315300
-0.25767201 -0.02700400 0.07246200
-0.28949201 0.52777100 -0.05098600
-0.28070399 0.10549400 0.05581100
-0.15427899 0.70560700 0.04389100
-0.29381001 0.49487600 -0.04411500
-0.22627600 0.25715899 -0.08518600
-0.29826501 0.70616800 0.03053300
-0.16213401 0.32623100 -0.05891600
-0.29811499 0.48929501 -0.03618000
-0.30546001 0.44047999 -0.00278900
-0.23255700 0.12277000 -0.08447800
-0.16313200 -0.04472100 0.05469700
-0.17328800 0.76743698 -0.06911700
-0.30392700 -0.03538400 -0.01639100
-0.14007699 0.11870400 0.00277500
-0.15665300 0.56258500 -0.05288700
-0.27500200 -0.10127800 0.06151300
-0.22905099 -0.11002600 -0.06211900
-0.23523200 -0.11002600 -0.03730400
-0.21887000 0.70681298 0.07999000
-0.15252399 0.18749900 0.04109900
-0.26661599 0.08311000 -0.07228800
-0.28881100 -0.00960700 -0.05207000
-0.21256600 0.65826499 -0.08449700
-0.29915601 0.05173900 0.02798700
-0.30058300 0.71818501 -0.02912700
-0.23270901 0.04293400 -0.08446100
-0.26788801 0.42629701 -0.07148900
-0.14436500 0.63154000 -0.02912000
-0.21780400 0.20740500 0.07987000
-0.30084899 0.40402299 0.02314900
-0.29361600 0.55708897 -0.04442200
-0.14087400 0.65173101 0.00984900
-0.21786000 -0.06963900 -0.08509400
-0.17596100 0.60174400 -0.07079700
-0.15583099 -0.01149100 0.04636200
-0.25671300 -0.09431000 -0.07801500
-0.15125300 0.64564800 0.03907500
-0.19592500 0.78688002 0.04538700
-0.25301701 0.12727299 -0.07930900
-0.28949901 0.62068498 -0.05097500
-0.22279599 0.06314700 -0.08557800
-0.24716599 0.30919299 0.07613800
-0.14323200 0.45966700 0.02066400
-0.16676700 0.62936300 0.05833200
-0.30537999 -0.08249900 -0.00349400
-0.25952399 0.03655800 -0.07674400
-0.17630599 0.30292001 0.06579500
-0.29419100 0.07426700 0.03829000
-0.16736600 0.49007401 0.05893000
-0.14148100 0.49267399 -0.02045300
-0.16358300 0.39211500 0.05514700
-0.18755400 0.40507701 0.07255900
-0.28938201 0.10627800 0.04594300
-0.20432501 0.33163500 -0.08356900
-0.14389800 0.27261400 -0.02778500
-0.24953900 0.62377399 0.07530800
-0.14642701 0.41504201 -0.03501400
-0.16853701 -0.09772500 -0.06532000
-0.24448000 -0.08363800 0.07707800
-0.17876799 0.45279801 -0.07256000
-0.28486499 0.72811103 -0.05686800
-0.19523799 0.57115901 -0.08046500
-0.28337899 0.43655100 -0.05835400
-0.21333800 -0.00648100 0.07936600
-0.17776000 0.69981301 0.06670900
-0.30065700 0.04381900 -0.02891700
-0.22993100 0.26383200 0.07955600
-0.29777101 0.24995901 -0.03716200
-0.17010500 0.15984300 -0.06688800
-0.29922199 -0.11002600 -0.01237200
-0.14133000 0.64898401 0.01389500
-0.30141300 0.28704900 0.02153700
-0.30527401 0.78257197 -0.00444000
-0.21872500 0.22626100 -0.08519100
-0.21039300 -0.11002600 0.03122100
-0.25947401 0.34464100 0.07155700
-0.27056399 -0.02796200 0.06458900
-0.26602599 0.09146500 0.06744100
-0.21705399 0.78688002 0.05556900
-0.26729700 0.43127999 0.06664200
-0.17624900 0.35982400 -0.07097800
-0.16285700 0.31279701 0.05442100
-0.16006300 0.51130700 -0.05684500
-0.24237600 0.52294803 0.07781400
-0.18869700 0.03339500 0.07295800
-0.29511100 0.67230701 -0.04204400
-0.23146200 0.48604599 0.07938300
-0.22434101 0.66471899 -0.08540400
-0.26364401 0.02391900 -0.07415500
-0.30430800 -0.03239600 0.00779500
-0.29299599 -0.11002600 -0.01434600
-0.30128399 0.09792900 0.02190600
-0.16327900 0.03424400 0.05484400
-0.28095901 -0.08377900 0.05555600
-0.15279800 0.05951200 -0.04675200
-0.23877700 0.45484200 0.07855900
-0.14611100 0.45652500 0.02889200
-0.27319199 0.08485300 -0.06815600
-0.17328000 -0.11002600 0.00521000
-0.26592201 -0.11002600 -0.04845600
-0.14031200 -0.03060400 0.00486200
-0.29075399 0.02314100 0.04376000
-0.30013901 0.55172700 -0.03039600
-0.28253499 0.49908000 0.05398000
-0.30340701 0.41468200 -0.02100800
-0.20316900 0.65976697 -0.08324000
-0.27633199 0.06868500 -0.06540100
-0.14729001 0.49972701 0.03226100
-0.14151900 0.19374000 0.01557600
-0.22978400 0.62824303 0.07957200
-0.19316000 0.37116000 0.07452000
-0.26298100 0.38826400 -0.07457200
-0.15587600 0.41522801 -0.05165100
-0.16909400 0.30850500 -0.06587600
-0.28264099 0.51123101 -0.05909200
-0.16812301 0.27816999 -0.06490600
-0.14589800 0.09158000 -0.03350000
-0.21320800 0.33310899 -0.08457000
-0.20300999 0.74149400 0.07796700
-0.28676301 0.76890099 -0.05497000
-0.20246500 0.18218400 0.07777600
-0.26265600 0.68087500 -0.07477600
-0.18900700 0.36034101 -0.07828500
-0.30466801 0.16491701 -0.00981400
-0.29005301 0.15817399 -0.05009400
-0.23098201 0.44292399 -0.08465500
-0.20414101 0.63113600 0.07833000
-0.15276900 -0.09858400 0.04148800
-0.14038099 -0.10371300 -0.01069200
-0.16418301 0.69592702 0.05574700
-0.29478899 0.35537401 -0.04255700
-0.25442201 0.47184199 0.07359900
-0.22973099 0.70053399 0.07957800
-0.15546700 0.78688002 0.01154400
-0.27952200 0.43567500 -0.06221100
-0.14361100 0.50121802 -0.02696400
-0.20404500 0.14113700 -0.08353700
-0.25318399 -0.08325200 -0.07925000
-0.25158599 0.00281300 0.07459100
-0.30196801 0.11531900 0.01995200
-0.24644800 -0.11002600 -0.06311400
-0.28377599 0.78688002 0.04839600
-0.19848099 0.78688002 -0.07365400
-0.29809201 -0.07585100 0.03102700
-0.27763000 0.15727600 -0.06410300
-0.24598600 0.34103599 0.07655100
-0.29097301 0.68524897 -0.04863000
-0.30319899 0.33821601 -0.02165100
-0.20766400 0.63416702 -0.08394500
-0.15188000 0.02531200 -0.04529100
-0.14107201 0.52925402 -0.01682800
-0.24561800 0.63936597 0.07668000
-0.14073899 0.09707100 0.00864800
-0.15503600 0.38279700 -0.05031400
-0.29043499 0.49435899 0.04426700
-0.18146899 -0.06700400 0.06903900
-0.18145700 0.78688002 -0.02933500
-0.30355501 0.72983199 0.01448000
-0.24501599 0.73057300 0.07689000
-0.14015600 0.53010702 0.00347300
-0.30463800 0.53000599 0.00486600
-0.28355899 -0.00426300 -0.05817400
-0.20697400 0.39828900 -0.08386700
-0.22436400 0.15332600 -0.08540100
-0.15594099 0.77766401 -0.05175500
-0.24654600 -0.03203100 0.07635500
-0.16060100 0.41523999 0.05216500
-0.24194700 0.03579500 0.07796400
-0.30328500 -0.00281900 0.01618700
-0.19725101 0.78688002 -0.03724800
-0.22150899 -0.09403900 -0.08550500
-0.30450499 0.74623603 0.00604600
-0.21440500 0.05910800 0.07948700
-0.28650099 0.37910199 -0.05523200
-0.18155600 -0.08507600 0.06909400
-0.29870701 0.46637601 -0.03448800
-0.18178900 0.07896500 -0.07445800
-0.30240101 0.15055500 -0.02393100
-0.15491000 -0.06410400 -0.05011300
-0.18115200 0.10337900 -0.07405800
-0.17135100 0.17376301 -0.06790000
-0.29969800 0.44611800 -0.03165600
-0.14509600 0.65757799 0.02599200
-0.26649401 0.07857100 -0.07236500
-0.24975400 -0.01906400 0.07523300
-0.30436000 0.59654897 -0.01254900
-0.14803401 0.54268700 0.03395200
-0.14110699 0.08404800 -0.01713400
-0.23896401 0.73749202 -0.08375600
-0.23276600 0.44743299 0.07923600
-0.30167699 0.21644600 -0.02600200
-0.14114700 0.25630599 -0.01749000
-0.15590900 0.78688002 0.03300800
-0.15873501 0.37059399 0.05029900
-0.26581001 0.55664003 0.06757600
-0.21967199 0.65956300 -0.08529800
-0.16750400 0.41076201 0.05906900
-0.14321700 0.26964599 0.02062200
-0.25658500 0.34737501 -0.07806000
-0.27086699 0.48243299 0.06439800
-0.15471900 0.78688002 0.00301100
-0.24575099 0.40856600 -0.08185100
-0.22489800 0.14360601 -0.08534100
-0.14370801 0.31545800 0.02202400
-0.29286900 0.06874400 0.04039400
-0.19464800 0.52588999 0.07504100
-0.28993201 0.60647601 -0.05028600
-0.25261101 0.55026400 -0.07945100
-0.14765900 0.35697699 0.03331600
-0.30026901 0.12888500 0.02480800
-0.30469000 0.11169400 0.00440200
-0.29754099 0.32037601 0.03260200
-0.18129800 0.33180401 0.06893200
-0.19735099 -0.07305600 0.07598700
-0.30257499 0.30838701 -0.02343500
-0.22819600 0.19896901 0.07975100
-0.30395401 0.65715098 0.01094000
-0.14256901 0.56716597 0.01876800
-0.21923900 0.78688002 0.07462500
-0.26953799 0.72169203 -0.07045200
-0.30019799 0.09709100 0.02500900
-0.26514700 0.33306599 0.06799300
-0.18086700 0.55458301 0.06866100
-0.22158401 0.24432100 -0.08551400
-0.27607700 0.34538600 0.06043700
-0.17315701 0.32127500 0.06381700
-0.19537200 0.27106801 0.07529400
-0.15070100 0.73543203 -0.04341500
-0.28934500 0.78688002 -0.00570100
-0.19726500 0.11258700 0.07595700
-0.27461299 0.68787700 0.06190200
-0.18509801 0.39934301 0.07132000
-0.30436301 0.78688002 -0.00466900
-0.26253399 0.46262199 0.06963500
-0.14942899 0.74475300 -0.04139000
-0.30145299 0.69360799 -0.02664100
-0.14075100 0.64366603 0.00875700
-0.28756499 0.73359603 0.04883500
-0.16855299 0.20679100 0.06011800
-0.26619500 0.75422400 0.06733500
-0.29381099 0.53775197 -0.04411300
-0.23059800 0.76893097 0.07948100
-0.15924899 0.15319400 0.05081300
-0.16657200 0.60497600 0.05813600
-0.29812801 -0.01585000 -0.03614300
-0.15728500 0.30441999 -0.05389300
-0.26633701 0.24811199 -0.07246300
-0.27211699 0.49920201 -0.06883200
-0.27794001 -0.03929600 -0.06379200
-0.27806199 0.47844601 -0.06367100
-0.18652400 0.27022600 -0.07741600
-0.14308900 0.53486300 0.02025600
-0.27336600 0.76650202 0.06282800
-0.27048701 -0.05703300 -0.06985500
-0.29769799 0.59562302 -0.03737200
-0.14057299 0.29693601 -0.01239600
-0.16388699 0.41223899 0.05545100
-0.16937500 0.78688002 0.05149300
-0.29135200 0.66240001 -0.04802600
-0.18210800 0.15066300 0.06944100
-0.30372500 -0.03977900 -0.01818900
-0.30281299 0.06468600 -0.02275500
-0.27991199 0.17263500 -0.06182100
-0.30027601 0.78115600 -0.03000400
-0.15806100 0.43634999 0.04962500
-0.21396500 0.51410401 -0.08465500
-0.25390300 0.75969303 -0.07899900
-0.16277801 -0.04275500 -0.05956000
-0.14046800 0.28742900 0.00624600
-0.29454401 0.43446401 -0.04294600
-0.17206800 0.19756600 -0.06835000
-0.15375200 -0.09974700 -0.04827100
-0.30537999 0.08734500 -0.00350000
-0.27972099 0.10322600 0.05679400
-0.23800901 0.72859401 -0.08386400
-0.27089801 0.67978501 -0.06959700
-0.27995500 0.72606599 0.05656000
-0.26967999 0.28650400 0.06514500
-0.24299701 0.33387801 0.07759700
-0.25021100 0.73799998 0.07507300
-0.23196501 0.42203799 -0.08454500
-0.19823501 0.78688002 -0.05353500
-0.16228200 0.72998601 0.05384600
-0.14013401 0.73875898 0.00328400
-0.18227200 0.08529700 -0.07476200
-0.18686301 0.61458099 0.07231700
-0.18887000 0.51575899 0.07301900
-0.30267501 0.03535000 0.01793000
-0.14008801 0.22369801 -0.00808700
-0.22314399 0.44173899 -0.08553900
-0.13980199 0.09079400 0.00033100
-0.26955599 0.06913200 0.06522300
-0.16168299 0.77888101 -0.05846500
-0.20018700 0.74580902 -0.08219700
-0.14076200 -0.00721000 -0.01407600
-0.24326999 0.29147300 -0.08272000
-0.26351401 -0.02540600 0.06901900
-0.14618599 0.07132500 0.02910700
-0.27115801 -0.03694100 -0.06943400
-0.15242600 -0.11002600 0.00042400
-0.14151700 0.03281700 -0.02076900
-0.15932401 -0.11002600 0.04247500
-0.22383700 0.71521199 -0.08546000
-0.14290801 0.54113901 -0.02495700
-0.14618300 0.77113700 -0.03431600
-0.16438600 -0.02924900 -0.06116800
-0.22068000 0.07969000 -0.08541200
-0.25176400 0.17149900 -0.07974700
-0.19396900 0.78728098 0.02318800
-0.17893399 0.63557398 -0.07266400
-0.27416399 0.04875000 -0.06754500
-0.23531200 0.45800400 0.07895000
-0.20019600 0.61375499 -0.08220000
-0.24966800 0.64760202 0.07526300
-0.28745899 0.09777200 0.04900400
-0.14027300 0.04472100 -0.00973700
-0.25386101 0.77305597 0.07379600
-0.20079300 0.51762402 -0.08240900
-0.15040500 0.50139999 0.03772600
-0.18650600 0.35672700 0.07219200
-0.14178699 0.35888100 -0.02175300
-0.30485100 0.66260099 -0.00819500
-0.27181399 0.14374501 0.06380400
-0.19720300 0.05795700 -0.08115300
-0.27050000 0.16533400 -0.06984700
-0.14117800 0.77925098 0.01254800
-0.30539700 0.06129500 -0.00186600
-0.27821499 -0.04821100 -0.06351800
-0.29828301 0.19059400 -0.03570100
-0.20461300 0.03544600 0.07838300
-0.17604500 0.35488999 -0.07084900
-0.16746800 0.52834201 0.05903300
-0.29517701 0.21158800 -0.04193900
-0.18832301 0.11042900 -0.07804500
-0.16525000 0.76311898 -0.06203300
-0.17981900 0.30225199 0.06800300
-0.24536100 0.78688002 0.03023800
-0.15779500 0.03973900 -0.05457700
-0.15922700 0.64233798 0.05079200
-0.22606000 0.77941102 -0.08521000
-0.15239200 0.02095300 0.04088800
-0.19902200 0.06664700 0.07657100
-0.14333799 0.66419703 0.02096700
-0.13954400 0.61270899 -0.00195800
-0.27477801 0.38741300 0.06173700
-0.14962000 0.00883800 -0.04169500
-0.30527499 0.08202300 -0.00078800
-0.23556300 0.62925398 0.07892100
-0.20562300 0.78688002 0.07504400
-0.22476500 0.36573499 0.08013800
-0.18793499 0.18039700 0.07269200
-0.27834800 0.01980100 0.05816700
-0.30462500 0.44804999 -0.01019700
-0.27798700 0.31175700 0.05852800
-0.14163800 0.23590399 0.01610800
-0.30340400 -0.01699300 -0.02103700
-0.14424200 0.19007599 0.02355000
-0.16266200 0.00128800 0.05422700
-0.29884899 0.37125301 0.02886400
-0.13980199 0.61908698 0.00033700
-0.17263900 0.18167900 -0.06870900
-0.30188200 0.44183701 -0.02541600
-0.19535300 0.16904999 0.07528700
-0.14723800 0.57855302 0.03211200
-0.28825399 0.15930501 0.04773900
-0.17681600 0.33722699 -0.07133400
-0.15036200 0.53754002 0.03765700
-0.17552100 0.67563999 0.06530200
-0.14883000 0.77316499 0.03521900
-0.18910900 0.51172203 0.07310200
-0.22816700 -0.08767400 -0.08497300
-0.25136101 0.07391400 0.07467000
-0.18565901 0.25811401 -0.07689000
-0.14845701 0.36757699 -0.03984300
-0.14554501 0.43858999 0.02727300
-0.29362899 0.63371301 -0.04440200
-0.14195099 0.56175900 -0.02222200
-0.30364200 0.14737000 -0.01892500
-0.13955000 0.07529900 -0.00331300
-0.29534999 0.32073200 -0.04166300
-0.14328299 0.39710000 -0.02602700
-0.19464201 0.51694602 0.07503900
-0.30223399 0.01408200 -0.02440900
-0.29118299 0.66327101 0.04307700
-0.22734401 0.17433099 0.07984700
-0.30287701 -0.09132000 -0.02257100
-0.29741299 0.78187501 -0.03818600
-0.30219501 0.47645801 0.01930200
-0.14314100 -0.05137500 0.02040500
-0.28104800 0.78688002 -0.02073100
-0.30515599 0.63306397 0.00027200
-0.14051600 0.04490200 -0.01189100
-0.20763300 0.14838199 0.07872400
-0.15856899 0.72087198 -0.05535100
-0.18707301 0.11257900 -0.07760800
-0.28740001 0.58742601 -0.05431500
-0.24842800 0.14580700 -0.08091500
-0.14594001 0.00576200 -0.03362200
-0.25205499 0.39878899 0.07442700
-0.20541400 0.54491198 -0.08369200
-0.24951600 0.27889401 -0.08053400
-0.17744400 0.67819297 -0.07172800
-0.30169401 0.02594100 -0.02595300
-0.27287599 0.30257100 -0.06835500
-0.29553801 0.41199201 0.03614700
-0.17728300 0.75943297 -0.07162700
-0.26076099 0.78734201 -0.00836200
-0.24123700 0.61372602 -0.08343100
-0.14786600 0.61405098 -0.03890300
-0.25476801 0.26243201 -0.07869600
-0.14699601 0.53047299 0.03142000
-0.25722599 0.19711100 -0.07783600
-0.15482099 0.14205000 0.04475400
-0.27654800 0.11184100 -0.06518500
-0.29053000 0.36462599 -0.04933400
-0.14747301 0.05756600 -0.03800200
-0.15336500 0.59767902 -0.04765400
-0.26301000 0.69598901 0.06933500
-0.25913301 -0.11002600 0.04885900
-0.27803999 0.13982800 -0.06369300
-0.19392700 0.74654800 0.07478800
-0.23320100 0.08329500 0.07918700
-0.28534901 0.14181000 -0.05638400
-0.30117899 0.46096799 -0.02742300
-0.22568101 0.12239700 0.08003500
-0.21529999 0.56093502 -0.08480500
-0.27167100 0.78688002 -0.00524700
-0.15293200 0.58460999 0.04174700
-0.16528700 0.66365403 -0.06206900
-0.21708900 0.14638500 0.07978900
-0.16644000 0.13070001 -0.06322300
-0.22321901 -0.11002600 -0.04553600
-0.27476999 0.49434999 -0.06696300
-0.24435700 0.06747400 0.07712100
-0.19608399 0.62969899 -0.08076100
-0.27562001 0.02323300 -0.06611300
-0.28271800 0.44484800 -0.05901500
-0.24551800 0.32134899 0.07671500
-0.17692401 0.65074903 0.06618300
-0.21548600 0.47756001 0.07960800
-0.30235401 0.38630900 0.01884800
-0.21895701 0.31811199 0.08000000
-0.30499500 0.45322800 -0.00691100
-0.22116099 -0.11002600 -0.00721700
-0.14070500 0.66619402 -0.01356600
-0.14986800 0.18132000 -0.04208900
-0.29683399 0.21190301 0.03408400
-0.23643699 0.15362801 -0.08404100
-0.21668300 0.47839901 0.07974300
-0.21466300 0.77346498 0.07951600
-0.21973200 0.65515101 -0.08530500
-0.29678100 0.65863800 -0.03938600
-0.15409000 0.37610900 0.04359100
-0.18026499 0.46497601 -0.07350100
-0.21958300 0.67455000 0.08007000
-0.18197900 0.24794701 -0.07457800
-0.20106401 0.31222701 -0.08250400
-0.21234700 0.49707600 -0.08447300
-0.17812499 0.05500700 0.06693800
-0.18954600 -0.11002600 0.05984000
-0.24690799 0.72506398 0.07622900
-0.23791900 0.06092600 0.07865600
-0.27582401 0.13852900 0.06069100
-0.19744600 0.53033799 -0.08123800
-0.14038800 0.05003100 0.00553900
-0.28962600 0.66387701 -0.05077400
-0.19155200 0.50771099 -0.07917500
-0.20054600 -0.11002600 0.03322900
-0.25051600 0.33230701 0.07496600
-0.29025200 0.48098800 0.04455900
-0.24460100 0.73928601 -0.08225400
-0.18600801 0.63569498 -0.07710900
-0.23837100 0.69058400 -0.08382300
-0.17037500 0.72364902 -0.06715700
-0.14977600 0.52754802 0.03672400
-0.29096299 0.03330200 -0.04864500
-0.30507401 0.62395602 -0.00621600
-0.25158101 0.04135800 -0.07981100
-0.14240800 0.64464003 -0.02352600
-0.19843800 -0.00392200 -0.08158500
-0.15084200 0.27253401 0.03842200
-0.13967501 0.63882202 -0.00079200
-0.27648801 0.00712900 -0.06524500
-0.19979300 0.33424899 0.07684100
-0.23151800 -0.03272700 -0.08459500
-0.19842300 0.54140502 -0.08158000
-0.14387600 0.62891603 -0.02772200
-0.24797700 0.78688002 0.04024500
-0.15564799 0.42849201 0.04607000
-0.14032900 0.72981799 0.00501200
-0.30252701 0.09816100 0.01835300
-0.14435799 0.16640399 0.02388200
-0.13966800 0.70594198 -0.00085300
-0.16866200 0.07461000 -0.06544400
-0.29274601 0.17108700 -0.04580800
-0.21521300 0.41374001 0.07957800
-0.22892600 0.65178502 0.07966900
-0.18069400 0.13508900 0.06855200
-0.15297499 0.47049099 -0.04703400
-0.25484201 0.11069300 -0.07867000
-0.26713401 0.21771000 -0.07196200
-0.14442600 0.29036799 -0.02929400
-0.26757100 0.34566000 0.06647000
-0.16982099 0.64370602 -0.06660300
-0.17947200 -0.01349100 0.06778500
-0.27601999 0.55250901 0.06049500
-0.15574899 0.06685500 -0.05144800
-0.19880600 0.40248701 0.07649600
-0.14502400 0.48108101 -0.03100300
-0.27107501 0.05029400 0.06426800
-0.15852401 0.26587999 -0.05530600
-0.17721300 0.74803102 -0.07158300
-0.26200101 0.22928999 -0.07518800
-0.30026799 0.01244700 0.02481000
-0.30203301 0.39651600 -0.02498200
-0.16913100 0.50365698 -0.06591300
-0.14287700 0.64578098 -0.02486900
-0.16902900 0.46376801 0.06059400
-0.18805100 0.26299399 -0.07795000
-0.21774299 0.18996000 -0.08508100
-0.29118899 0.49877599 0.04306700
-0.14486299 0.22336400 -0.03054400
-0.28213200 -0.05246900 -0.05960100
-0.14087200 0.16815500 -0.01505000
-0.15472600 0.39279601 0.04460300
-0.16778800 -0.11002600 -0.01327700
-0.18784700 0.49508101 0.07266100
-0.15399100 0.28696200 0.04343300
-0.30273199 0.12515201 -0.02298600
-0.20444000 0.40959501 -0.08358200
-0.30446199 -0.08748100 -0.01164300
-0.23728600 0.40971300 0.07872700
-0.27900001 0.78688002 -0.01328200
-0.23170400 0.41764301 -0.08457400
-0.21707200 0.02848400 0.07978700
-0.22128600 0.66739500 -0.08548000
-0.21265800 -0.11002600 -0.05544800
-0.16918200 0.43297300 0.06074600
-0.14060600 0.50654602 -0.01268800
-0.14662400 0.55292100 0.03035800
-0.28172699 0.73801798 -0.06000600
-0.27437201 -0.00655000 0.06214300
-0.22479901 0.44352701 -0.08535200
-0.25609201 0.16719700 0.07301500
-0.29932201 0.26146600 0.02751300
-0.19883700 0.10948500 0.07650600
-0.14043701 -0.03644200 -0.01119000
-0.25697899 -0.08341200 -0.07792200
-0.29377699 0.51783901 -0.04416700
-0.18755600 0.36930701 -0.07777700
-0.24694601 0.58094800 0.07621500
-0.14627600 0.76072103 0.02936400
-0.15277900 0.78081000 0.04150300
-0.19925900 0.10927300 -0.08187200
-0.14860900 0.31413701 -0.04008500
-0.29249001 0.32722801 -0.04621500
-0.23291500 -0.08862500 -0.08443800
-0.29738599 0.41589701 0.03304400
-0.14850099 0.70894599 -0.03991300
-0.15328801 -0.05880900 -0.04753200
-0.14826800 0.60880101 0.03432400
-0.15457200 0.40734699 0.04435800
-0.17736000 0.76154101 -0.07167600
-0.13969100 0.71201700 -0.00456600
-0.14096101 0.78348303 -0.01583500
-0.16616000 0.28035101 -0.06294200
-0.16994400 0.72292203 0.06150800
-0.28072199 -0.06819700 0.05579300
-0.14019001 0.02635600 0.00378200
-0.14647700 0.29594499 -0.03515600
-0.28514501 0.71901000 0.05137000
-0.29169801 0.36241999 -0.04747600
-0.28307301 0.62178397 0.05344100
-0.14119101 0.29900801 -0.01787900
-0.14083301 -0.08650800 -0.01470100
-0.29163501 0.57519603 -0.04757500
-0.22816999 0.75497699 0.07975400
-0.28428501 -0.09833300 -0.05744800
-0.24924800 0.62930900 -0.08062800
-0.17867200 0.78688002 0.02183900
-0.24301800 0.14070199 0.07759000
-0.16617800 0.33638299 -0.06296000
-0.26534101 0.10493600 -0.07308900
-0.27413699 0.36465299 0.06234400
-0.14136800 0.34066200 0.01423700
-0.15457600 0.49201399 0.04436400
-0.15533200 0.02784600 -0.05078500
-0.25964001 0.10720200 0.07145300
-0.25419399 0.10053900 -0.07889700
-0.26671901 0.06470900 -0.07222300
-0.14381599 0.78688002 0.00743900
-0.17254300 0.40494800 -0.06864900
-0.23051500 0.51462197 0.07949000
-0.16597500 0.61445701 0.05753900
-0.23881300 0.16335601 0.07855500
-0.17839800 0.19212100 0.06711000
-0.14413300 -0.04295200 -0.02845600
-0.25465000 0.38271999 -0.07873700
-0.26111400 0.11475600 0.07052700
-0.14022200 0.51748002 -0.00928000
-0.16004400 0.59576100 0.05160800
-0.29969701 0.78688002 0.02407000
-0.30301800 0.65449399 -0.02216900
-0.25406301 0.40026799 -0.07894300
-0.14060800 0.59885401 0.00748700
-0.14143500 0.50152200 -0.02004600
-0.26683301 0.59244299 -0.07215100
-0.14142400 0.52819800 0.01473100
-0.23868300 0.41580299 0.07857000
-0.21629301 -0.00015600 -0.08491700
-0.18374100 0.22383501 -0.07568500
-0.16948500 0.02185600 0.06104900
-0.18389800 0.28089201 -0.07578400
-0.16226099 -0.08311000 0.05382500
-0.22873400 0.52896500 -0.08490900
-0.28868100 0.52857298 -0.05227700
-0.30008999 0.72064197 0.02531800
-0.17345600 0.78688002 -0.02671700
-0.29173401 0.54654998 0.04220100
-0.22107001 0.27799001 -0.08545600
-0.29492900 0.56919402 0.03711600
-0.20197400 -0.11002600 -0.06258600
-0.16022000 0.78688002 0.05112200
-0.14738999 0.68182802 -0.03776400
-0.27032501 -0.08562700 0.06473900
-0.27259800 0.43947199 0.06331100
-0.22743000 -0.11002600 0.02033100
-0.14047900 0.03407800 0.00634500
-0.30464599 0.12984399 -0.01001200
-0.21207701 0.73416799 -0.08444200
-0.28966400 0.09920700 0.04549400
-0.13948700 0.40929800 -0.00275900
-0.24477801 0.01403200 0.07697400
-0.25929800 0.78688002 0.06808800
-0.24915799 0.51734298 0.07544100
-0.18860400 0.31211600 0.07292600
-0.30419001 0.33831799 0.00884400
-0.28070799 0.59024799 0.05580700
-0.14289799 0.04796300 -0.02492700
-0.24033600 0.14805301 -0.08360200
-0.30265701 0.66369301 0.01798100
-0.23386300 0.72846198 0.07911300
-0.17345400 0.15461400 -0.06922100
-0.21742900 0.78688002 0.06656100
-0.30524600 0.00227100 -0.00053400
-0.17670600 0.37248400 -0.07126400
-0.17296200 0.09140400 0.06369400
-0.13954800 0.32264599 -0.00192200
-0.19467101 -0.01956500 0.07504900
-0.30473000 0.51082402 -0.00926500
-0.16849400 0.78688002 -0.05869700
-0.29985100 -0.08853900 -0.03121900
-0.13965701 0.68997002 -0.00095200
-0.14300700 0.38046700 -0.02523900
-0.15382800 -0.11002600 0.00989400
-0.14310800 -0.03939400 0.02030900
-0.18256900 0.73169899 -0.07494800
-0.29814500 0.29789799 0.03087800
-0.17384100 -0.11002600 0.04570400
-0.21591701 0.19392601 -0.08487500
-0.16070600 -0.02168300 0.05227000
-0.15663999 0.61180401 -0.05286700
-0.14097500 0.65892500 0.01074100
-0.21363901 0.07140500 -0.08461800
-0.14068601 0.67859697 -0.01340200
-0.14445201 -0.11002600 0.02071600
-0.28967401 0.01197200 -0.05069600
-0.14563400 -0.10401300 -0.03274700
-0.16541600 0.09094800 -0.06219900
-0.18082000 0.76769000 -0.07385000
-0.18995200 -0.05495700 0.07339800
-0.29023299 0.43607900 -0.04980800
-0.28290400 0.23321500 0.05361100
-0.15688200 0.77427202 -0.05325200
-0.14601800 0.65586001 0.02862600
-0.24276200 0.62274402 0.07767900
-0.30515900 0.58527398 -0.00545700
-0.24783701 0.50220299 0.07590400
-0.15257700 0.22492500 -0.04640100
-0.14438400 0.28510699 0.02395700
-0.27855599 0.31035301 -0.06317700
-0.17048700 0.50578803 -0.06726900
-0.18306600 0.75892198 -0.07526100
-0.15549600 0.42072499 -0.05104600
-0.15255000 0.19940700 -0.04635700
-0.14089400 -0.00719200 0.01002200
-0.25691500 0.71189600 -0.07794500
-0.25143799 0.69421297 -0.07986200
-0.28388199 0.28428701 0.05263300
-0.19668600 0.71363801 0.07575400
-0.21396001 0.47477701 -0.08465500
-0.14830600 -0.01711100 0.03438600
-0.23863700 0.61056101 0.07857500
-0.18864100 0.31170201 0.07293900
-0.24479200 0.65386498 0.07696900
-0.20763400 0.60605198 -0.08394200
-0.28229201 0.52899998 0.05422300
-0.14016999 0.29297599 0.00359800
-0.29813200 0.34865400 -0.03613300
-0.25171599 0.72029603 0.07454600
-0.13951699 -0.01389800 -0.00302600
-0.20322700 0.05217200 -0.08326100
-0.15186501 0.67005002 0.04004900
-0.19201700 0.25936300 -0.07933800
-0.22076200 0.77480602 -0.08542100
-0.24856700 -0.01012900 -0.08086600
-0.18290600 0.33453599 -0.07516000
-0.22099100 0.57408500 0.08022900
-0.22382700 0.53161001 0.08024400
-0.17430800 0.22867800 -0.06975800
-0.21040100 0.25642300 0.07903500
-0.30382001 -0.09866000 0.01213000
-0.20768601 0.78253001 -0.08394800
-0.19305500 0.73522103 0.07448300
-0.16840200 0.67691201 -0.06518400
-0.25310299 0.04372800 -0.07927900
-0.27850300 0.38943401 -0.06323000
-0.30260801 0.19463900 0.01812100
-0.30244899 0.11454800 -0.02379500
-0.30461800 0.25486401 -0.01025800
-0.20715199 0.66247803 0.07866900
-0.14104100 0.13180900 -0.01655300
-0.14083999 0.64844197 0.00954300
-0.19569600 0.33001801 0.07540800
-0.19307099 0.17871200 -0.07970700
-0.21636599 0.03183000 0.07970800
-0.17738600 0.15898700 -0.07169200
-0.26442599 -0.11002600 0.01981400
-0.17077900 -0.11002600 -0.00690500
-0.29196399 0.24460199 0.04183400
-0.23466399 0.78733802 -0.03901700
-0.14029901 -0.00513800 -0.00996600
-0.28681001 0.67086202 -0.05492300
-0.26346800 0.62114900 0.06904800
-0.14937600 0.18647701 0.03608800
-0.25404301 0.58876902 -0.07895000
-0.16819900 0.57230097 0.05976400
-0.28683001 -0.11002600 -0.00021500
-0.24424900 0.21921000 0.07715900
-0.27215800 -0.05052500 0.06358800
-0.24272200 -0.11002600 0.02445400
-0.17744900 0.71725303 0.06651400
-0.22699900 0.25699601 -0.08510400
-0.29941800 0.21319699 0.02723900
-0.23188300 0.45624799 -0.08455400
-0.28272900 0.55585802 -0.05900400
-0.17484100 -0.01822300 0.06487500
-0.25438201 0.11032900 0.07361300
-0.20580700 0.71292502 0.07851800
-0.24009800 0.74851900 0.07841000
-0.29168901 0.56124800 -0.04749100
-0.14684901 0.71121001 -0.03621800
-0.28845701 0.29226899 0.04741600
-0.16539700 0.78688002 0.00522500
-0.26319599 0.43191600 0.06921800
-0.30421600 0.72737700 0.00860900
-0.14424901 0.47914299 0.02357100
-0.13999000 0.44177699 -0.00722400
-0.16353799 0.43397900 0.05510200
-0.23003000 0.10649400 0.07954500
-0.27635199 0.67890900 -0.06538100
-0.16261300 0.20692700 0.05417800
-0.28544900 0.68932599 0.05106600
-0.14098500 0.15302899 -0.01605200
-0.18614700 0.39832801 0.07197900
-0.26730600 0.40722999 0.06663600
-0.26875600 -0.05603000 0.06572500
-0.26554900 0.72451502 -0.07295800
-0.18498001 0.02203000 0.07124600
-0.30082101 0.33775601 0.02322900
-0.14571901 0.54855901 0.02777200
-0.15448999 0.78688002 0.02418000
-0.17604101 0.56349802 0.06562900
-0.14418399 0.49113899 0.02338400
-0.20857100 0.03820100 0.07882900
-0.19990900 0.25463799 0.07688100
-0.17831400 0.14156900 -0.07227500
-0.28279701 0.46283400 0.05371800
-0.29479101 0.56424701 -0.04255400
-0.28273100 -0.00443200 0.05378400
-0.15804400 0.78688002 0.01293200
-0.29207000 0.53328502 -0.04688300
-0.14135900 -0.09601400 0.01415600
-0.17207900 0.78688002 0.03793900
-0.20136000 0.31707901 0.07738900
-0.17581099 0.26347801 0.06548400
-0.15336099 0.09092300 -0.04764900
-0.27506599 0.33516300 -0.06666700
-0.29061201 -0.11002600 0.01174600
-0.20344500 0.69497901 0.07811900
-0.30420700 0.46492201 0.00869100
-0.30236799 0.28399599 0.01880900
-0.24785100 0.50863302 -0.08111600
-0.30072001 0.07406100 -0.02873600
-0.30529901 0.18048100 -0.00421700
-0.21116000 0.46283600 0.07912100
-0.27559799 0.73314601 -0.06613500
-0.28807601 0.44740099 0.04802200
-0.15752700 0.18721800 -0.05427800
-0.28580901 0.23474200 -0.05592400
-0.25808901 0.58486998 0.07231600
-0.25028899 0.03634100 -0.08026300
-0.23654200 0.05128300 0.07881100
-0.16807000 0.37567100 -0.06485300
-0.29556400 0.03753300 0.03610500
-0.30466500 0.68214202 -0.00984300
-0.27438700 0.70093900 0.06212700
-0.17191599 0.19847199 -0.06825500
-0.14071999 0.19286899 0.00848100
-0.21641900 0.75791001 -0.08493200
-0.15723900 0.63541597 -0.05381900
-0.23426899 0.56717002 -0.08428500
-0.23121600 0.38585401 -0.08462900
-0.28493199 0.51380700 0.05158300
-0.15533300 0.43860701 0.04556800
-0.14111200 0.77263600 0.01196200
-0.15396801 0.61284900 -0.04861400
-0.19674700 0.68456000 -0.08099300
-0.24046700 -0.04850700 -0.08358700
-0.29867801 -0.10616600 0.02935300
-0.15446000 0.28364399 -0.04939600
-0.28165501 -0.06915500 0.05486000
-0.15761000 -0.10236000 -0.05439200
-0.21676400 -0.04355100 0.07975200
-0.30386901 0.70458800 -0.01691100
-0.22730900 0.55106902 0.07985100
-0.24892500 -0.05039300 0.07552300
-0.25527301 0.63095897 0.07330100
-0.19136700 0.08078200 -0.07911100
-0.20506200 0.61190301 -0.08365200
-0.30433199 -0.08110900 0.00758200
-0.26427600 0.47006899 -0.07375800
-0.17940401 0.73513401 0.06774200
-0.15908200 -0.00653500 0.05064700
-0.27603000 0.24127200 0.06048500
-0.20522900 0.78688002 0.04693400
-0.17033800 0.12371000 -0.06712000
-0.25693899 0.12432300 0.07271900
-0.15613200 0.27150300 -0.05205800
-0.28385100 0.31587201 0.05266400
-0.14706799 0.74952799 0.03162800
-0.26297101 0.55560303 0.06936000
-0.22056299 0.75358999 0.08018000
-0.26223400 0.78688002 0.04372800
-0.14285000 -0.02124600 -0.02478900
-0.29278800 0.10597200 -0.04574000
-0.27214101 0.35534400 -0.06881600
-0.28747299 0.75646400 0.04898100
-0.17155500 0.78567499 0.06281000
-0.19986600 0.70176798 0.07686700
-0.27512699 0.26255301 -0.06660600
-0.28419700 0.37884000 -0.05753600
-0.16312100 0.69502598 0.05468600
-0.25331900 0.07765800 -0.07920300
-0.14894500 0.13830701 0.03540200
-0.29797199 0.56954098 -0.03659000
-0.26764300 0.40365401 -0.07164200
-0.15534700 0.29082599 -0.05080800
-0.17976400 0.73718899 -0.07318600
-0.20232099 0.15343399 0.07772600
-0.16030499 0.66758901 -0.05708700
-0.16012000 0.26961100 0.05168400
-0.16966000 0.64584398 -0.06644300
-0.26049900 0.00258400 0.07091300
-0.22687399 0.77077502 -0.08511800
-0.14324699 0.65310001 0.02070800
-0.21691100 0.06181100 -0.08498700
-0.14568099 0.59498101 0.02766400
-0.30212799 0.43304300 0.01949500
-0.29285499 0.66443503 -0.04563400
-0.18337600 0.26341200 0.07023800
-0.28909001 0.61781698 0.04640800
-0.27217799 0.02313000 -0.06879300
-0.13981500 0.22209799 0.00044700
-0.19699700 0.25281599 0.07586200
-0.28022999 -0.00474800 0.05628500
-0.24518400 0.49841499 0.07683200
-0.19208600 0.74877900 -0.07936200
-0.25169200 0.27616501 0.07455400
-0.23133001 -0.08586100 0.07939800
-0.30545199 0.06539600 -0.00236200
-0.26334599 0.77488202 0.06912400
-0.29768300 0.74775100 0.03219700
-0.25652099 -0.00732000 -0.07808300
-0.13991299 0.23781499 -0.00653800
-0.14379400 0.01130900 -0.02748900
-0.24786200 0.50692397 0.07589500
-0.25760999 0.50376201 -0.07770200
-0.22994500 0.59559101 -0.08477200
-0.27946299 0.24624100 0.05705200
-0.29377100 0.27663100 -0.04417700
-0.27777699 0.69600302 -0.06395600
-0.14023200 0.65999699 -0.00936900
-0.16593000 0.70942700 0.05749500
-0.18514800 -0.09948100 -0.07656900
-0.14251301 0.40626100 -0.02382700
-0.24774399 0.72645700 0.07593600
-0.28385699 0.21191600 0.05265800
-0.21870901 0.45232400 0.07997200
-0.28950101 0.16576201 -0.05097200
-0.14218800 0.33118001 -0.02289800
-0.27445999 0.26929700 0.06205500
-0.30180901 0.12350100 -0.02562200
-0.23001300 0.36117199 0.07954700
-0.24253900 0.11537000 0.07775700
-0.27719101 0.18753700 0.05932400
-0.27745700 0.24944200 -0.06427600
-0.14026800 0.09915400 -0.00968500
-0.22768600 -0.11002600 0.00734800
-0.14151700 -0.01928900 0.01555600
-0.15566599 0.44373599 -0.05131700
-0.30277401 0.37597200 -0.02286500
-0.15964600 0.64550400 0.05121000
-0.30507800 0.60777003 -0.00617700
-0.27014899 0.27668601 -0.07006800
-0.25406900 0.42376500 -0.07894100
-0.18259799 -0.11002600 0.06117400
-0.26250601 0.12180200 0.06965200
-0.18963300 0.78688002 -0.06439000
-0.16759200 0.25251099 -0.06437400
-0.30106601 0.68632400 -0.02774700
-0.13966200 0.31168500 -0.00430700
-0.28368399 0.62272298 -0.05804900
-0.21021400 0.78688002 -0.08354600
-0.15275300 0.60963798 0.04146200
-0.16369900 -0.11002600 0.02441900
-0.15571700 0.78688002 -0.01488500
-0.18264601 0.65137202 -0.07499700
-0.17932799 0.36490601 -0.07291200
-0.21432500 0.36654899 0.07947800
-0.16506700 0.30058599 -0.06184900
-0.23927800 0.21177100 -0.08372100
-0.15697800 -0.11002600 0.02777600
-0.20625600 -0.11002600 0.04456900
-0.26245600 0.61349201 -0.07490200
-0.16912200 0.31635299 0.06068600
-0.17932600 0.02434900 0.06769300
-0.30017900 0.56168801 -0.03028100
-0.20874301 0.36026999 0.07884900
-0.17579401 0.71732098 0.06547400
-0.19042400 -0.01153600 0.07356300
-0.15127100 0.25365001 -0.04432200
-0.22610800 0.35898000 -0.08520500
-0.14772600 0.17399800 -0.03868000
-0.14239199 0.27843201 0.01826500
-0.14750700 0.69199097 -0.03810000
-0.30226400 0.09787900 0.01910400
-0.30165201 0.52842402 -0.02607200
-0.20375800 -0.11002600 -0.07761800
-0.24616300 0.64999002 -0.08170700
-0.23337699 0.57284099 -0.08438600
-0.19995899 0.54203302 -0.08211700
-0.25947401 0.25088400 0.07155700
-0.16352400 0.16513000 0.05508800
-0.15999500 -0.10921300 -0.05677800
-0.24190600 0.19030100 0.07797900
-0.20764901 0.61773401 -0.08394300
-0.20131899 0.55169302 -0.08259300
-0.13984901 0.01254400 -0.00597000
-0.14149000 0.11118200 0.01532000
-0.29712901 0.40102300 0.03361400
-0.16395099 0.78688002 -0.03718800
-0.27546200 0.75721401 0.06105300
-0.15084200 0.08993900 -0.04364000
-0.28465599 0.04156000 -0.05707600
-0.21410300 -0.11002600 0.03326500
-0.20738800 0.41813099 0.07869600
-0.15813901 0.63088399 -0.05492100
-0.25856701 0.78688002 -0.06201000
-0.19686200 -0.11002600 -0.01120100
-0.15545900 0.23503500 0.04577000
-0.30350000 0.16133800 0.01496400
-0.16466901 -0.11002600 -0.01116800
-0.16412300 0.22359100 -0.06090600
-0.26456499 0.53602302 -0.07357700
-0.22292399 0.59643000 0.08034500
-0.18656300 0.52676803 -0.07743000
-0.23228100 -0.11002600 -0.03064700
-0.24202500 -0.01893500 -0.08315500
-0.24192300 0.78477198 -0.08319100
-0.14375600 0.72436601 0.02216000
-0.26352599 -0.11002600 -0.07154000
-0.29610699 0.36872000 -0.04045900
-0.28414899 0.73128200 -0.05758400
-0.14102601 0.00907000 0.01119700
-0.20480600 0.64851499 0.07840500
-0.17601800 0.67173100 0.06561400
-0.23164000 0.33848801 0.07936300
-0.16375600 -0.06415000 0.05532000
-0.21216400 0.40438101 0.07923400
-0.26923499 0.70440799 -0.07064200
-0.26496899 -0.11002600 -0.07014400
-0.14547101 0.26186600 -0.03228200
-0.14684901 0.06990400 0.03100000
-0.29708001 -0.07190300 -0.03891000
-0.26343000 0.78688002 0.06538300
-0.27428001 0.74488902 0.06223400
-0.30508199 0.22158401 0.00092700
-0.24946500 -0.11002600 0.06571100
-0.29132199 0.78688002 -0.04608200
-0.29187101 0.22827300 0.04198300
-0.19892500 0.30473799 0.07653700
-0.21154200 0.62250900 -0.08438200
-0.26589099 0.61707902 -0.07274300
-0.14224800 0.16064900 -0.02307000
-0.14239800 0.46621299 -0.02349700
-0.16853300 0.40271199 0.06009700
-0.26797000 0.36101300 0.06621900
-0.27642900 0.66571099 -0.06530300
-0.14118400 0.07928300 -0.01782100
-0.14147300 0.72552902 0.01516600
-0.15668900 0.53855401 0.04772600
-0.29630500 0.42382300 -0.04014300
-0.14245699 0.60034698 0.01845000
-0.28936899 0.59447098 0.04596500
-0.24529099 0.16155501 0.07679400
-0.21520300 -0.05368200 0.07957700
-0.15785199 0.62254798 -0.05463400
-0.24355200 0.56493402 0.07740300
-0.14004800 0.49823400 0.00251900
-0.22718100 -0.07973000 -0.08508400
-0.27406099 -0.11002600 -0.06256800
-0.20591600 0.46538401 -0.08374800
-0.22062001 0.39343801 0.08018700
-0.16229001 0.62192500 0.05385500
-0.25895500 0.06166200 0.07188400
-0.15057600 0.43897399 0.03799700
-0.15866899 0.21557499 -0.05545100
-0.17058501 0.43708101 -0.06736700
-0.27799401 0.23951399 0.05852100
-0.30400500 -0.09636900 -0.01570600
-0.20143300 0.38667101 -0.08263300
-0.14119600 0.14009701 -0.01792100
-0.27429500 0.59758902 0.06222000
-0.15730400 -0.01124300 0.04870600
-0.14362600 0.02104900 -0.02700900
-0.22808300 -0.09784800 -0.08498200
-0.23365100 0.24033400 0.07913700
-0.27071899 0.03714800 -0.06971000
-0.29224500 -0.10975000 0.04138700
-0.29519200 0.23080300 0.03669700
-0.27442199 0.69712597 -0.06731100
-0.17707200 0.41323501 0.06627600
-0.23507901 0.34806100 0.07897600
-0.15966100 0.49349001 0.05122500
-0.20689400 0.25712600 -0.08385800
-0.27180099 0.66125900 0.06381200
-0.29955101 0.11709600 0.02686000
-0.15537800 0.32080400 -0.05085800
-0.22052500 0.09148900 0.08017600
-0.29391500 -0.04121000 -0.04394600
-0.30023000 0.00950500 0.02491900
-0.29484901 0.35912701 0.03724300
-0.22961099 0.66142702 -0.08481000
-0.28325200 0.39300600 -0.05848100
-0.21770400 0.22484000 -0.08507600
-0.20133799 0.09232300 0.07738200
-0.20771000 0.22372600 0.07873200
-0.14763699 -0.07664900 0.03325300
-0.17182600 0.35591099 -0.06819800
-0.18100999 0.59320903 -0.07396900
-0.13968700 0.53065902 -0.00453300
-0.16056900 0.66032302 0.05213300
-0.28112200 -0.11002600 0.05303000
-0.20720100 0.07559100 -0.08389300
-0.22601099 0.34581700 -0.08521600
-0.21290199 0.32974899 -0.08453500
-0.29584900 0.31124800 -0.04087000
-0.21999100 0.64771003 -0.08533400
-0.24218901 0.78688002 -0.07921000
-0.15282901 0.14669999 0.04158400
-0.15553799 0.28943601 -0.05111200
-0.29477099 0.60558200 0.03736700
-0.19644700 0.65032899 0.07567000
-0.15929900 0.52402103 0.05086300
-0.25584501 0.04419400 -0.07831900
-0.19591200 -0.10193300 -0.08070100
-0.24329600 -0.11002600 -0.00200000
-0.23267400 0.38372400 0.07924700
-0.26090500 0.19293299 0.07065800
-0.28662401 0.78688002 -0.01857200
-0.16078401 0.65359002 0.05234800
-0.28918201 0.41416201 -0.05147900
-0.21662000 0.30935100 0.07973600
-0.15605199 0.76880699 -0.05193100
-0.13964900 0.53538102 -0.00419500
-0.29644099 0.48447099 0.03470900
-0.30063701 -0.10307600 -0.02897200
-0.30041900 0.78688002 -0.01376200
-0.14360701 0.48072901 0.02173500
-0.18657500 0.33497700 -0.07743400
-0.20962401 0.24128699 -0.08416600
-0.14675100 0.06041700 0.03072200
-0.25255799 0.56710500 -0.07947000
-0.14927600 0.01488700 0.03592900
-0.30506101 0.64260602 0.00111000
-0.23196800 0.35887799 0.07932600
-0.21213900 0.07970600 -0.08444900
-0.24292099 -0.02750900 -0.08284200
-0.19302200 0.62701499 0.07447200
-0.15571000 0.48338699 0.04616800
-0.28790301 -0.04610000 0.04829700
-0.18760701 0.12239200 -0.07779500
-0.30368000 0.25874400 0.01336900
-0.16086800 0.04286100 -0.05765000
-0.21121401 0.44212699 0.07912700
-0.28957900 -0.08018600 -0.05084800
-0.24061200 0.09594000 -0.08357000
-0.30431399 0.36262599 -0.01296200
-0.30107501 0.74292898 0.02250400
-0.30299401 0.68576002 -0.02223700
-0.28152001 0.78688002 0.01106000
-0.14107700 0.52705503 -0.01686800
-0.29566500 0.27408099 0.03594500
-0.16570701 0.66572398 0.05727200
-0.29746699 0.06598500 0.03281500
-0.22640800 0.27567601 -0.08517100
-0.14677100 0.57442701 0.03077900
-0.14243400 0.13254000 0.01838400
-0.28314099 -0.00923600 -0.05859200
-0.20241100 -0.11002600 -0.01581300
-0.27877101 0.77189201 0.05774400
-0.19563501 0.78688002 0.06011000
-0.16119900 0.37943199 -0.05798100
-0.28986299 0.40681899 -0.05039700
-0.30386600 0.47794101 0.01172100
-0.14846000 0.51686001 -0.03984900
-0.21718800 0.52982801 -0.08501800
-0.15648800 0.22133100 -0.05262500
-0.25916699 0.70389700 0.07175000
-0.27294499 0.25685301 -0.06831100
-0.20592700 0.04723500 -0.08374900
-0.19754601 0.57093298 0.07605500
-0.14982000 -0.06666000 0.03679400
-0.14133900 0.70421600 0.01397500
-0.29714999 0.74435800 -0.03879800
-0.26413301 0.36917499 0.06863000
-0.14346200 -0.05664100 -0.02653800
-0.29973099 0.37837401 0.02634400
-0.28088701 0.61067897 0.05562800
-0.28155199 0.77594000 -0.06018100
-0.23384200 0.72216398 0.07911500
-0.24054199 -0.11002600 -0.07297900
-0.25233299 0.31551400 -0.07954800
-0.17211500 0.19619200 0.06316200
-0.30526400 0.26280200 -0.00452600
-0.19378300 0.15883800 0.07473800
-0.22235601 0.23862500 -0.08560000
-0.30431601 0.00648500 0.00772600
-0.29767701 0.44060799 -0.03743300
-0.28343400 0.36434999 0.05308100
