0.00115700 0.98671103 -0.14628901
0.16272500 0.92622298 0.00790400
0.11452900 0.98671103 0.08814400
0.13962400 0.84528202 0.08343500
0.00321300 0.93246299 0.16297500
0.12311200 0.98671103 -0.02438000
-0.12069100 0.95056897 -0.10932900
0.04729000 0.98671103 0.01542500
-0.16125301 0.89249700 -0.02223600
0.00505100 0.84641099 0.16307500
0.06458100 0.98671103 0.04582300
0.09357000 0.84816003 0.13305900
0.09945400 0.88621300 0.12907000
0.16090199 0.93880898 0.02466100
-0.14057600 0.97898698 0.08280300
-0.16228500 0.88398099 0.01249600
0.06046800 0.98671103 -0.13468000
-0.03586100 0.98671103 0.00225000
-0.15714200 0.98671103 0.00201600
0.02032600 0.93546402 0.16143399
-0.10519200 0.87868899 -0.12353100
0.00132800 0.86651897 -0.16262899
-0.16228500 0.86918402 0.01724000
0.05335100 0.98671103 0.15033799
0.03813000 0.98671103 -0.04240800
0.10959400 0.85640597 -0.12057600
0.06519100 0.98671103 -0.01602800
0.16343200 0.94267398 0.00140300
0.07028400 0.88831598 0.14705300
0.02476300 0.92587799 0.16070700
0.01850300 0.98323298 0.16173300
-0.11051600 0.90844202 0.11925200
0.14447400 0.85093999 -0.07512900
0.06238200 0.88853002 -0.14995700
-0.10797100 0.90691102 -0.12117000
0.07506600 0.83463699 -0.14490400
0.15583800 0.95729703 0.04686300
0.15681000 0.92816699 -0.04373300
0.04716300 0.98671103 0.06474700
0.12455700 0.91285300 -0.10477900
0.10929200 0.98671103 -0.10407500
0.14529400 0.83730000 0.07401000
0.08528100 0.89253300 -0.13843600
-0.06473700 0.95224202 0.14958100
0.06852200 0.98671103 -0.08383900
-0.10857600 0.95901197 0.12090000
-0.16101700 0.85011899 0.02354900
-0.15053400 0.95343101 -0.06103500
0.07624700 0.90483099 0.14467700
0.05264400 0.93598002 -0.15383700
0.16177800 0.87733197 -0.01636700
-0.11073300 0.98671103 -0.07750600
0.16160600 0.97753298 0.01819500
0.04376200 0.98671103 -0.11969700
0.03496300 0.98671103 0.03944100
-0.14513800 0.93759900 -0.07269800
0.08113600 0.93641299 -0.14124601
0.05472600 0.89384401 -0.15300800
0.06825400 0.98671103 -0.04166200
-0.16228500 0.89097500 0.00729000
-0.08434400 0.92248398 -0.13894200
0.09009400 0.94468802 0.13541700
0.13768899 0.89554298 0.08665100
0.14885300 0.82973200 0.06759300
-0.06760500 0.87828898 -0.14781600
0.16304800 0.90075499 0.00493100
-0.04389800 0.87918800 0.15648200
0.09253400 0.98671103 -0.10940000
-0.10523500 0.91279602 0.12373800
0.01352200 0.94369000 0.16255000
0.00191100 0.98671103 0.07153400
-0.05660600 0.98671103 -0.06767300
-0.02977300 0.86333001 0.16040500
0.11096700 0.97567201 0.11937000
-0.02193800 0.94695503 -0.16136800
-0.03541000 0.98671103 0.07738600
0.14201100 0.98671103 0.06553000
0.16185801 0.83630198 -0.01563100
0.02890700 0.96454298 0.16002800
-0.05461700 0.98671103 -0.02864200
-0.13337800 0.86756003 0.09288500
0.13199100 0.97971100 -0.09587700
-0.01194200 0.98671103 0.16023999
-0.05484700 0.98671103 0.04571200
0.05898600 0.98671103 0.08787100
-0.15764500 0.96173000 0.03886700
0.15521000 0.89590901 0.04872600
0.00779100 0.98671103 -0.02816100
0.12827700 0.86875600 -0.10085200
-0.10217000 0.94059098 -0.12609801
0.02764500 0.98671103 0.10141000
0.15772900 0.91983402 0.04125100
0.08232300 0.97624999 -0.14044200
0.12978800 0.84853899 -0.09925700
-0.06051400 0.98671103 -0.12618800
-0.01856300 0.98671103 0.10989700
0.13330100 0.98347300 -0.09369900
0.02088500 0.98671103 -0.08346400
0.06636400 0.84711599 0.14861400
0.07654200 0.98671103 -0.06122900
-0.04540100 0.84451097 0.15606500
-0.08232000 0.98671103 -0.12572300
0.00730700 0.86937302 -0.16295300
0.06163700 0.85343701 -0.15025400
-0.14535300 0.98671103 0.04567100
0.01918900 0.98671103 0.08901500
-0.09421100 0.98671103 -0.06057500
-0.12343300 0.98671103 0.00047700
-0.14733601 0.84206897 0.06819100
-0.10612000 0.98671103 -0.03361000
-0.06018100 0.86448997 -0.15171801
0.00775400 0.95842701 -0.16297700
-0.10136200 0.93150902 -0.12678400
-0.10855000 0.87527299 -0.12067800
0.00855900 0.98671103 0.07659500
-0.16228500 0.85404801 0.00847400
0.16195300 0.89140099 0.01499900
0.02113100 0.95385402 -0.16105799
0.09513400 0.98671103 0.04332300
-0.07603600 0.98671103 -0.11878100
0.11817600 0.98671103 0.07662500
-0.14307700 0.95442402 0.07739600
-0.15798400 0.98451000 -0.03708600
-0.14739899 0.84595400 0.06805500
0.02749900 0.85669899 -0.16001400
-0.05508500 0.83238697 0.15337700
0.10325700 0.93649697 -0.12624800
0.16053601 0.87311399 -0.02778900
-0.05577700 0.98671103 -0.05044100
-0.01672900 0.98671103 0.08294800
0.12683800 0.89617097 0.10261500
-0.03824200 0.84198803 0.15805300
-0.05215100 0.98671103 -0.00682600
-0.06887200 0.98671103 -0.07845100
0.13632400 0.83047402 0.08891800
0.15787300 0.86679798 0.04082400
-0.04962000 0.93741298 -0.15465000
-0.09774700 0.83731103 0.13009800
0.09971000 0.98671103 -0.01912700
0.03836600 0.98345703 -0.15823300
0.04498200 0.92374700 0.15713400
-0.04168500 0.98671103 -0.03881100
0.12674101 0.98067498 0.10271800
-0.04981200 0.98671103 -0.08807300
-0.01107600 0.98671103 0.07722000
0.11589500 0.91294301 -0.11392300
-0.15867700 0.93782300 -0.03393900
-0.03122200 0.98671103 0.15533599
-0.12932400 0.83732498 0.09821600
0.09734100 0.97532803 -0.13025901
-0.11750500 0.93885398 0.11331500
0.04774200 0.97500998 -0.15579000
-0.15761200 0.94626099 -0.03877400
-0.13158900 0.85478801 0.09523700
0.06850400 0.98671103 0.05777200
0.11782900 0.98671103 -0.02465700
-0.14894401 0.98671103 -0.01532700
0.16278100 0.88323098 -0.00714800
-0.09365700 0.98671103 -0.10403000
0.08004000 0.83415502 0.14223300
-0.16228500 0.83631003 -0.00693200
-0.11608700 0.85150498 0.11452000
-0.13733900 0.83134401 0.08767400
0.06174900 0.83356398 0.15045300
0.16009299 0.84362000 -0.03186200
-0.11016000 0.98671103 -0.09986400
-0.08437200 0.98671103 -0.12766799
-0.11722400 0.85641497 0.11355400
0.12284700 0.98671103 -0.04785800
-0.15857799 0.98671103 0.01639600
0.16255599 0.90585297 -0.00921600
-0.16034999 0.92635697 0.02658200
0.03327300 0.98671103 0.06546800
0.16153400 0.85429603 0.01885600
0.15691701 0.93348300 -0.04341500
0.09660900 0.92388999 -0.13075501
-0.14648899 0.86961401 0.07002300
-0.15338400 0.94850898 -0.05487600
-0.07436300 0.98671103 -0.01788300
0.02086300 0.92438900 0.16134600
-0.16132601 0.97025102 0.02214400
-0.15723400 0.96892899 0.04073700
-0.03969400 0.92551398 0.15764999
0.13465901 0.94924402 0.09168700
0.14241600 0.98671103 0.01416200
0.14327200 0.91057700 -0.07712700
-0.05164900 0.98671103 -0.01610300
0.14530200 0.98671103 -0.03276600
-0.00341200 0.98671103 -0.05061100
0.10022600 0.92426902 -0.12830301
-0.11508300 0.95904499 -0.11512900
0.15614100 0.87219000 0.04596200
0.11730600 0.98671103 -0.02800500
0.13808601 0.88111198 0.08599000
-0.06805600 0.98671103 -0.13395500
0.14838199 0.86104602 -0.06863500
0.14743900 0.98671103 0.04370600
0.03877800 0.98671103 -0.15526000
0.13990700 0.84198099 0.08296500
-0.15801699 0.93898100 0.03718100
0.11823300 0.90590000 -0.11145500
0.03030900 0.91389602 -0.15955400
0.16101199 0.90039700 -0.02341200
0.07360900 0.93761897 -0.14548400
0.13663800 0.83870000 0.08839700
-0.06408000 0.98671103 0.00109100
-0.05737900 0.98671103 -0.13202800
0.15581100 0.93642497 -0.04670000
-0.02231100 0.83549702 0.16159099
-0.04022600 0.88975000 0.15750200
-0.15800700 0.84170502 0.03722400
0.12458600 0.83587497 0.10499300
-0.16228500 0.90117800 -0.00415000
-0.00039100 0.98671103 -0.09200300
0.06453200 0.90117902 0.14934400
0.09920200 0.96020001 -0.12899700
0.02772700 0.97717899 0.16022100
0.12081400 0.96160698 -0.10873100
-0.14111200 0.95029497 -0.08140000
0.00872100 0.87051398 -0.16303000
-0.00174200 0.87781501 -0.16246200
-0.01060500 0.88023603 0.16222601
0.16208300 0.95066100 -0.01355800
-0.15079200 0.88936502 0.06072200
-0.07396600 0.98671103 0.09514300
0.08738900 0.98671103 -0.10236900
0.16156700 0.96993399 -0.01830800
-0.16228500 0.85822499 0.01582000
0.02864400 0.89365298 -0.15982699
-0.13119800 0.98671103 0.08334800
-0.01571700 0.98671103 0.14596100
0.13882899 0.84218901 -0.08451100
0.02411600 0.98671103 0.13380800
-0.12093100 0.88017499 -0.10901400
0.08297200 0.98671103 0.02054600
0.16063300 0.95229203 -0.02689500
-0.05871900 0.90193498 -0.15212400
0.03732300 0.97884500 -0.15840399
-0.05075500 0.98671103 -0.15430300
-0.04709100 0.98671103 0.10681100
-0.11179200 0.98671103 0.00463500
0.11846400 0.82799298 -0.11121200
0.06792900 0.88995999 0.14799100
0.15074199 0.95052201 0.06198700
-0.08592000 0.94691998 -0.13810700
-0.01728400 0.98671103 -0.07591700
0.09184200 0.98671103 0.01366000
-0.15851299 0.84020698 0.03492500
-0.04459800 0.98671103 0.03265100
0.07476700 0.91455698 -0.14502300
0.11228400 0.88407701 0.11797900
0.04793100 0.98671103 0.05328700
0.12869801 0.89688897 -0.10040700
0.00445700 0.93195897 -0.16279900
0.15375900 0.98671103 -0.01463100
0.16303299 0.83634102 0.00507400
-0.08426000 0.98671103 -0.13131800
-0.15962400 0.88393199 -0.02963600
0.01708700 0.98671103 -0.14963800
-0.00386200 0.92282099 0.16259100
0.00861700 0.98671103 0.10354200
0.12130300 0.89610499 0.10845800
-0.15576801 0.97709697 0.04739500
0.03332000 0.86953998 0.15930399
-0.16045401 0.97894800 -0.02586300
0.16035900 0.85810900 0.02965600
-0.15856400 0.96651298 0.03469200
-0.02730000 0.98671103 -0.00202900
-0.04037000 0.98671103 0.04094000
-0.03308600 0.85080099 -0.15924101
0.07996600 0.88290697 -0.14203900
0.08712700 0.92783302 -0.13718399
-0.05110300 0.98671103 0.14826800
0.08933300 0.98411000 -0.13568901
0.16318899 0.93576699 0.00364000
0.15752900 0.91410702 0.04184400
-0.09949600 0.98671103 -0.06013100
-0.00755000 0.98671103 0.13110401
-0.04514800 0.97262800 -0.15589200
0.15166000 0.91083598 0.05926200
-0.12811300 0.93405098 -0.09956600
-0.06244400 0.87832701 -0.15055300
0.00173900 0.91498500 0.16289499
0.09963100 0.98671103 0.00204400
0.10994600 0.89394599 -0.12020400
0.13917901 0.98671103 -0.06069300
-0.00705900 0.98671103 0.06252900
-0.09123900 0.98671103 -0.04853200
-0.15585101 0.90243101 0.04701800
0.02460800 0.98671103 0.03096900
0.13112700 0.93818903 -0.09731300
0.13202800 0.85353398 0.09605800
-0.01398800 0.95459700 0.16204201
0.12945400 0.96016800 -0.09961000
0.00061500 0.98671103 -0.09988600
-0.12811400 0.96343601 0.09980900
-0.00189700 0.98671103 -0.09689200
-0.02318700 0.92874098 0.16154400
0.00178000 0.98671103 0.00940900
0.15469000 0.90329802 0.05026900
0.16240400 0.98247999 0.01085000
-0.05467500 0.82955903 0.15349001
0.13873900 0.88312501 0.08490600
0.11102900 0.98671103 -0.06067900
0.05565600 0.98671103 -0.11661800
0.12655500 0.98671103 -0.04544100
-0.03952700 0.97956598 -0.15745200
0.15088999 0.89104998 0.06154800
-0.01695300 0.96256202 0.16188200
0.12428900 0.88707900 0.10530600
-0.15824100 0.92737401 -0.03591700
-0.09000300 0.93671602 -0.13594200
0.10978100 0.98671103 -0.00839700
-0.05013000 0.92147702 -0.15450799
0.15850700 0.94610298 0.03894100
-0.15154500 0.84141600 0.05909300
0.11742700 0.95854902 -0.11230600
-0.07034800 0.98671103 0.12134900
-0.01152700 0.98671103 0.03412400
0.11986200 0.89274102 -0.10973500
0.10947200 0.98671103 -0.06421700
-0.07222400 0.92088997 -0.14536799
-0.15892600 0.90266699 0.03305100
-0.12699801 0.85890597 -0.10103300
-0.14141300 0.90558600 -0.08075100
0.10823800 0.83948600 -0.12200700
0.09590300 0.90347397 -0.13123401
-0.15965500 0.84166300 0.02973600
0.13425399 0.89606202 -0.09211600
0.08852400 0.98671103 -0.11126100
-0.02808400 0.98671103 0.11193400
0.04469400 0.98671103 -0.02307400
-0.01037300 0.98671103 -0.00012300
0.06640200 0.95418400 0.14859900
0.14580600 0.94355601 0.07316000
-0.11369700 0.98671103 -0.06122300
-0.04288400 0.98671103 0.10542200
-0.15124400 0.93479401 0.05974500
-0.10733900 0.90371299 0.12195000
-0.08995200 0.83891201 0.13621300
0.09006700 0.87487000 -0.13519099
0.11788300 0.94086701 -0.11182500
0.11538100 0.90843898 0.11471000
-0.04421000 0.98671103 -0.02525400
-0.08565900 0.90823197 0.13848899
0.02074100 0.98671103 -0.14933901
-0.13203900 0.92812198 -0.09440200
-0.13406999 0.98671103 -0.03379000
-0.10832300 0.98671103 0.05744300
0.12114300 0.98671103 0.02452900
-0.04152700 0.98671103 -0.13966601
-0.01489100 0.98671103 0.14981000
-0.05655600 0.98671103 -0.14289600
-0.15638100 0.87947297 -0.04436600
-0.15667000 0.90350598 -0.04305500
0.11365100 0.96921402 -0.11629300
-0.07186900 0.98671103 0.12514500
0.15129100 0.84349698 -0.06011300
0.15041099 0.95392603 -0.06272600
-0.03090600 0.94817102 0.16009000
0.06565600 0.94102502 -0.14865300
0.03641300 0.97879499 -0.15855300
0.11488800 0.98671103 -0.07137400
-0.01863200 0.83903801 -0.16154701
-0.03848400 0.84225100 -0.15774199
0.01022300 0.98671103 0.06370000
0.07964900 0.84697199 0.14249800
-0.13915800 0.98671103 -0.07985400
0.11576700 0.86024398 -0.11405900
0.12109900 0.98671103 -0.09103200
0.15322299 0.95685101 0.05462400
0.10560000 0.95855600 -0.12465900
0.10570500 0.87371999 0.12483200
0.16065800 0.93364602 0.02691000
-0.12150300 0.94189399 0.10850500
-0.01378300 0.96309698 -0.16181000
0.10095700 0.85315400 0.12805100
-0.02502500 0.93729299 -0.16120000
0.12996501 0.84152400 -0.09907000
0.08022300 0.98671103 0.02269400
0.09145200 0.98671103 -0.05647500
0.08682400 0.98671103 -0.09173800
0.15751100 0.85327601 0.04189700
-0.01978300 0.93659902 -0.16148400
-0.08072500 0.98671103 -0.08031500
-0.10923000 0.95567399 0.12034400
0.15999900 0.84776598 -0.03272100
-0.04860300 0.91751099 -0.15493201
0.01093100 0.98671103 -0.13798900
-0.09550600 0.97985798 -0.13175800
-0.01105400 0.83929098 -0.16195799
0.14528400 0.98671103 -0.00819600
0.12502199 0.83220297 0.10453200
-0.16107500 0.86544102 0.02328800
0.10099600 0.97052401 0.12802500
0.14604700 0.86254698 0.07276000
0.07210300 0.85974902 -0.14608400
-0.10708400 0.98671103 -0.09094800
0.16097100 0.85522997 -0.02378600
0.08580000 0.98671103 0.01033200
0.07028900 0.98298401 0.14704999
-0.13112199 0.91828102 -0.09560800
0.16311800 0.89129603 -0.00404600
-0.15789001 0.97846001 0.03775400
0.08267900 0.98671103 0.09041100
-0.15237500 0.87931299 0.05730000
-0.03949500 0.84611797 0.15770499
0.13333400 0.89693898 -0.09364400
-0.11826600 0.87190998 0.11266900
0.05750300 0.98671103 0.02160100
0.15241900 0.83017403 -0.05676500
-0.01197100 0.98671103 -0.09398300
-0.16228500 0.92732298 0.00878200
0.01012800 0.85932302 -0.16286200
0.04890200 0.98671103 0.12961300
-0.06790600 0.98671103 0.07570400
-0.12673201 0.83925700 0.10162700
0.06011600 0.89852202 -0.15086000
-0.13356499 0.92828399 -0.09239400
0.06968000 0.98671103 0.12669601
-0.08984100 0.98007500 -0.13602801
0.05487400 0.98671103 -0.11977100
-0.05998100 0.98671103 -0.00410100
0.14052500 0.95690298 -0.08169300
0.09540100 0.98671103 0.12182500
-0.12661099 0.94198298 -0.10154200
0.08229200 0.92578697 -0.14046200
-0.10997400 0.98671103 0.02737200
-0.12594700 0.89833099 0.10265900
0.16226900 0.91608399 0.01209500
0.16216400 0.84640503 -0.01281800
0.12132500 0.84562099 -0.10819200
0.15239701 0.98671103 -0.05295700
0.10070400 0.90455103 -0.12797900
0.08632500 0.90142202 0.13797200
-0.06467300 0.98671103 0.07749000
-0.15809099 0.98671103 -0.03084700
0.14070500 0.97759402 0.08163800
0.00242500 0.98671103 -0.07423100
0.09286900 0.87367302 0.13353500
0.12435500 0.98671103 0.00870100
-0.16036201 0.84692299 -0.02628100
0.15007000 0.86357200 -0.06373700
0.05569600 0.93270200 0.15286499
-0.02922800 0.86883801 -0.16031200
-0.11444000 0.98671103 -0.06579800
0.06670100 0.92104697 0.14848000
0.13515200 0.98671103 -0.03693100
0.09113500 0.98671103 -0.12797800
-0.15428101 0.89649898 -0.05293600
0.13408899 0.93970001 -0.09239100
0.02586700 0.98671103 0.01139100
-0.01447300 0.83986700 -0.16177200
0.02416100 0.98671103 -0.03231200
-0.10350800 0.95725602 0.12520500
0.16012000 0.94142902 0.03185900
-0.09076400 0.98671103 -0.01128500
-0.13313100 0.85161698 -0.09296500
0.16331699 0.90647900 0.00246300
0.02839800 0.98671103 -0.12638800
-0.11274100 0.83273500 -0.11711800
-0.07729800 0.98671103 -0.09891200
0.07291300 0.98671103 -0.11312900
0.15248001 0.86220902 0.05683000
0.01973900 0.89374799 0.16153100
0.13383400 0.89563298 0.09305800
-0.11788800 0.98671103 0.07735400
-0.08400900 0.94313800 -0.13912000
0.07793600 0.83377200 -0.14341600
-0.07983300 0.98671103 0.05347400
-0.13691200 0.94478500 -0.08799100
0.14921901 0.96287400 -0.06626300
0.05927900 0.86162198 -0.15119299
0.13606501 0.89338499 0.08934900
-0.04190600 0.83653402 -0.15679200
-0.11824400 0.86107302 -0.11244400
-0.13522699 0.98671103 -0.07218500
0.03024500 0.91799003 0.15980799
0.14853901 0.91091299 0.06852600
0.03680300 0.98671103 -0.09956600
-0.11546600 0.94628602 0.11504700
-0.15961200 0.83814901 0.02993200
-0.12443600 0.90678298 -0.10440300
0.07534600 0.98671103 0.05506300
0.06881900 0.89789999 -0.14739300
-0.16228500 0.96779400 -0.01254600
0.09884400 0.95287699 -0.12924001
0.16086701 0.95509702 0.02498900
-0.01248600 0.89946800 -0.16188000
0.16193600 0.85811102 0.01516200
-0.08984000 0.94230199 0.13627200
0.08892600 0.89695501 0.13620900
0.09214800 0.92971301 -0.13378000
0.01986400 0.98671103 -0.02016000
-0.13188900 0.97977698 -0.09459800
0.11887200 0.94612402 -0.11078100
0.15571800 0.91422403 0.04722000
0.13143200 0.96023202 -0.09680600
0.15903200 0.87518501 -0.03713900
0.11747800 0.85989797 0.11249700
-0.12874199 0.93750900 0.09898200
-0.15058100 0.89779001 0.06117800
0.02187800 0.98671103 -0.09913900
0.14087200 0.93944198 -0.08111700
-0.02325500 0.90144199 -0.16129600
0.01610600 0.90142602 0.16212600
0.16258900 0.90462202 0.00915400
0.01990000 0.86634099 0.16150400
-0.03238800 0.89542800 -0.15943500
-0.04887300 0.89013201 -0.15485799
0.10770400 0.83492798 -0.12257100
0.12669700 0.84471202 -0.10252000
0.07197600 0.98671103 0.03336900
-0.10577500 0.84301603 -0.12303500
-0.10596400 0.98301297 0.12311800
-0.00130900 0.98671103 0.02022500
0.08219800 0.87635398 0.14077000
0.15929700 0.89318401 0.03659700
0.15098000 0.88764101 0.06128100
0.12070200 0.86221099 0.10909300
-0.16228500 0.94013500 -0.01482000
0.16256900 0.92170602 0.00933700
0.12067800 0.93535399 -0.10887400
-0.03722400 0.98671103 0.15729800
-0.08445700 0.98671103 0.13730000
-0.04269500 0.98671103 -0.05382900
-0.03469300 0.95939302 -0.15879500
0.06480600 0.96338898 0.14923500
-0.15993600 0.88201302 0.02846200
-0.02985900 0.85461599 0.16038100
0.15129501 0.85307401 -0.06010300
-0.03090600 0.92002499 -0.15984599
-0.08064500 0.98671103 0.07277800
-0.13585100 0.98671103 -0.03164500
-0.07716200 0.98671103 -0.05983700
0.04997700 0.82857001 0.15514401
0.05144100 0.94218999 -0.15431599
-0.02455900 0.98671103 -0.04227100
-0.15075700 0.92432398 -0.06055300
0.11825900 0.91989201 0.11167200
-0.07650800 0.86714798 0.14334001
0.14873400 0.93902999 -0.06770200
-0.14333700 0.94633299 0.07683500
-0.13608600 0.98671103 -0.03016900
-0.15026300 0.84224200 0.06186600
0.06269600 0.83833897 0.15007600
-0.10162800 0.84647000 -0.12655801
-0.02434700 0.98671103 0.11050100
0.08560600 0.98671103 0.08963700
0.01380000 0.98306698 0.16250400
0.14620700 0.98671103 0.06605900
-0.11161300 0.88664103 0.11832000
0.12251300 0.98671103 -0.09023100
0.04157100 0.98234701 0.15795100
-0.02376000 0.86530799 -0.16126899
0.06681000 0.98671103 0.13158400
-0.03519100 0.98671103 0.04804600
-0.08413400 0.98671103 -0.13636699
0.04415200 0.98671103 0.15637399
-0.15884800 0.97974598 0.03340200
-0.15538201 0.88295197 -0.04890800
-0.10490900 0.89141500 0.12401500
0.15949900 0.92974800 0.03599700
0.04246700 0.98671103 -0.05238200
0.10652200 0.90169102 -0.12381800
-0.14800000 0.88370401 0.06675500
-0.13701800 0.96333802 -0.08785100
0.06761500 0.93969202 -0.14787200
0.16175200 0.96876901 0.01685100
-0.07095200 0.98671103 0.03157700
0.11267700 0.98671103 -0.08300900
-0.16059101 0.90159601 0.02548600
0.15511601 0.96702802 0.04900500
0.01751100 0.89470398 0.16189601
0.05231000 0.98671103 -0.05615100
0.06757800 0.92329901 -0.14788701
-0.02258200 0.91437298 0.16157600
-0.13350600 0.84306902 0.09271600
0.16124800 0.91048300 0.02148200
