-0.07225200 0.55771798 0.18234900
-0.25377500 0.70855302 -0.03124700
0.16756700 0.60288501 0.19266200
0.18149000 0.79313302 -0.16923399
0.16617499 0.55771798 0.08162100
-0.05911000 0.55771798 0.20500000
-0.22933801 0.55771798 0.02156200
-0.07718400 0.68099898 0.24206300
-0.22303499 0.65885597 -0.12618400
0.02102700 0.79313302 -0.03040800
-0.17291600 0.79313302 0.03721300
0.18314700 0.79313302 0.04486300
-0.11162700 0.62585098 0.22822300
0.22731499 0.59568399 0.11800200
-0.14683300 0.79313302 -0.18672200
-0.08235800 0.64058000 -0.24466400
-0.03192900 0.79313302 0.25091201
0.08554400 0.75173301 -0.24403800
-0.12739199 0.78469902 -0.22385900
0.01131000 0.79313302 0.14458799
-0.13650100 0.68511999 -0.21825001
0.21899500 0.63085502 0.13193700
0.02266100 0.55771798 -0.24795100
0.20086899 0.79313302 -0.11065400
0.02838500 0.59951401 -0.25680000
-0.07474100 0.55771798 0.20625900
0.05635700 0.55771798 0.20390800
0.06893000 0.55771798 0.24423200
0.21172801 0.55771798 -0.01008900
0.24260899 0.78548503 -0.08884900
0.04349700 0.55771798 -0.23166201
0.10773500 0.64122599 -0.23504800
0.02791400 0.79313302 0.15636800
-0.16071901 0.57205498 -0.20098500
-0.08089400 0.79313302 0.13457499
0.14780600 0.61126500 0.20727700
0.15444800 0.79313302 0.07133800
-0.16413601 0.55774897 0.19329800
-0.21640199 0.58951902 -0.13805699
0.03723700 0.79313302 -0.17319100
0.02056100 0.55771798 -0.23193499
0.23583999 0.74247599 0.09914300
0.04619600 0.79313302 0.23206000
0.00158400 0.79313302 -0.22274099
-0.22938500 0.61530399 -0.11481700
0.10281700 0.74133903 0.23284701
0.02686300 0.57906300 0.25231501
0.16503100 0.63186198 -0.19921800
0.22090700 0.68313098 -0.13378800
0.14395200 0.79313302 0.12303500
0.10105200 0.55771798 0.19936800
0.08726600 0.79313302 -0.21251300
-0.12001700 0.57877600 0.22372000
0.15192001 0.64997602 0.20423500
-0.09331600 0.64596403 0.23558100
0.04760200 0.62959200 -0.25433901
-0.06435000 0.79313302 -0.05106800
0.01184500 0.79313302 -0.12992799
0.09550200 0.79313302 0.00106400
-0.00923300 0.79313302 0.18839499
-0.16570900 0.76029497 -0.19659300
0.18739399 0.55771798 0.09609900
-0.11814600 0.61692798 0.22487199
-0.03028200 0.55771798 -0.23778300
0.08467000 0.74487400 -0.24430500
-0.25231799 0.63612300 -0.03974300
0.19617200 0.62083298 -0.16840699
0.25431901 0.57640803 0.03750100
0.15983500 0.79313302 -0.11988700
0.22839700 0.79313302 -0.11991900
-0.06821400 0.59107602 0.24453200
-0.16686000 0.64202797 -0.19558001
0.20459500 0.65038103 -0.15792300
0.06135700 0.60231698 0.24676500
-0.04632800 0.78081298 -0.25392899
0.06183200 0.79313302 -0.24670100
0.11925000 0.79313302 -0.06292400
0.01169700 0.79313302 0.23084199
0.03963400 0.64424598 0.25067899
0.03205200 0.67404199 0.25165001
-0.20985800 0.55771798 0.09864400
-0.21649900 0.62093699 -0.13788401
-0.14768100 0.79313302 -0.07823100
0.02302400 0.60519499 0.25280601
-0.05408900 0.79313302 0.08848300
-0.20281400 0.61373103 0.15270001
-0.25378701 0.63962001 -0.03117800
-0.25468299 0.70334399 -0.02595500
-0.23721901 0.65946603 0.09185500
-0.22668700 0.56922501 0.11496600
0.01167000 0.57134598 0.25423899
0.20194200 0.55771798 -0.14458300
-0.21939801 0.55915803 -0.13269401
0.09965700 0.79313302 -0.17003700
0.14356799 0.79313302 0.14308800
0.04266700 0.79313302 0.13472700
-0.23761500 0.55771798 -0.01305300
0.25750500 0.67574501 0.00006100
0.07647100 0.68129700 0.24213600
-0.19727200 0.73553503 0.15956300
-0.23328200 0.78771299 -0.10767600
-0.00974400 0.66619599 0.25332999
0.24090500 0.55771798 0.08762600
-0.12128500 0.79313302 0.14251700
0.16926600 0.79313302 -0.08590400
0.01940300 0.58436298 -0.25795001
-0.08190000 0.57284898 0.24016801
0.14329100 0.55771798 0.15399601
0.18187200 0.55212700 0.01393600
0.05938300 0.73526597 -0.25204900
-0.16964400 0.57200801 -0.19313000
0.18924899 0.58585101 0.17095099
0.25337800 0.72344297 -0.04819200
0.18030500 0.79313302 0.16597900
-0.16994400 0.68649203 -0.19286700
-0.18541899 0.78277999 0.17424200
0.18788500 0.75506800 -0.17705400
0.13558400 0.79313302 -0.14179599
0.05140400 0.62119901 -0.25385201
-0.25499699 0.63673198 0.00826800
0.05342900 0.71442699 0.24891300
-0.24537200 0.79313302 0.05999400
0.08250900 0.79313302 0.13109100
-0.12788400 0.55771798 0.17871700
0.19055100 0.79313302 -0.16622500
0.03036000 0.79313302 0.09585500
-0.22932300 0.60629600 -0.11492700
-0.21661200 0.55771798 -0.01269400
0.21510001 0.55771798 -0.02067800
-0.03855300 0.79313302 -0.09747000
0.01702000 0.79313302 -0.04768800
-0.22704600 0.55771798 -0.05915400
0.20749301 0.79313302 0.08276800
0.12952800 0.59161198 -0.22406000
-0.03067300 0.74024099 0.25244099
0.19750001 0.56396002 -0.16702200
0.04950700 0.76050502 0.24941500
0.23540200 0.75189000 -0.10479200
-0.01430600 0.79313302 -0.22675900
0.23506600 0.67719400 -0.10553500
0.19237401 0.79313302 0.00647900
0.04594500 0.70568401 0.24987100
-0.23487200 0.55771798 -0.04697700
-0.05135200 0.79313302 0.13154700
0.16740000 0.78643000 0.19278599
0.08079800 0.63038099 -0.24549100
-0.21551000 0.75324500 -0.13965499
0.19752900 0.79313302 -0.14488199
-0.11189900 0.57024997 -0.23279400
0.24359800 0.55771798 0.03122400
0.03020100 0.62864900 0.25188699
-0.21725000 0.55771798 -0.07442300
-0.25300500 0.68633598 -0.03573700
0.01826800 0.79313302 -0.00607600
0.08478800 0.79313302 0.09895600
-0.14875899 0.67757797 -0.21070300
-0.22686200 0.61694902 0.11465300
0.22262000 0.75528598 0.12657300
0.19683000 0.64009100 0.16304100
0.15490800 0.79313302 -0.05075300
0.12492400 0.73188198 -0.22638100
-0.24920800 0.75909299 -0.05787900
0.06301800 0.66778702 0.24625599
0.24830601 0.56706703 0.06299100
0.24449299 0.76660401 -0.08231300
-0.21564500 0.78377599 -0.13941200
0.25723001 0.76761901 -0.00797300
-0.24143600 0.72655898 -0.08460000
-0.02054800 0.77167600 -0.25755101
-0.22857200 0.57327002 -0.11627200
0.03022500 0.57373703 0.25188401
-0.01512700 0.76970398 0.25310099
0.05102700 0.79313302 0.00428700
0.21765999 0.56884003 -0.13859300
-0.13090000 0.60594797 0.21701901
0.20957799 0.59193701 -0.15055101
-0.20706300 0.55771798 -0.05688100
0.09793900 0.79313302 0.19873901
0.17871299 0.79313302 -0.10909400
-0.15970100 0.79313302 -0.15891001
-0.07102100 0.66587698 0.24392700
0.20259599 0.79313302 0.15293901
0.07813100 0.55771798 0.22959100
-0.24745700 0.79313302 -0.02933900
0.00747900 0.71671802 0.25406101
0.08222600 0.64094901 -0.24505401
-0.11327700 0.79313302 -0.16811500
-0.21658400 0.74301600 0.13305099
0.21717100 0.75836998 -0.13931599
0.21238799 0.67900598 0.14171299
0.12346900 0.79313302 0.18283300
-0.04696800 0.79313302 -0.23710400
-0.14878900 0.66148198 -0.21068400
-0.24457200 0.58906603 -0.07572300
-0.13603000 0.63822299 -0.21854000
0.01239000 0.79313302 -0.09836200
0.21446000 0.78456700 0.13864601
-0.22750001 0.58544099 -0.11819100
0.11727100 0.72514802 -0.23024000
-0.25016701 0.56594598 -0.05229100
-0.08163200 0.72832400 0.24027599
0.15645000 0.59367400 0.20088500
-0.08474300 0.79313302 -0.02165200
0.20203499 0.55771798 -0.10728400
0.16026500 0.61705399 -0.20274299
0.23234400 0.56531101 0.10687600
-0.03333300 0.55678499 0.17574400
-0.19544300 0.55771798 -0.14247200
-0.23068500 0.70348400 -0.11249100
0.14659500 0.55771798 -0.21252900
-0.14450100 0.55771798 0.15309399
0.17682600 0.79313302 0.09875000
-0.25459200 0.75692397 0.02180000
0.03529700 0.68458998 -0.25591499
-0.04044200 0.55771798 0.21248500
-0.22629599 0.79313302 -0.11345600
-0.04802800 0.79313302 0.14089601
0.15649600 0.79313302 -0.02931300
-0.24787900 0.60585499 -0.06563300
0.24558701 0.69356298 -0.07811100
-0.14361800 0.73716003 0.20918800
-0.23701100 0.79313302 -0.00610900
0.01412900 0.65270197 -0.25862601
-0.12073700 0.79313302 0.01254200
0.07131000 0.55771798 0.17901000
0.06408300 0.67999899 0.24593000
0.02651700 0.55771798 -0.18874300
-0.02909300 0.79313302 -0.13252100
0.01795300 0.64564902 0.25345600
0.17915399 0.61561900 0.18148300
-0.21170899 0.55771798 0.03808500
-0.25266901 0.55771798 0.01991900
0.15280700 0.66283798 -0.20825900
-0.24320400 0.75694299 0.07491500
-0.03389400 0.79313302 0.13007499
-0.08540800 0.55771798 0.17861301
0.14146701 0.79313302 0.17724200
-0.24895200 0.69576001 0.05469500
0.22767501 0.73055100 -0.12188700
0.24649800 0.58914798 0.06993400
-0.22229300 0.79313302 -0.09022600
-0.22314100 0.56267399 0.12131400
-0.25288299 0.60282999 0.03177200
0.02321100 0.75750399 0.25278199
0.00535000 0.79313302 -0.10652700
0.14236100 0.55771798 0.11427200
-0.06533600 0.79113799 -0.24983300
0.08042900 0.76343697 0.24092400
0.09985700 0.55771798 0.16538900
-0.07841700 0.79313302 -0.19596000
0.24910399 0.73653001 0.05992700
-0.04397800 0.55771798 -0.24410200
0.23531300 0.77759498 0.10031000
0.04406000 0.55771798 -0.24398300
-0.02478700 0.68154001 0.25269100
0.04665300 0.79313302 0.04693500
0.16223000 0.75897700 -0.20129000
-0.19817300 0.72245902 -0.16312800
-0.18614499 0.75198799 0.17334300
-0.24582000 0.60897201 -0.07219200
0.15909600 0.79313302 -0.10329700
0.07651000 0.79313302 0.07441900
-0.14374900 0.68815303 -0.21378700
-0.24417600 0.75180298 0.07216500
0.04419200 0.62728900 -0.25477600
0.05327900 0.79313302 0.15199800
-0.02491000 0.73699898 0.25268501
0.20696799 0.55771798 -0.00054400
-0.11461100 0.55771798 0.22180299
-0.01538300 0.79313302 0.22560400
0.02750400 0.79313302 0.20660099
0.11190700 0.79313302 0.20898700
-0.14435001 0.79313302 0.04023200
-0.10092200 0.79313302 0.07678000
-0.06782900 0.55771798 0.18435401
-0.19714300 0.62344998 -0.16440400
0.03041100 0.59427100 0.25185999
0.21790101 0.57568502 0.13355599
-0.02038200 0.79313302 0.05396400
-0.12961100 0.69025499 -0.22249299
0.03433700 0.55771798 -0.18292201
-0.12885800 0.79313302 0.11868500
-0.09699100 0.57568401 0.23410399
0.15479200 0.74881202 -0.20679100
-0.24576500 0.74434102 -0.07234700
-0.19347800 0.73290098 -0.16894200
0.22055399 0.79313302 -0.11791800
0.06780800 0.62079000 0.24478900
0.16192199 0.55771798 -0.19565600
0.25199300 0.57219702 -0.05350900
0.02813300 0.61910999 -0.25683200
0.09569200 0.77331698 -0.24093001
0.13790700 0.55771798 0.19621900
-0.09786200 0.64472300 0.23375399
0.06715500 0.79313302 0.18337400
0.09266900 0.79313302 -0.05042700
-0.07054300 0.55771798 -0.23728000
0.03922000 0.79313302 0.01349000
-0.02693200 0.55771798 0.24080700
0.14438000 0.70780402 0.20981100
-0.24825400 0.76180202 -0.06344400
0.15523100 0.59310001 0.20178600
-0.25206900 0.79283798 -0.04119900
-0.19006801 0.67302698 -0.17316601
0.04474600 0.55771798 0.20851500
-0.23741500 0.62971097 -0.09598000
-0.04849300 0.79313302 -0.12754600
-0.23467200 0.74211699 -0.10374300
-0.15260001 0.63761401 0.20344999
0.23375100 0.68532401 -0.10844400
0.03706300 0.79313302 -0.20787200
-0.24514499 0.69971299 -0.07410100
-0.21722201 0.78991801 0.13190900
-0.00821100 0.56158298 0.25339499
-0.25499699 0.75013202 -0.02154300
-0.03476100 0.79313302 0.03697900
0.12748000 0.56681001 -0.22509199
-0.21565600 0.55771798 -0.09366600
0.21263500 0.79313302 0.03567600
-0.21935700 0.79313302 -0.05197600
0.19026799 0.62633801 0.16988701
0.14016201 0.55771798 0.11989800
-0.02835100 0.79313302 0.06509900
0.12476700 0.79313302 0.16476300
-0.19969299 0.75634301 -0.16124500
-0.01636200 0.76203102 0.25304800
-0.14910200 0.79313302 0.05996900
0.03480400 0.79313302 0.23751900
0.07515500 0.74563199 0.24253900
-0.04017500 0.79313302 0.01797200
0.18061601 0.57190502 0.17995800
-0.09467700 0.79313302 -0.04894700
0.00378400 0.79313302 0.19919799
-0.04750400 0.73504299 -0.25367600
-0.07954100 0.79313302 0.02137300
0.23916499 0.64794999 0.09178700
-0.03359200 0.79313302 -0.20793600
0.16030900 0.64482099 0.19802999
-0.25499699 0.70043200 0.01901900
0.24560501 0.63961202 0.07336500
-0.16908599 0.79313302 0.04993100
0.00565300 0.79313302 0.17701000
-0.23964199 0.77669400 -0.08967700
0.15545499 0.62617099 -0.20630001
-0.14343700 0.79313302 0.05726400
0.15421700 0.71498698 0.20253500
0.10832200 0.55771798 -0.18321800
0.00712900 0.79313302 -0.16422001
-0.04705200 0.55771798 -0.25091600
-0.13902500 0.57989699 0.21201600
0.14255200 0.79313302 -0.16787200
0.03638900 0.63361001 -0.25577500
0.18514299 0.55771798 -0.13048901
-0.15011200 0.64550799 0.20518900
0.07238400 0.79313302 -0.22000401
-0.13305600 0.79313302 0.03962500
0.13831200 0.61312997 0.21429899
-0.05590300 0.79313302 -0.22406200
0.18568000 0.79313302 0.04431000
0.03292800 0.67804098 0.25153801
0.11896200 0.79313302 -0.20620400
-0.11794900 0.55771798 -0.14367799
-0.14552200 0.79313302 0.07322300
-0.24268299 0.75562400 0.07639000
0.17681099 0.70419598 0.18392800
0.20820500 0.58153403 0.14790200
0.03170800 0.79313302 -0.10618100
-0.16166100 0.79313302 -0.19058999
-0.23084100 0.62847298 0.10753000
-0.00933700 0.63331401 -0.25802699
0.01330800 0.61180502 -0.25873101
-0.22800200 0.55771798 0.03690800
0.21076800 0.71233302 0.14410900
0.00440300 0.79313302 0.12329700
0.16715500 0.79313302 -0.18331601
-0.07750900 0.79313302 0.13268200
0.11326600 0.79313302 0.22297201
-0.09556900 0.79313302 0.20875899
-0.01646700 0.73147702 0.25304401
-0.05722900 0.79313302 0.00870600
-0.24968401 0.74852598 0.05042700
0.08110900 0.79313302 0.02857400
-0.18436700 0.79313302 -0.07402300
0.04077000 0.79313302 0.11736400
0.06290800 0.62195599 0.24629000
0.24260201 0.55771798 -0.00799400
-0.16837600 0.55771798 -0.19120000
-0.02572700 0.69263399 0.25265101
0.09138200 0.69448000 0.23757000
-0.09164200 0.55771798 0.22834000
0.25425199 0.63394302 0.03828500
0.25194901 0.72379798 0.04900000
-0.15506800 0.55771798 0.12021300
-0.18769100 0.55771798 -0.13674501
0.01844400 0.75531697 -0.25807300
-0.19998699 0.61785102 -0.16088100
0.09269200 0.79313302 -0.16348700
-0.13267100 0.79313302 0.06326900
-0.05302200 0.55771798 -0.21992999
0.13615701 0.79313302 0.00258100
-0.22699800 0.62765300 0.11440900
0.24543500 0.77320600 0.07401600
-0.11892000 0.79313302 -0.06469000
0.10292500 0.79313302 -0.14768501
0.15193300 0.79313302 0.16469000
-0.17703000 0.55771798 0.13267200
0.09021200 0.79313302 0.20880701
0.14004400 0.59272403 -0.21769799
0.11317400 0.79313302 0.18030100
-0.07260400 0.79313302 0.04327600
0.25637701 0.57462901 0.01332200
-0.16516100 0.75488198 -0.19707599
0.24711700 0.70407802 0.06755800
-0.09763500 0.79313302 -0.18926200
0.23034400 0.79313302 -0.10488000
-0.02850900 0.56820899 0.25253201
-0.12896501 0.79313302 -0.08464700
0.24517401 0.71189803 0.07501900
0.03300900 0.55771798 0.24205001
-0.03332700 0.68498099 -0.25673100
0.25584900 0.56471097 0.01952000
-0.12467400 0.62766701 0.22085200
-0.06191500 0.79313302 -0.02006500
0.21635500 0.79313302 0.01520800
0.11509400 0.72421098 -0.23133700
0.25554100 0.63956201 0.02314600
-0.20792800 0.77920598 -0.15104599
-0.19606499 0.55771798 -0.00552200
0.19286400 0.76788098 -0.17185900
0.20695300 0.69993198 -0.15443300
0.11927100 0.76352203 0.22455101
-0.05045200 0.65476203 -0.25303999
-0.03006000 0.79313302 0.18160500
0.21970400 0.55771798 0.08387800
-0.14792100 0.72849298 -0.21121900
-0.01073100 0.79313302 -0.15911201
-0.14085400 0.55771798 -0.17667800
-0.19655500 0.55771798 -0.09074300
0.12392000 0.74860400 -0.22688700
0.22415200 0.74247599 -0.12898700
-0.22519299 0.55771798 -0.06084300
0.14157900 0.79313302 0.07242300
0.00200600 0.79313302 -0.07367200
-0.09064900 0.73285800 -0.24133299
-0.23458500 0.63533300 0.09930900
-0.14357901 0.79313302 0.08295700
-0.07505800 0.79313302 0.14063001
-0.11996900 0.66286802 -0.22843000
0.18598300 0.60471803 -0.17903900
-0.24448299 0.64759898 -0.07597600
0.22909500 0.55771798 -0.04716000
0.25684199 0.72362798 0.00785300
-0.11890300 0.72141403 -0.22908600
-0.03537200 0.79313302 0.06281900
-0.17810699 0.71337998 -0.18568200
-0.10500300 0.73984200 0.23088400
0.24457200 0.73439401 0.07732900
-0.19608200 0.62380803 0.16103700
-0.07646500 0.55771798 -0.23708200
0.23622499 0.79313302 -0.04029900
-0.02401900 0.79313302 -0.23651800
-0.09058200 0.79313302 -0.20645000
0.13358399 0.56162399 0.21733400
-0.14232700 0.55771798 0.11820400
0.15839900 0.79313302 0.16119801
0.10371000 0.76068300 -0.23707700
-0.25316501 0.77371699 0.03012200
0.21325999 0.73567098 -0.14510199
0.22708499 0.60503298 -0.12319200
0.06881100 0.56270999 -0.24916200
0.04404900 0.55771798 -0.18033300
0.15820500 0.55771798 0.12109700
-0.06682700 0.55771798 0.23029201
0.19919200 0.68062198 -0.16525599
0.25277999 0.60754102 0.04580700
-0.02047500 0.59332597 -0.25755399
0.25618699 0.59560400 -0.02022900
-0.10182700 0.71887898 -0.23684099
0.19515701 0.67600900 0.16478600
0.21981600 0.68937200 0.13072200
-0.24481800 0.57854599 -0.07502800
0.22315700 0.79313302 0.11880200
0.25536999 0.56085402 0.02515300
-0.07146600 0.79313302 -0.12668400
-0.06007900 0.79313302 -0.01945300
0.15657800 0.67629999 0.20079000
-0.09136600 0.56166798 -0.24104500
-0.03043900 0.79313302 0.00886400
0.08587800 0.79205400 -0.24393600
-0.18021999 0.57282698 -0.18382201
-0.14871600 0.62481898 0.20604900
-0.20999400 0.55771798 -0.14179599
-0.10861300 0.55771798 0.15142100
0.16284700 0.70709902 0.19615300
-0.11617800 0.71973199 0.22608300
-0.17631100 0.55771798 0.04852500
0.25688401 0.74673098 0.00736000
0.02061400 0.55771798 0.23775101
-0.21838100 0.76209700 -0.13451400
-0.19300100 0.79313302 0.07548200
-0.17265201 0.76805198 -0.19048300
-0.25499699 0.64920098 0.01553600
0.18242501 0.73203301 0.17807101
0.21825799 0.58056700 -0.13770700
-0.12760700 0.79313302 -0.01882700
0.20504300 0.73507798 -0.15725900
0.17146200 0.79313302 0.08151300
-0.13859899 0.79313302 0.05107200
-0.25437501 0.66239399 -0.02774900
-0.08894400 0.71687299 -0.24201800
-0.13974801 0.66763002 -0.21625100
-0.00498300 0.79313302 0.12732300
0.02862500 0.76529300 -0.25676900
-0.05522800 0.61634099 -0.25201100
0.02913300 0.55771798 -0.24976200
0.01792900 0.55771798 -0.24477001
-0.12814100 0.79313302 -0.00739100
-0.24340400 0.69993401 0.07434900
-0.20107000 0.79313302 -0.13235900
0.20475601 0.79313302 0.11316700
-0.07844500 0.79313302 0.12940200
-0.19121499 0.69047803 0.16706400
-0.06408200 0.66762900 0.24542300
-0.17026401 0.77746397 0.18790400
-0.21222900 0.61820799 0.14084700
0.00100900 0.58915001 0.25378600
0.17182100 0.55771798 -0.16953500
0.24611899 0.73297203 -0.07607000
0.00328700 0.79313302 0.18973300
-0.20654701 0.78754801 -0.15275601
0.23899101 0.78630298 -0.09685300
0.23715299 0.66005599 -0.10091800
0.06387300 0.79313302 -0.22606599
0.22877100 0.56759298 0.11478200
-0.17234699 0.79313302 -0.15673301
0.25459099 0.59190702 0.03430000
0.12323900 0.79313302 -0.11472600
-0.15584700 0.59875101 -0.20527300
-0.06028200 0.79313302 0.18638900
-0.11570100 0.60009599 0.22637700
0.03043600 0.73068500 -0.25653699
-0.18964700 0.61749601 -0.17368700
0.16243801 0.79313302 -0.05388900
-0.15044700 0.76165903 -0.20966400
0.12920700 0.65329498 -0.22422101
-0.10048400 0.79313302 -0.05594800
-0.24237300 0.57558298 -0.08194600
0.19907500 0.67063898 0.16069899
-0.04498800 0.60331702 0.24953800
0.13950901 0.72260201 0.21341400
0.00542700 0.79313302 -0.00458100
-0.08294000 0.72883302 0.23975000
0.17932700 0.79313302 -0.14845400
0.05122300 0.59090799 0.24919499
0.10690600 0.79313302 0.05320300
-0.10879400 0.76295400 -0.23404200
0.19060799 0.59878302 -0.17421199
-0.05781900 0.77840799 0.24677201
-0.23189700 0.55771798 -0.10923600
0.05610900 0.55771798 -0.19571100
0.00438200 0.55771798 -0.20587300
0.25315899 0.58783001 0.04435300
0.01920600 0.55771798 0.22829001
0.24673700 0.70890802 -0.07369500
-0.14623100 0.55771798 -0.10881900
-0.09284500 0.58718699 -0.24044999
0.21748500 0.58874798 0.13417201
-0.24479800 0.75713700 -0.07508300
0.15561800 0.55771798 -0.16593100
-0.21172400 0.65272599 -0.14634401
-0.16553199 0.79313302 -0.17293400
-0.22563601 0.79313302 0.08620400
0.02545800 0.77235502 -0.25717500
0.25387499 0.66052097 0.04160200
-0.20587100 0.55771798 -0.02567400
-0.11097400 0.55771798 0.18898299
-0.17366800 0.79313302 -0.08373500
-0.14963900 0.55771798 0.11899900
-0.13866401 0.77592498 -0.21691801
0.20580000 0.79313302 -0.05680300
0.16178200 0.55771798 -0.09227000
0.11404900 0.77271497 0.22718400
0.11822200 0.76965499 -0.22976001
-0.17372800 0.77596998 0.18485600
-0.18737000 0.70874703 -0.17650700
0.17338100 0.55771798 -0.15490800
-0.23204000 0.63932002 -0.11006400
0.08550100 0.56267601 -0.24405099
-0.22825199 0.55771798 0.04137100
0.25530100 0.65634000 0.02596000
-0.10825500 0.62543702 -0.23425800
0.18727200 0.55771798 0.15104200
0.14993800 0.56143898 -0.21038100
0.02960600 0.75441700 -0.25664401
-0.11693100 0.62009001 -0.23029999
-0.13833600 0.79313302 0.05572200
-0.06645500 0.79313302 0.20234799
0.11472300 0.79313302 0.11473400
0.25721601 0.71903199 0.00345900
0.18502000 0.56079000 -0.18004300
0.15650500 0.58863401 0.20084400
0.01265100 0.69321299 -0.25881499
0.20470500 0.57325703 -0.15776099
-0.23218200 0.55771798 0.03639100
-0.03915200 0.77536798 -0.25547600
0.13042600 0.79313302 0.00190500
0.19931300 0.64721000 0.16045000
0.19887801 0.79313302 -0.08762300
0.21896000 0.57013398 -0.13666900
-0.05645500 0.55771798 0.24609400
-0.03928200 0.60405898 0.25076699
-0.20565900 0.79313302 -0.08079400
-0.14102800 0.64885902 0.21078300
0.12157100 0.73022002 0.22339100
-0.00276200 0.68104202 0.25362599
0.23725501 0.79313302 0.03758600
-0.19168900 0.65722901 0.16647799
0.18297599 0.55771798 -0.09239400
-0.23506901 0.55771798 0.02583200
-0.20765500 0.55771798 0.03768800
-0.25499699 0.63696802 -0.00734700
-0.11741500 0.75841999 0.22532199
-0.04230100 0.79313302 0.22436699
-0.06198900 0.79313302 0.12411700
-0.24397700 0.64965302 -0.07740800
-0.25016400 0.58367801 -0.05230600
0.13157301 0.69086498 0.21834800
-0.18573700 0.79313302 -0.06325600
-0.16660801 0.61404800 0.19112200
-0.12420900 0.79313302 0.15089200
-0.24804500 0.78430200 -0.06466300
-0.20047300 0.58447200 -0.16027901
0.17117400 0.79313302 0.12692700
-0.19378300 0.79313302 0.04392900
-0.19927400 0.55771798 0.06639800
0.19827899 0.55771798 0.02530300
0.09032900 0.59616601 0.23789200
0.06421100 0.79313302 -0.13747001
-0.21441200 0.66516697 -0.14162000
0.01832800 0.73394001 -0.25808799
0.06042600 0.69310498 0.24705000
0.16791500 0.74935800 0.19240500
-0.06113500 0.79313302 -0.05358200
-0.11022500 0.55771798 0.14862899
-0.08153800 0.79313302 0.02493100
-0.22082300 0.56694299 0.12546401
0.19351800 0.79313302 -0.11005900
0.07330600 0.69419801 -0.24778600
-0.11449700 0.62491101 -0.23175000
-0.25462201 0.64606798 -0.02631000
0.15524501 0.79313302 0.14449701
-0.09013600 0.75529897 -0.24153900
0.17915100 0.60856497 -0.18616700
0.23464100 0.77513498 -0.10647600
-0.13295700 0.79313302 -0.19528300
0.19412901 0.55771798 0.15178300
-0.12984300 0.55771798 0.16218001
-0.09892300 0.55771798 0.19005001
0.23356900 0.69687700 -0.10884800
0.01756300 0.79313302 0.15877600
0.13662399 0.79313302 0.02060600
0.00750400 0.71428698 0.25406200
0.24044000 0.68337297 -0.09364800
-0.21231601 0.79313302 -0.12466300
0.07263400 0.79313302 -0.12414700
-0.24120800 0.66242099 -0.08524400
-0.19567800 0.55771798 0.09597300
0.01615100 0.74916500 -0.25836700
0.04464800 0.79313302 0.02417000
0.14793800 0.65207100 -0.21186000
-0.24948300 0.57358199 0.05159600
-0.18383200 0.55771798 0.08410800
0.04114400 0.79313302 -0.10431600
-0.15738900 0.79313302 -0.08672900
-0.25499699 0.79228503 -0.01110200
-0.10579100 0.75702602 0.23056801
0.17056400 0.60157400 0.19044600
0.10997400 0.69292003 -0.23391899
-0.07788200 0.79313302 0.20081399
-0.01067900 0.79313302 -0.06170800
-0.04570900 0.55771798 -0.21227901
0.24273799 0.79313302 0.01005200
0.10289200 0.55771798 -0.20909899
-0.06499200 0.55771798 0.16937099
-0.09417000 0.79313302 0.22258700
-0.16025700 0.58107799 -0.20139199
-0.08876900 0.57197797 0.23740800
0.15699901 0.79313302 0.17254101
0.22767299 0.76936901 0.11721000
0.21268301 0.55771798 0.00432400
-0.13316600 0.78521502 0.21562400
-0.24188100 0.66742200 0.07866000
-0.17940301 0.79313302 -0.02568500
-0.18697400 0.79313302 0.08177500
-0.24787800 0.71124101 -0.06563700
-0.01766300 0.79313302 0.11197600
0.17161600 0.68716502 0.18934900
0.03953800 0.78604901 0.25069201
-0.25161400 0.78177899 0.03916700
-0.12385800 0.79313302 0.06080500
-0.20377600 0.79313302 -0.04463300
0.08946500 0.76613998 0.23815700
0.15216801 0.61214298 0.20405100
0.21877401 0.57914001 0.13226400
0.20141800 0.55771798 0.00763700
-0.16288500 0.56687802 0.19439800
0.11509200 0.77857000 0.22665800
0.17403699 0.69023901 0.18682200
0.01460300 0.79313302 0.21104200
-0.23742600 0.77151698 -0.09594800
-0.08280400 0.79313302 -0.23952900
-0.20928900 0.79313302 0.01184000
-0.20641901 0.59429002 0.14823399
0.06149500 0.79313302 0.19402200
-0.17023100 0.79313302 0.13654000
0.06501200 0.79313302 0.08833200
-0.22458801 0.75249201 -0.12340400
0.10994900 0.70564598 0.22925100
-0.17317300 0.55771798 -0.08796900
-0.17614099 0.79313302 -0.01375200
0.02850000 0.55771798 -0.19633900
0.16187599 0.57671398 0.19687100
-0.05525500 0.79313302 0.15671700
0.01498500 0.79313302 0.05118300
0.23932900 0.59000200 0.09142500
0.22952700 0.62540400 0.11310800
-0.14766701 0.55771798 0.10434900
0.09821200 0.79313302 -0.00760800
-0.19301300 0.78350800 -0.16951901
-0.23793100 0.78361201 -0.09451900
0.04663000 0.79313302 0.00910700
-0.15718301 0.79313302 0.13631700
0.11480800 0.78811401 0.22680099
0.00352200 0.55771798 0.19189800
0.18899301 0.71869802 0.17121699
0.01065000 0.59143603 -0.25887600
0.24373400 0.67466599 -0.08523000
0.00266300 0.79313302 -0.04353500
-0.12248200 0.63681197 -0.22688200
0.04133400 0.62050700 0.25046200
-0.22015600 0.73998398 -0.13133700
-0.03632400 0.68035102 -0.25608501
0.15471300 0.79071701 0.20216900
-0.01315600 0.79313302 -0.15968999
-0.17760000 0.55517101 -0.03595400
0.09292700 0.79313302 -0.00694700
0.13210300 0.76784402 -0.22276101
0.06672100 0.56480300 -0.24980199
-0.22385700 0.79175901 -0.12471300
0.18925899 0.74919802 -0.17562100
-0.19068900 0.55771798 -0.15666200
0.23268600 0.77921999 0.10612000
0.25582701 0.78503501 0.01977400
0.12370200 0.56164002 0.22231700
-0.01999000 0.79313302 -0.04286100
-0.22710100 0.79313302 -0.02850900
-0.12195800 0.55771798 -0.16569600
-0.08466300 0.79313302 0.00651300
0.17814100 0.75238103 -0.18722101
-0.23310600 0.78398699 -0.10815500
0.12808301 0.56936699 0.22010800
-0.23376501 0.55771798 0.08849700
-0.08099200 0.79313302 -0.05885300
-0.19987200 0.56305301 0.15634300
0.00937700 0.77574301 0.25414199
0.10814400 0.74977797 0.23016100
0.16007601 0.57391900 -0.20288201
0.23562400 0.57376897 0.09962000
0.04165600 0.79313302 0.12926000
0.18197601 0.55771798 0.10429100
-0.05681300 0.55825400 -0.25166899
-0.09343000 0.79313302 0.12277000
-0.05388300 0.79313302 -0.12630901
-0.13301399 0.79313302 -0.08779500
-0.22354500 0.74417901 -0.12527101
-0.16123401 0.57752699 -0.20053200
-0.21894300 0.55851197 -0.13350900
-0.16222800 0.79313302 0.08903300
0.22686499 0.79313302 -0.06785600
0.11193800 0.72555000 0.22824800
-0.17224500 0.55771798 -0.10283500
-0.07495100 0.79313302 -0.22115301
-0.04588300 0.79313302 0.24657001
-0.10153200 0.63486397 0.23227900
0.02698900 0.79313302 0.01677200
-0.14571400 0.55826497 0.20789699
-0.06482100 0.79313302 0.03987300
-0.25126299 0.75258398 -0.04589600
0.17996600 0.63718402 -0.18531699
-0.01984000 0.79313302 0.24023899
-0.22284400 0.55771798 0.10509100
-0.19747400 0.67883003 0.15931299
0.25205901 0.67666101 -0.05325700
-0.06252100 0.79313302 0.19560499
0.25428700 0.59431797 -0.04255200
-0.12255100 0.63943601 -0.22684000
-0.12418400 0.57161701 -0.22583400
-0.01067800 0.67344099 0.25329000
0.05718300 0.79313302 0.22241899
0.02244100 0.79313302 0.00543800
0.19569001 0.55771798 0.14488500
-0.05350200 0.55771798 -0.21413399
-0.08782300 0.63439399 0.23778801
-0.17084999 0.59017497 0.18738800
-0.07442000 0.55771798 0.22378100
-0.18612400 0.57183403 -0.17805000
0.25003001 0.71304601 0.05636700
0.17509100 0.55771798 -0.10255600
0.18328400 0.55771798 0.09250100
-0.22501400 0.65019703 0.11796000
0.13071001 0.75100398 0.21878400
-0.08647500 0.70724899 -0.24301000
-0.06613900 0.79313302 -0.05232700
0.20043799 0.55771798 -0.03217100
-0.14854001 0.63727802 -0.21083800
0.03392800 0.61202699 0.25141001
-0.02540800 0.55771798 -0.19915099
-0.24946199 0.67533898 0.05172100
-0.14189200 0.79313302 0.08349700
0.10831500 0.60816002 -0.23475499
-0.12603401 0.55771798 -0.16573100
0.23839200 0.58393198 -0.09817800
-0.19586501 0.55771798 -0.05921500
0.24382100 0.71328098 -0.08489500
-0.15397701 0.55771798 -0.17618500
0.21786000 0.79313302 -0.05839100
-0.05205600 0.61565101 0.24801400
-0.05027400 0.79313302 -0.24130499
-0.12229600 0.79313302 -0.22645700
0.24902000 0.79127002 -0.06492900
0.25582099 0.56761402 0.01985400
-0.20768601 0.64541203 -0.15134600
0.11223400 0.79313302 -0.12157500
0.21873100 0.72038299 -0.13700800
-0.13793400 0.58160901 0.21268800
-0.11605800 0.64638698 -0.23083800
0.08934600 0.71215397 0.23819301
0.11243300 0.58631802 -0.23267899
-0.22431099 0.66338098 -0.12390000
0.16110200 0.79313302 0.07883300
0.25521001 0.64519000 0.02703100
0.10044200 0.58365297 -0.23872501
0.24563600 0.70809698 -0.07792600
-0.11228100 0.73666602 0.22796001
-0.25163701 0.72188902 0.03903700
0.14984500 0.73563898 -0.21044900
0.14786600 0.79313302 -0.11779200
-0.06075300 0.79313302 -0.21589300
-0.15350200 0.75197297 -0.20733701
-0.19318201 0.68743801 0.16462900
0.16063200 0.55771798 0.15096900
0.09206100 0.79313302 -0.08925500
0.17299899 0.79313302 0.18272801
0.25386399 0.70711303 -0.04632300
0.22681201 0.69765598 -0.12379500
-0.20159300 0.55771798 -0.11003900
0.13739701 0.56110001 0.21497600
-0.10138600 0.79313302 -0.18936899
-0.15316699 0.55771798 -0.11283900
0.20809200 0.58597898 0.14806800
-0.22936900 0.79313302 -0.01560200
-0.24594600 0.65938699 -0.07183400
-0.24863900 0.57332498 0.05652100
0.04699700 0.69067699 0.24973600
-0.23528700 0.67382598 0.09732300
0.19176701 0.79313302 0.03012500
-0.17204000 0.75751698 -0.19102100
0.24615200 0.72526902 0.07126300
0.16638701 0.77634799 0.19353500
0.06209400 0.79313302 0.15260100
-0.21206000 0.56685603 0.14114900
0.18441901 0.64284801 -0.18067101
0.19484200 0.69647402 -0.16979501
0.22573800 0.76813501 -0.12617201
0.11130800 0.79313302 -0.17787001
-0.22991601 0.75559402 0.10918600
-0.10448200 0.78390998 -0.23577400
0.24838500 0.79065299 -0.06736500
0.04677200 0.79313302 0.24537200
0.25354999 0.77719998 0.04284900
-0.02301900 0.79313302 -0.23083200
0.14324400 0.70210701 -0.21533200
-0.09344800 0.55771798 -0.23914200
0.24133199 0.78091103 0.08699300
-0.19930300 0.75821400 0.15704800
0.05655200 0.55547601 0.17003800
0.23293100 0.55771798 -0.04024900
0.12794501 0.79313302 -0.15618099
0.17123000 0.73580998 -0.19443201
-0.25372899 0.76621097 0.02683600
0.06765200 0.79313302 0.07417500
0.03555800 0.55804300 0.25120100
-0.20345201 0.79313302 -0.08767600
0.21646400 0.70028400 0.13568100
0.25547501 0.65903097 0.02391600
0.19288900 0.57773203 0.16715300
0.22861101 0.59012699 0.11513500
-0.10883100 0.69203198 0.22934601
-0.25499699 0.66101801 0.00639100
-0.13787100 0.79313302 0.18492299
0.22757800 0.55771798 -0.08490700
-0.16801000 0.58636302 -0.19456901
0.13393299 0.64409101 0.21715900
0.14526200 0.79313302 -0.11868300
0.25053501 0.75894302 -0.05911000
-0.22757500 0.68979400 -0.11805600
-0.04830400 0.79313302 -0.16908500
0.04412300 0.79313302 -0.09817900
-0.18405500 0.74525702 -0.18044700
-0.13461900 0.55771798 0.15685099
0.08015600 0.79313302 0.18298200
-0.21898800 0.74754399 -0.13342901
-0.24412800 0.65887398 -0.07698100
-0.17051400 0.57064599 0.18768500
-0.11110700 0.79313302 0.22303200
0.00917600 0.64828598 0.25413299
-0.23895900 0.71156299 -0.09160900
-0.05494200 0.57323003 0.24739300
0.06740700 0.79313302 -0.07262400
-0.03580200 0.79313302 0.06467800
0.06527000 0.77694303 -0.25024700
0.20338900 0.55771798 0.12055400
0.17866699 0.79313302 0.04679400
-0.07142700 0.60905999 0.24383999
-0.04293400 0.79313302 -0.22697100
0.14681800 0.72247201 -0.21268800
0.16587301 0.79313302 -0.01487200
-0.22087300 0.68635702 -0.13005500
-0.15822200 0.60215700 0.19850300
0.22682600 0.79313302 0.05026000
-0.13327000 0.73186201 0.21556000
0.17852300 0.65455598 -0.18682200
-0.23755001 0.60361803 -0.09559800
0.00087500 0.79313302 0.04700100
0.15023100 0.75656998 -0.21016400
0.25106400 0.59746200 0.05239600
-0.25499699 0.61265898 -0.02171700
-0.17599601 0.59331799 0.18285900
0.06203700 0.64446199 0.24655600
-0.12337500 0.65723300 -0.22633199
-0.06461400 0.79313302 -0.11224400
-0.19103800 0.55771798 0.14935000
-0.16249700 0.79313302 0.06778700
0.12227000 0.55536699 -0.13665900
-0.23780300 0.67334902 -0.09488100
-0.19746999 0.55771798 0.05324900
0.10819200 0.79313302 -0.18111999
-0.04612300 0.61988401 0.24929300
0.11779900 0.62333101 -0.22997300
-0.25433400 0.72296000 -0.02799000
-0.21764401 0.56293797 0.13115400
0.12157400 0.67067802 -0.22807001
0.22767299 0.70007199 -0.12189200
0.04583700 0.79313302 0.17408100
0.21516000 0.55771798 0.06809700
-0.19331300 0.70275098 0.16446599
0.19484299 0.74692202 -0.16979399
-0.13363101 0.55771798 -0.15236001
0.22664601 0.79313302 0.09914000
-0.25499699 0.64637500 0.00207000
-0.25217301 0.75311702 -0.04059100
0.01248500 0.75622600 -0.25883600
-0.15330499 0.55771798 0.20221300
0.20173700 0.55771798 0.09897900
-0.15720899 0.55771798 0.16811199
0.16135700 0.73895597 -0.20193601
0.05152000 0.79313302 0.02650900
0.14683300 0.79313302 -0.04051400
0.08051300 0.79313302 -0.18994001
-0.07056500 0.67897201 -0.24870600
-0.19803900 0.75684702 0.15861300
0.07612500 0.70490098 -0.24692200
0.05262100 0.79313302 0.00314300
0.06387500 0.70322001 0.24599400
0.01005700 0.60498101 -0.25885099
-0.14593500 0.79313302 0.11759900
0.25415400 0.72008502 0.03943100
-0.06574700 0.79313302 -0.22509800
0.13414900 0.79313302 -0.10589700
0.25102299 0.55771798 0.01703100
0.16237900 0.68779999 0.19649900
-0.11921000 0.79313302 -0.04700800
-0.20968901 0.64156902 -0.14886600
0.09428200 0.69078600 -0.24136201
0.09350000 0.57951200 -0.24160101
-0.20654200 0.55771798 -0.14294501
0.00730200 0.79313302 0.10816300
-0.02241100 0.62395698 -0.25747201
-0.02422900 0.79313302 0.14565100
0.22592001 0.56712103 -0.12576900
0.12738800 0.55771798 -0.21501000
0.05923000 0.55771798 -0.20272200
-0.11073700 0.64143002 0.22858000
-0.22662701 0.79313302 -0.00373900
-0.22428900 0.71616602 0.11925800
0.03010000 0.57219398 0.25189999
0.13832401 0.71627498 -0.21897000
-0.17691500 0.57804501 -0.18673100
0.01356300 0.73928702 0.25401801
0.14611800 0.68950099 -0.21320599
-0.16252100 0.66481400 -0.19939999
0.16672000 0.67828202 0.19328900
0.05969300 0.79313302 0.15453599
-0.13571200 0.66054398 -0.21873599
0.08233200 0.79313302 -0.06465100
0.20570099 0.55771798 -0.10483100
0.02834800 0.74525303 -0.25680500
-0.25307500 0.68396997 0.03065100
0.24759100 0.55771798 -0.02558800
-0.02848800 0.79313302 0.05584200
-0.03675900 0.74180597 0.25131100
-0.06117500 0.55771798 -0.17591000
0.23514500 0.55771798 -0.06904200
0.15935101 0.79313302 0.06155200
-0.21169400 0.55771798 0.07660700
-0.23777100 0.73909199 0.09029300
-0.07588200 0.79313302 -0.03665500
-0.04104400 0.64096099 0.25038800
0.19121800 0.79313302 0.15859500
-0.15323400 0.74631399 -0.20757300
-0.24912000 0.64531398 0.05371300
-0.08522800 0.79313302 -0.10811200
0.21127900 0.67867601 -0.14803299
0.07656400 0.76652497 0.24210800
-0.18548100 0.55771798 0.04735700
-0.07590800 0.55771798 0.21748400
-0.24269900 0.55771798 0.06213000
-0.13469701 0.55771798 0.16655800
-0.11941200 0.79204398 0.22409201
0.07716500 0.58694202 -0.24660400
-0.11922200 0.57781798 -0.22888900
-0.17991599 0.55329400 -0.01317600
-0.23199800 0.55771798 0.08580900
0.14001501 0.55771798 0.15591399
0.23900101 0.77065498 -0.09683100
-0.17900500 0.72079599 -0.18489100
0.14273900 0.55771798 -0.18926600
0.07424700 0.71210998 -0.24749801
0.24492700 0.56888801 0.07596800
-0.05251100 0.60396498 0.24791600
0.02467300 0.76417798 0.25259501
0.17088100 0.55771798 0.10355700
0.03988400 0.55771798 0.20799699
-0.13507800 0.79313302 0.18039900
0.15084399 0.55771798 -0.20562200
0.09698100 0.79313302 0.10409800
-0.16020800 0.75050598 -0.20143500
0.08726600 0.79313302 0.11306800
-0.22138700 0.65913200 -0.12913300
0.22231600 0.55771798 0.09580200
0.24751700 0.79313302 -0.03086500
-0.13726100 0.79313302 -0.05055300
0.24478300 0.79313302 -0.01376500
-0.19239300 0.79313302 0.16013400
0.22335500 0.79313302 0.11656800
-0.01530800 0.79313302 -0.19744800
-0.23384701 0.78871399 0.10139900
-0.09336600 0.79313302 -0.17789300
-0.15319900 0.79313302 0.10566700
-0.10199500 0.79211003 -0.23677400
0.25131699 0.65412402 -0.05610500
-0.15842500 0.59586102 -0.20300500
0.01502500 0.76321900 -0.25851101
-0.08965600 0.71252799 0.23705199
-0.16970199 0.58103299 -0.19307999
0.12373500 0.55771798 -0.19721700
-0.16306600 0.58007401 0.19423901
-0.17890100 0.74754298 -0.18498300
-0.09391000 0.55771798 0.21989700
-0.20757499 0.79313302 -0.07660700
-0.00063700 0.79313302 0.03846600
0.08154700 0.79313302 0.01338500
-0.16139901 0.55771798 -0.15374400
0.16693300 0.76270902 -0.19781201
0.00706100 0.55771798 0.19521400
-0.02549500 0.79313302 0.15754400
-0.13843700 0.59393299 -0.21705800
0.18686201 0.55771798 -0.04664900
-0.21800500 0.68568200 0.13050801
0.19570801 0.55771798 0.02240800
-0.13657700 0.79313302 0.14548101
-0.08038600 0.55771798 -0.23208199
-0.13029300 0.76743299 0.21739300
-0.03458400 0.79313302 -0.21030401
-0.02098900 0.61460602 0.25285199
-0.24857800 0.64858401 -0.06155800
0.14520900 0.79313302 -0.01948100
-0.08770700 0.62018800 0.23783500
-0.18801400 0.79313302 0.06977600
-0.24187100 0.60060501 -0.08336700
-0.20850600 0.79313302 0.03990700
-0.14547800 0.55771798 0.14874300
0.25389901 0.61747402 -0.04619100
-0.21159400 0.78372699 -0.14650600
-0.11512500 0.70955598 0.22673200
0.24098100 0.75035298 0.08776900
0.13156500 0.61669701 0.21835200
-0.14487500 0.79313302 0.12575100
-0.00770600 0.55771798 -0.21813200
0.00169000 0.55771798 0.23935699
0.17067400 0.64353400 -0.19501200
0.06134700 0.79313302 -0.04167000
0.19955300 0.55771798 -0.02433300
0.02084000 0.79313302 0.00345800
-0.07323900 0.70049298 -0.24812999
0.21619500 0.79313302 0.08144100
0.11486100 0.79313302 0.05700400
0.09826400 0.72316200 0.23514301
0.25683200 0.63224798 -0.01265500
0.13394199 0.79313302 0.12981400
0.09688900 0.79313302 0.10511700
-0.02658700 0.56141102 0.25261399
-0.15711500 0.79313302 0.08398400
-0.16586700 0.55771798 -0.19159800
-0.07497000 0.79313302 -0.21146800
-0.25499699 0.73362899 0.01420900
0.23499700 0.79313302 -0.03810400
-0.19503500 0.55771798 0.03805100
-0.22583300 0.60371703 -0.12117600
-0.00079800 0.76058799 -0.25839001
0.18641300 0.61299801 -0.17858900
-0.08252500 0.79313302 0.23611900
-0.23477601 0.59755403 0.09876800
-0.07006000 0.79313302 -0.20799400
-0.11675300 0.79313302 -0.04005600
-0.11276100 0.79313302 0.13026500
-0.18630600 0.73389298 0.17314400
-0.07537500 0.67807800 -0.24747001
-0.01176300 0.55771798 -0.23203100
0.05267300 0.79313302 -0.15587001
-0.21144301 0.63463199 0.14201300
-0.08494700 0.67387497 0.23894399
-0.21033899 0.70721000 0.14337900
0.24263801 0.71280599 0.08410300
0.01169000 0.79313302 0.11389900
0.22754900 0.62044603 0.11748400
-0.24040499 0.67521900 -0.08751800
-0.13864399 0.79313302 0.02188000
-0.11684800 0.55771798 -0.18660299
-0.16293700 0.55771798 0.10641700
-0.11885200 0.71727097 0.22443700
-0.15925100 0.79313302 0.15672700
0.03650500 0.69463903 0.25108001
-0.12238800 0.62113798 0.22226000
0.02346800 0.57388002 -0.25742999
-0.21932501 0.61877298 0.12814400
-0.19798701 0.55771798 -0.02810300
-0.09920900 0.65163201 0.23321301
0.01268500 0.64080298 -0.25881100
-0.21984200 0.55771798 0.03715600
0.00090900 0.79313302 -0.17187899
-0.09273700 0.79313302 -0.18570501
0.22623201 0.68647403 -0.12507901
-0.25436500 0.74472201 -0.02780500
0.16586199 0.79313302 0.11158900
-0.12086100 0.74150300 -0.22788000
-0.08336800 0.79313302 -0.11689800
-0.07259400 0.55771798 0.22780600
0.08724000 0.79313302 0.14677800
-0.24769400 0.74276698 -0.06671300
0.25517499 0.78113800 -0.03211900
0.25612599 0.77953398 0.01626800
0.25645199 0.67194098 -0.01712100
-0.11749300 0.74729902 0.22527400
0.15344000 0.64103299 0.20311099
0.05149000 0.79313302 0.20446099
-0.03855400 0.79313302 -0.23559000
0.21860801 0.55771798 0.09071300
0.19980399 0.62562603 0.15993799
-0.03356400 0.79313302 0.19000500
-0.14064100 0.62347102 -0.21570100
0.13189600 0.79313302 -0.04068700
-0.22460100 0.73903298 0.11870000
0.02636200 0.78972501 0.25237900
-0.21725200 0.79313302 -0.05151800
0.22585900 0.55771798 0.06119500
-0.03894500 0.76313502 0.25084001
-0.09247400 0.79313302 -0.07198900
-0.16255599 0.79313302 -0.11110600
-0.08314600 0.55771798 -0.22511500
-0.03016700 0.78561997 0.25246200
-0.00863500 0.79313302 -0.04685500
0.23828700 0.55771798 0.04337600
-0.13609600 0.79313302 0.19072300
0.09578400 0.79313302 -0.11989600
-0.07109600 0.79313302 -0.23768499
-0.20781501 0.55771798 0.02145400
0.24761900 0.70390201 -0.07031000
0.17510900 0.79313302 -0.10978800
-0.25317800 0.73220199 0.03004600
-0.05222900 0.79313302 -0.09995800
0.16313501 0.55771798 -0.10665800
0.16756099 0.67121100 0.19266701
-0.22469600 0.79313302 -0.04738000
-0.19108100 0.55771798 0.07543700
-0.25425199 0.59330499 -0.02846400
0.18847901 0.57913601 -0.17643400
0.19973201 0.55771798 0.07321500
-0.19137900 0.69083899 0.16686100
-0.24330901 0.55771798 0.06065400
0.24923301 0.79313302 -0.02083800
-0.15402600 0.79313302 0.17488700
0.11841900 0.75026602 0.22498100
0.05753000 0.79313302 -0.06366900
0.02613100 0.55771798 -0.19238700
-0.23117200 0.76827300 -0.11161900
-0.17635100 0.55771798 0.12191200
0.01552300 0.64140201 -0.25844699
0.24398100 0.56993800 0.07960200
0.19353899 0.79313302 0.14808400
-0.20962100 0.74771798 0.14427000
-0.13489600 0.79313302 -0.04533300
-0.02277900 0.75103903 0.25277600
0.01979300 0.73804498 0.25321999
-0.04950300 0.79313302 -0.03326700
-0.10061800 0.61390102 0.23264700
-0.25141701 0.59770101 0.04031800
-0.21884499 0.70518601 0.12900400
-0.11353500 0.71399999 0.22745600
0.01355300 0.79313302 -0.23909999
-0.13689700 0.75107300 0.21332701
0.03039200 0.60279799 0.25186300
0.02946300 0.78077400 0.25198200
-0.02001600 0.79313302 -0.25321600
-0.01369500 0.59426802 0.25316200
-0.14096700 0.79313302 -0.04594400
-0.21508300 0.66597003 0.13573800
-0.25072101 0.70553398 0.04437800
0.13862300 0.67463899 -0.21874900
0.04129100 0.75472498 -0.25514701
-0.16989499 0.79313302 0.02641900
0.11405900 0.59100997 -0.23185900
-0.07448500 0.79313302 0.11466500
0.04075700 0.62416798 0.25053599
-0.20988700 0.60673702 -0.14861999
0.25496301 0.70719898 -0.03461500
0.02500200 0.63533503 -0.25723299
-0.22859199 0.55771798 -0.00244000
0.13831800 0.65750700 -0.21897499
-0.16290499 0.79313302 0.00362200
-0.12515099 0.79313302 0.21183001
0.14336400 0.79313302 0.13238800
-0.12676001 0.79313302 0.01412400
-0.14450100 0.63152200 0.20864400
0.07297600 0.65490800 0.24320699
0.23925400 0.65874398 -0.09627100
-0.08936400 0.79313302 0.01091400
0.13355599 0.79313302 0.21516100
-0.24121900 0.79313302 0.02032900
0.23253100 0.55771798 -0.02411300
0.01157800 0.60939199 -0.25891599
0.16298100 0.57131499 0.19605400
0.00795300 0.79313302 0.02006000
-0.17431401 0.61276603 -0.18901999
-0.18179201 0.72015798 -0.18243900
0.22357599 0.79313302 -0.11325100
0.12434200 0.64130998 0.22199400
-0.05536100 0.79313302 -0.17866200
0.04814400 0.79313302 -0.21180800
0.22134100 0.71581203 -0.13314600
0.05738700 0.65326500 0.24798000
0.12527800 0.72891098 -0.22620299
-0.19209801 0.77919602 -0.17065100
-0.23278700 0.56287998 -0.10872700
-0.00525600 0.65126199 0.25352001
0.24563099 0.65801698 0.07326400
0.23275501 0.55771798 -0.06293400
-0.20375200 0.68833899 0.15153800
-0.12702700 0.55771798 0.17203900
-0.09323300 0.57257402 -0.24029399
-0.22588800 0.58265299 -0.12107700
-0.21638200 0.79313302 0.07795300
0.15430100 0.61725700 -0.20715401
-0.14631100 0.70022798 0.20753001
-0.04088300 0.75428700 0.25042200
0.15307200 0.75678903 0.20338200
0.11494400 0.68707001 -0.23141301
-0.06770500 0.79313302 0.06598100
-0.16137201 0.61761802 -0.20040999
-0.04637700 0.78838998 -0.25391901
-0.13846000 0.79313302 -0.01698300
-0.03958300 0.79313302 0.23446700
-0.25244999 0.66332698 0.03429600
-0.25499699 0.69163603 0.00122600
0.19895600 0.72096997 -0.16550300
0.01463600 0.79313302 -0.15378100
-0.05311200 0.79313302 0.11885300
0.10933900 0.79313302 0.21662000
0.23393400 0.65480202 0.10335900
-0.24113400 0.79313302 0.03140600
-0.04844200 0.70438701 0.24879301
0.15503900 0.79313302 -0.16689099
0.23075400 0.64798301 0.11039400
-0.19533300 0.67597598 -0.16664501
0.25422099 0.65037799 0.03864500
0.25464499 0.62397099 -0.03834500
-0.17364900 0.60263401 0.18492500
0.18647200 0.63965797 0.17384800
0.24606000 0.79313302 0.01923900
0.22032100 0.76530898 -0.13465500
-0.08324700 0.72120899 -0.24430700
0.15414099 0.55771798 -0.12671700
-0.21441300 0.76436198 -0.14161700
-0.24372700 0.79313302 -0.05613200
0.04546600 0.79313302 0.00259400
-0.08711500 0.79313302 0.00131700
0.24473201 0.71345198 0.07671500
-0.08260800 0.66333997 -0.24456400
-0.24670100 0.79292297 0.06501800
-0.17527200 0.68850201 -0.18817700
-0.20860800 0.55771798 -0.05093100
-0.25245300 0.76874202 0.03427600
0.11207600 0.79313302 -0.12701200
0.20620900 0.79313302 0.01336100
-0.08182300 0.79313302 0.09727800
0.23575400 0.55771798 0.06083800
0.13385101 0.79313302 0.10233600
0.20355600 0.68211198 0.15477900
0.11324200 0.73698401 0.22759099
-0.21479601 0.55771798 0.07896900
-0.12359400 0.79313302 0.12234300
0.15681700 0.64096397 0.20061301
0.09517500 0.55771798 -0.17706600
-0.24574600 0.59352899 0.06771900
-0.19965200 0.75550002 0.15661500
-0.05169800 0.79313302 0.23163000
-0.03388900 0.79313302 -0.09864200
-0.18726300 0.56076401 -0.17663901
-0.11876100 0.55771798 0.21082801
-0.25410900 0.58325899 -0.02929900
0.01281400 0.68403602 -0.25879401
-0.23002100 0.79313302 -0.08752600
-0.15568200 0.67726701 -0.20541801
0.24318700 0.55771798 0.01400300
-0.05010700 0.55771798 0.17490201
-0.15308100 0.62833500 0.20302700
0.17556401 0.79313302 0.15761299
0.20623600 0.79313302 -0.07901600
-0.25283101 0.69388700 0.03207300
0.23025000 0.59808099 0.11150800
-0.11345700 0.79313302 0.22467101
0.06929400 0.65769798 -0.24901401
0.25129500 0.68865001 0.05151000
0.20432700 0.78968698 -0.15831900
0.24758200 0.64872098 -0.07045100
0.18998100 0.56781298 -0.17486700
0.24568000 0.70578200 0.07307600
-0.05229900 0.79313302 0.11511100
-0.17324300 0.64780599 -0.18996200
0.09019500 0.57807702 0.23793299
0.23697600 0.55771798 -0.01337300
-0.24315999 0.68163598 -0.07971900
-0.00934100 0.55771798 -0.22019200
0.16133700 0.79313302 -0.00648500
-0.08170700 0.74253899 -0.24492601
-0.20442000 0.61557800 -0.15539099
-0.13084200 0.79313302 -0.03152400
0.05316100 0.55771798 0.23036200
-0.02622200 0.79313302 -0.04477600
-0.10306800 0.79313302 -0.02477400
0.23148300 0.79313302 -0.05034600
0.15721200 0.55771798 0.19057199
0.25658000 0.59052598 -0.01561000
-0.12149600 0.60293102 -0.22748899
0.00912200 0.64732999 -0.25881100
0.25610900 0.64112401 0.01646100
0.03496100 0.72226202 -0.25595799
-0.16582300 0.71585703 -0.19649300
-0.16667099 0.55771798 -0.08918400
-0.10329400 0.79313302 -0.07358700
0.16486700 0.79313302 -0.18502000
-0.23999301 0.55847901 0.08400400
-0.22664200 0.69070899 -0.11972700
-0.05758600 0.79313302 -0.22120801
-0.15704900 0.78368503 -0.20421501
-0.10270100 0.79313302 0.14819799
-0.24624600 0.67539799 -0.07098500
-0.14517300 0.75015903 0.20823100
0.23696400 0.74605101 0.09665700
0.25439799 0.64557499 0.03657100
0.23275299 0.65199202 -0.11065200
-0.16965300 0.55771798 -0.11723600
-0.25403601 0.79313302 -0.00985400
0.19746999 0.62845600 0.16237199
-0.01513300 0.67995101 -0.25778100
0.00733200 0.68285602 -0.25873500
0.21392401 0.79313302 -0.01139700
0.07882200 0.60486299 -0.24609600
-0.07128600 0.55771798 0.17946000
0.17744200 0.71884698 0.18327001
-0.10877000 0.63703501 -0.23405100
-0.08674400 0.60931301 0.23822200
-0.10582200 0.79313302 0.08754600
-0.13919300 0.78452498 -0.21659300
-0.25271401 0.63510400 0.03275700
-0.10041900 0.61785901 -0.23740700
-0.00303400 0.55771798 -0.20713100
-0.12329300 0.79313302 -0.02192200
-0.25477800 0.55771798 -0.01328300
-0.14699700 0.74744999 -0.21178700
-0.24035400 0.77204698 -0.08766300
-0.23853900 0.71839303 0.08811900
-0.22957601 0.73000801 0.10979400
0.07872900 0.56287700 -0.24612500
0.15744101 0.62292600 -0.20483100
0.23101500 0.56616098 0.10981800
0.25527599 0.78051502 0.02625900
0.10853700 0.78743303 0.22996300
0.08995600 0.79313302 -0.23754001
0.13031200 0.60912400 0.21898399
0.07714100 0.70711797 -0.24661100
0.05514100 0.61596698 -0.25334901
0.20346700 0.79313302 -0.07921700
-0.20419601 0.71472901 -0.15566801
0.13852100 0.79313302 0.16963001
0.17939501 0.55771798 0.06125400
-0.18621001 0.55771798 0.13816801
-0.08363700 0.79313302 -0.18856201
0.17840600 0.79313302 -0.10535500
0.06560100 0.79313302 -0.05824000
-0.12332900 0.67088401 -0.22636101
0.03945900 0.79313302 -0.17961700
0.24926700 0.63325900 0.05929900
0.24756099 0.78467000 -0.07053300
0.22409600 0.55771798 -0.12231300
-0.05692000 0.59362698 -0.25164601
0.21470100 0.56194299 0.13829000
0.17052300 0.79313302 -0.06656800
-0.07039300 0.72556001 -0.24874300
0.18408200 0.79313302 -0.11868200
0.21946999 0.62004602 -0.13591500
0.04835700 0.79313302 0.00233000
-0.15975800 0.55771798 -0.16524100
0.25492701 0.64723402 -0.03502900
0.19875900 0.79313302 -0.01575300
0.14184700 0.79313302 -0.01456100
0.04011400 0.67252702 0.25061801
0.05120400 0.59784400 -0.25387800
-0.21963900 0.59683597 -0.13226300
0.21188800 0.55771798 -0.01697400
-0.23075400 0.79313302 -0.05705200
0.08468900 0.79313302 -0.02436100
0.23886600 0.68849802 0.09244800
-0.07602700 0.79313302 -0.09193200
0.03157100 0.68850100 0.25171199
-0.23101100 0.55771798 -0.04875900
-0.09664800 0.67100900 0.23424201
-0.17742901 0.79313302 -0.03604100
-0.08402300 0.57782203 0.23931500
-0.06803500 0.55771798 0.21843700
0.12894200 0.55273300 -0.13031700
-0.14084101 0.68960798 0.21089800
-0.13764800 0.59730202 0.21286400
0.16285799 0.55771798 -0.10608300
0.25519100 0.56234401 0.02725500
0.15017600 0.79313302 0.01338400
-0.12380900 0.56398797 -0.22606499
0.18756001 0.74687999 0.17271300
0.19699501 0.66541201 0.16286901
-0.16176100 0.68576300 -0.20006800
-0.12062800 0.75710100 -0.22802401
-0.18994200 0.70325702 0.16864100
0.08573000 0.75770801 0.23930100
-0.25499699 0.71140403 -0.00868400
-0.17586499 0.55771798 -0.14963600
-0.11239600 0.77179700 0.22791401
0.10354200 0.79313302 0.06171500
0.24486500 0.70446998 0.07620400
0.00894000 0.75940400 -0.25880399
-0.08511100 0.79313302 -0.00225600
-0.04855200 0.55771798 0.24589799
-0.24940901 0.61904597 0.05203200
0.20866901 0.70687997 -0.15189500
-0.15557601 0.64555502 0.20083100
0.11607100 0.79313302 0.02749700
0.05246100 0.55771798 0.23083700
-0.01650700 0.79313302 0.18366100
0.15960900 0.64711398 -0.20322800
-0.25499699 0.76421100 0.01710900
0.12044500 0.60871100 -0.22863901
-0.05703700 0.79313302 -0.02740700
0.24446400 0.65259999 -0.08242600
0.09963900 0.55771798 0.15480199
-0.15318801 0.68209302 0.20293300
-0.21245000 0.75311500 0.14045100
0.18948500 0.59421402 -0.17538400
-0.17647800 0.79313302 -0.10275600
0.25688699 0.77765399 -0.01200100
0.25265399 0.67421502 0.04629100
0.12687001 0.79313302 -0.02441500
0.01052200 0.66334999 -0.25887099
0.22713500 0.55771798 0.02096800
-0.00358400 0.55771798 0.18469000
-0.15508699 0.79313302 -0.14419600
0.16732800 0.55771798 0.13100000
-0.15940800 0.61634302 0.19745900
0.14359400 0.76484299 0.21039300
0.19941700 0.55771798 -0.01532100
0.11617800 0.72073698 -0.23079100
0.15571401 0.66377997 -0.20610900
0.13381299 0.79313302 -0.20554700
0.19551000 0.79313302 0.16003200
0.15489800 0.79171699 0.20203200
-0.05224800 0.79313302 -0.22328500
0.12376600 0.79165500 -0.22696500
-0.00974800 0.79313302 -0.13062300
-0.23857200 0.79313302 0.02021500
-0.14150301 0.60400200 -0.21517099
0.13863599 0.77523202 0.21405999
0.10356100 0.55771798 0.17005900
0.04996800 0.68908799 0.24935600
-0.14399999 0.66183299 -0.21363300
-0.14929800 0.63154298 0.20569000
0.07415800 0.79313302 -0.09111500
0.03008400 0.79313302 0.23342100
0.15631200 0.79313302 -0.19387101
-0.01542000 0.79313302 0.07151400
0.25638601 0.55771798 0.01008300
0.12895900 0.65536201 -0.22434700
0.10030000 0.79313302 0.11469000
0.01133500 0.79313302 -0.06599000
0.18882699 0.55771798 -0.03535400
0.17706200 0.79313302 -0.04667500
-0.15527000 0.62716502 0.20110001
0.08168700 0.77279299 0.24053900
0.24279501 0.77098399 0.08375800
0.19555500 0.60497200 -0.16905101
-0.08319100 0.79313302 -0.19221300
-0.00249400 0.79313302 -0.20153300
-0.04734000 0.79313302 0.15074000
0.18472400 0.79313302 0.00937600
0.18292101 0.79313302 0.02253200
-0.00886700 0.79313302 -0.10012200
0.05191600 0.64063901 -0.25378701
0.16776700 0.79313302 -0.03118800
-0.18922099 0.55771798 -0.08942900
0.08959800 0.58818197 -0.24279600
0.09136200 0.79313302 0.06524900
-0.07524500 0.74051797 0.24284200
-0.18081300 0.55771798 -0.13736001
0.00456300 0.79313302 0.08634600
0.12512800 0.79313302 -0.02656300
0.14839301 0.59789503 -0.21152399
0.13840400 0.55771798 -0.21222600
0.12413900 0.68082100 -0.22677700
0.07035200 0.69358999 -0.24868999
-0.06865800 0.79313302 -0.21042299
-0.16243701 0.77386701 -0.19947299
-0.13749500 0.66687900 0.21295799
-0.11465400 0.79313302 0.15853000
0.02345500 0.63409603 0.25275099
-0.25349700 0.57666302 -0.03286800
-0.04201600 0.79313302 0.04805900
0.07724500 0.55771798 -0.21047300
-0.13027400 0.79313302 -0.20983100
0.03479100 0.79313302 -0.10546100
0.15600500 0.55771798 0.16859099
0.03406800 0.79313302 0.02866300
-0.12533800 0.55818999 -0.22512400
0.02218800 0.79313302 0.17797101
0.25515601 0.62161398 -0.03234600
0.00320900 0.79313302 -0.01525500
0.03594600 0.79313302 0.08538600
-0.14535800 0.79313302 -0.18995599
-0.12059900 0.79313302 0.06528800
0.25360101 0.60531801 0.04265500
-0.00520700 0.79313302 0.11475000
-0.04664000 0.65595502 -0.25386199
-0.16800700 0.74762601 -0.19457100
0.02900900 0.79313302 -0.05523900
-0.00504300 0.79313302 -0.24194901
-0.22592600 0.60925698 -0.12100900
0.11518000 0.79313302 -0.07619900
-0.25499699 0.65144002 -0.00292400
0.10420200 0.71156400 0.23214900
-0.13436800 0.79313302 -0.19879000
0.00089700 0.79313302 0.16041601
0.20249300 0.79313302 -0.06048100
0.14278200 0.79313302 -0.14625800
-0.20527899 0.60817301 0.14964700
0.12084100 0.71988302 0.22375999
0.17570999 0.79313302 -0.04795000
0.16977100 0.79313302 -0.00335800
0.22794200 0.79313302 0.08714800
0.23760800 0.67239499 0.09523200
0.18673700 0.55771798 -0.07232700
-0.24639000 0.77458203 0.06589800
0.16763400 0.63442999 0.19261301
0.17853600 0.55771798 -0.08638900
-0.00804100 0.79313302 -0.24192099
0.08748500 0.61962903 -0.24344300
0.05927900 0.55771798 -0.24681000
0.12314100 0.79313302 -0.16452700
-0.07169400 0.55771798 0.17688701
-0.19028801 0.55771798 -0.07407300
0.04564800 0.73328602 0.24990900
-0.23836400 0.65868998 0.08861400
-0.19162001 0.79313302 -0.03708200
0.13261300 0.79313302 0.02767400
0.16441600 0.79313302 0.19279100
-0.24606501 0.79313302 0.04810700
0.06327700 0.66439497 -0.25085700
-0.10890000 0.56629801 -0.23399900
-0.21292400 0.74200898 0.13960300
-0.24707000 0.74611503 0.06397200
0.20108201 0.55771798 0.03028900
-0.20115700 0.73244500 0.15475200
0.06451200 0.79313302 0.10786400
0.25164801 0.58982402 0.05015600
0.22077300 0.79313302 0.01782400
-0.23590600 0.63551497 -0.10025100
-0.05477800 0.79313302 -0.12259400
-0.13975900 0.79313302 -0.04950500
-0.20970400 0.57704002 -0.14884700
-0.17111900 0.79313302 0.11284100
-0.13705800 0.79313302 -0.08861900
0.09829300 0.76231098 0.23512800
0.03013900 0.62759799 0.25189501
0.24922800 0.60678297 0.05944700
0.14059700 0.79313302 0.01916200
0.24176601 0.61061400 0.08603400
0.10303900 0.72359401 -0.23741500
-0.07454900 0.55771798 -0.18953501
-0.08081400 0.79313302 -0.10967700
-0.20243201 0.57968903 0.15317300
0.24404500 0.60323101 -0.08403500
0.24622700 0.74839598 -0.07565600
-0.16344000 0.55771798 -0.15214400
-0.02402700 0.55771798 0.24483900
-0.22489201 0.79313302 0.05611800
-0.13444100 0.79313302 0.02348700
0.10341900 0.79313302 -0.12531801
0.09793000 0.70230901 0.23531100
0.08309800 0.79313302 -0.08405200
-0.24940400 0.78400499 -0.05673900
-0.09999300 0.58813202 -0.23757800
-0.04100100 0.70788199 0.25039700
0.25188199 0.56124699 0.04925500
0.20591500 0.66234201 -0.15596899
-0.25189400 0.77994698 -0.04221900
-0.24846099 0.65465099 -0.06224000
-0.08902800 0.79313302 -0.00398200
-0.05132400 0.64626402 -0.25285301
-0.09217700 0.79313302 0.01455100
-0.05766200 0.60196102 -0.25148699
0.21700200 0.55771798 -0.11967800
-0.11272600 0.59869701 0.22778100
-0.07518500 0.79313302 -0.00138900
0.17679100 0.79313302 -0.15111300
0.03410100 0.65841597 -0.25606799
-0.07825800 0.79313302 -0.00455000
-0.21473700 0.79313302 -0.05444900
-0.22627200 0.55771798 -0.09236100
-0.19436900 0.55771798 0.14133400
-0.22889601 0.79313302 0.04283200
-0.00639000 0.68300301 -0.25815201
0.08847900 0.66669297 -0.24313900
0.06454000 0.61142898 -0.25047001
-0.21581499 0.74488997 -0.13910800
0.09869800 0.79313302 -0.19867299
-0.13090500 0.55771798 0.18442599
-0.06704100 0.76945901 -0.24946500
0.01949700 0.55771798 -0.25495300
-0.09141100 0.79313302 -0.11154900
-0.19365001 0.79099000 -0.16872901
-0.16197500 0.70978701 -0.19988000
-0.16400300 0.62631601 0.19341500
0.14357500 0.56309497 0.21040700
0.21600699 0.76402497 0.13635799
0.25229001 0.79313302 0.00256300
0.09593700 0.79313302 0.03053600
0.15850800 0.79313302 0.00561000
0.18553700 0.68128002 -0.17950401
-0.07076500 0.79313302 0.05248000
-0.25119501 0.58198202 0.04161200
0.17532399 0.79313302 0.11085200
0.12694401 0.78529298 0.22068200
0.09263200 0.55771798 0.22261900
0.02854600 0.55771798 0.22086599
-0.13874100 0.58389401 0.21219100
-0.24142601 0.62562197 0.07994700
-0.10998400 0.66335303 0.22888300
-0.21240801 0.74427599 -0.14520600
0.20137100 0.55771798 -0.00516800
-0.23543100 0.71395302 0.09691500
0.10237900 0.55771798 -0.21667100
0.23016800 0.55771798 0.08155500
0.25641301 0.60058999 0.01289800
-0.11478000 0.57329798 0.22694400
-0.20005500 0.71180898 -0.16079600
-0.21517900 0.68222898 0.13556600
0.06777700 0.71361399 -0.24947900
-0.09831000 0.79313302 -0.06636700
0.14337300 0.55771798 0.16884001
0.03001000 0.79313302 0.20867001
-0.25321701 0.74307901 0.02982400
-0.08591500 0.58044499 0.23855500
0.25228599 0.68544501 0.04770500
0.24224199 0.79313302 -0.05172900
0.12790500 0.79313302 -0.21104699
0.06864000 0.79313302 -0.06976100
0.20266300 0.69953299 -0.16078199
-0.24849699 0.55771798 -0.03592300
0.20149900 0.56165999 0.15782300
0.24315500 0.61026901 0.08277100
-0.10896300 0.79313302 -0.18369800
-0.20627400 0.75324398 -0.15309399
0.19495000 0.79313302 -0.13311400
-0.00360000 0.79313302 0.00120400
-0.02396800 0.62134498 0.25272501
-0.01158100 0.62896198 -0.25793201
-0.03514500 0.79313302 -0.23339599
-0.11547100 0.79313302 0.19691201
-0.07400300 0.79313302 0.00540800
0.14071199 0.62869900 0.21252400
-0.05827900 0.69185197 0.24667300
0.13351400 0.71779698 -0.22205000
-0.08452100 0.55771798 -0.22694699
-0.05365200 0.55771798 -0.18370099
0.05454500 0.55771798 -0.20309800
0.10008800 0.79313302 0.13531201
-0.25475100 0.73598599 -0.02555600
-0.06118900 0.55771798 -0.20599499
-0.20120400 0.68910998 0.15469401
0.20708300 0.79313302 -0.10532800
0.13576201 0.57595903 -0.22086500
0.18598400 0.79313302 -0.06385800
-0.19145100 0.66615999 -0.17145200
0.03887200 0.55771798 -0.18540999
0.14604200 0.79313302 -0.12623200
-0.22654900 0.59927499 -0.11989400
-0.14630000 0.79313302 0.10288000
-0.09750400 0.55771798 0.21518800
0.25238600 0.57696003 -0.05200100
0.21801800 0.74041998 0.13338301
0.24673100 0.74301797 0.06904000
0.25559700 0.59925997 -0.02716700
0.18156099 0.60861200 0.17897201
-0.25499699 0.71441400 -0.00998500
0.06408600 0.79313302 -0.02379800
0.01353400 0.73426598 -0.25870201
-0.24096800 0.77157402 0.08124400
-0.03823500 0.79313302 0.13228200
0.08661600 0.79313302 0.14933600
0.09828300 0.79313302 0.08497100
0.16909200 0.79313302 0.09827800
-0.12962200 0.55771798 0.17291699
0.10087500 0.66636699 0.23382600
-0.10713100 0.71227401 -0.23470999
0.14619100 0.79313302 0.18470600
0.08699000 0.79313302 -0.19847600
0.19173300 0.71609497 0.16835900
0.11082700 0.55771798 0.22396800
-0.25499699 0.77171999 0.01238900
-0.15121000 0.62051302 0.20451300
0.25490600 0.73702502 -0.03527900
-0.17220500 0.79313302 -0.08069300
0.11530200 0.79313302 -0.13925900
-0.05744900 0.79313302 -0.04399800
-0.03212000 0.79313302 -0.25288999
0.04294800 0.79313302 0.07876700
-0.00414000 0.79313302 -0.15649700
-0.25001800 0.71129900 0.04847700
-0.02182900 0.79313302 0.09346800
-0.06836100 0.55771798 0.20453000
-0.02707900 0.75993103 -0.25727299
0.04179700 0.70924503 0.25040200
0.24178401 0.79313302 0.08150900
0.15884399 0.55771798 -0.12210000
0.25584900 0.64749199 -0.02419700
0.02192400 0.63698399 -0.25762701
0.12248800 0.61293298 -0.22760899
-0.25325400 0.63631099 -0.03428400
0.17557700 0.79313302 -0.01668600
0.03431400 0.75913203 -0.25604099
-0.20760500 0.67254299 0.14676601
-0.10199500 0.75651002 0.23209301
-0.21712700 0.55771798 0.08705500
-0.00581900 0.79313302 -0.18170699
0.18276399 0.79313302 0.01485800
0.02973000 0.79313302 0.13282500
0.03257800 0.79313302 0.05756600
-0.21560299 0.79313302 -0.01056300
0.06216800 0.79313302 0.02571400
0.19267900 0.77343100 -0.17205200
-0.22029400 0.62905699 -0.13109100
0.16172799 0.78573698 -0.20166101
-0.21401601 0.66646302 0.13764900
0.16866501 0.79313302 -0.18784900
0.21159400 0.79313302 -0.09487200
-0.16560601 0.58191901 0.19200400
-0.24239600 0.77094001 -0.08188300
0.12428900 0.79313302 0.07487700
-0.14632399 0.79313302 -0.12821300
-0.17312001 0.79313302 0.16377901
-0.07779200 0.79313302 0.02627600
0.23848200 0.69232899 -0.09797800
-0.21724600 0.55771798 -0.01900400
0.01503200 0.73587000 -0.25850999
0.20276000 0.57294798 0.15595700
0.12852500 0.71851099 0.21988501
0.04189500 0.79313302 0.10534300
0.25663200 0.77723497 0.01032600
0.22743200 0.79313302 0.08270200
-0.24846700 0.74821103 -0.06220300
-0.08478300 0.62537301 0.23901001
-0.14705899 0.64840698 -0.21175000
-0.12541600 0.61731702 -0.22507600
0.24800199 0.57805502 -0.06884000
0.17626300 0.76295400 -0.18918000
-0.20499000 0.55771798 0.04083800
-0.16069999 0.79313302 0.13984700
-0.07690800 0.62521303 -0.24685401
0.10898000 0.79313302 0.16894400
0.18534200 0.55771798 -0.06541300
0.16002500 0.55771798 0.14619200
-0.19282600 0.79313302 -0.15495899
-0.04458500 0.73591298 0.24962500
-0.00496600 0.58098900 0.25353301
-0.18982600 0.57839203 0.16878501
-0.24063100 0.63381600 -0.08687600
-0.15442500 0.79313302 0.02316100
-0.01206100 0.79313302 0.19956100
-0.21738100 0.75229102 -0.13630600
0.16154601 0.74779701 0.19711500
-0.00304300 0.79313302 -0.14660700
0.11912400 0.79313302 -0.15091300
0.24809000 0.65030599 0.06382100
0.16128799 0.60075903 -0.20198700
-0.03716100 0.63322502 0.25122499
-0.23926701 0.75801700 0.08605800
0.04760700 0.76885003 0.24965800
-0.05508400 0.64545900 0.24736200
-0.03713200 0.79313302 0.22795700
0.14805600 0.79313302 -0.06469800
-0.01851600 0.79313302 -0.18850000
0.10518200 0.79313302 -0.02540000
0.10835600 0.70231301 -0.23473500
-0.09591400 0.79313302 0.08036900
-0.11799000 0.63022703 -0.22964799
0.02079200 0.55458701 0.17770100
-0.08312300 0.79313302 0.20660700
-0.24740499 0.78684199 0.06302600
-0.02437500 0.61444497 -0.25738800
-0.07645900 0.79313302 0.08168100
0.20431399 0.67558998 -0.15833899
-0.16598600 0.59081501 -0.19634999
-0.09450400 0.79313302 -0.09742300
0.24215700 0.60938501 0.08516800
-0.25083801 0.67280900 0.04369700
-0.23890699 0.74112803 -0.09175600
-0.07525800 0.74325299 0.24283700
-0.02749500 0.64835101 0.25257599
-0.05284600 0.59432203 -0.25252399
-0.08427200 0.58893597 0.23921500
-0.21980600 0.55771798 -0.03693200
-0.17114300 0.58428401 -0.19181100
0.22603799 0.55771798 0.11015200
-0.16672499 0.55771798 0.09250800
-0.10673300 0.55771798 -0.20354800
-0.04533000 0.79313302 0.00787400
-0.18347700 0.55771798 0.07271500
-0.25499699 0.56885999 0.00583700
-0.08783300 0.55771798 0.20255300
0.01734600 0.69423699 0.25353301
-0.12515400 0.79313302 0.00016600
0.25766701 0.64823800 -0.00184000
-0.18506800 0.79313302 -0.02861000
0.07627300 0.55771798 0.21432300
-0.24147099 0.57986802 0.07981800
0.24028499 0.55771798 0.07016500
-0.14852300 0.70657498 0.20616800
-0.03634500 0.62618399 -0.25608101
-0.18288600 0.71885097 0.17679600
0.03693700 0.55771798 0.23813599
0.25696599 0.77493900 -0.01108300
-0.11535700 0.55771798 -0.15960599
0.02471200 0.79313302 0.00382400
-0.09309000 0.72007501 0.23567200
-0.21981800 0.75078303 -0.13194300
0.04133900 0.63749403 -0.25514099
-0.08981000 0.55771798 0.16333400
-0.09313700 0.76927900 -0.24033301
-0.17273501 0.55771798 -0.08992200
-0.20485900 0.73618698 -0.15484600
-0.20271000 0.79313302 0.12334200
-0.23911200 0.62526500 0.08649600
0.02913000 0.78784901 -0.25670499
0.03444100 0.75139803 0.25134400
0.00568800 0.73229897 -0.25866500
0.09654900 0.79313302 -0.19456500
0.25617799 0.78100199 -0.02034100
0.02018400 0.72526097 -0.25784999
-0.04230000 0.61894602 0.25011700
-0.13643500 0.79313302 0.02803400
0.10767600 0.55771798 -0.17706400
0.24654099 0.71114999 0.06976700
0.18714000 0.55771798 -0.04360400
0.08505000 0.79313302 -0.10093900
-0.07199500 0.68639100 -0.24839801
0.20857100 0.77223599 0.14735900
-0.20072600 0.64996898 -0.15996601
-0.12174100 0.72117299 0.22265799
-0.23784100 0.78135902 0.09009400
-0.23284601 0.68748897 0.10394100
0.23328800 0.66267598 0.10479000
-0.15600400 0.79313302 -0.13811700
0.18738200 0.55771798 -0.03105500
-0.18775800 0.55771798 0.01675700
-0.02956300 0.79313302 0.13828500
-0.24926400 0.63001102 0.05287400
-0.19363201 0.55771798 -0.03266500
0.19422400 0.61608899 0.16575900
0.06764100 0.76418000 -0.24952100
-0.16693801 0.69861603 0.19083101
-0.16582499 0.55521202 0.07020900
-0.06897900 0.79313302 0.06957700
-0.24599800 0.63331801 0.06700700
-0.24603100 0.55771798 0.04275100
0.08709400 0.73163301 -0.24356300
0.11430500 0.55771798 0.16945700
0.05845100 0.62134600 0.24765500
0.21570501 0.55771798 -0.10229300
-0.21188600 0.79313302 0.09474800
-0.14157100 0.73880500 0.21044800
0.16465500 0.79313302 -0.11315000
-0.16507100 0.79313302 0.06406500
-0.24369000 0.71464902 0.07353900
-0.02571200 0.63337898 0.25265101
0.13036200 0.79313302 0.10141000
0.02981000 0.55771798 0.21586099
-0.02246100 0.78842902 -0.25747001
0.02402800 0.55771798 0.18785401
0.24467500 0.71447301 0.07693500
0.23620400 0.65160501 -0.10301700
0.25121599 0.65995502 -0.05649500
-0.04552200 0.67751300 -0.25410300
-0.22003400 0.66373801 -0.13155501
-0.19250900 0.69721299 0.16546300
0.02709600 0.56131798 -0.25696501
-0.02412200 0.61029297 0.25271901
-0.05553700 0.79313302 -0.12436200
0.16586000 0.55771798 -0.15161400
0.04755800 0.55771798 -0.18800300
-0.05191700 0.79313302 0.21513000
0.16600600 0.79313302 0.17404200
-0.18217300 0.79313302 -0.10849100
0.19753399 0.74787003 -0.16698700
0.01094700 0.78088897 0.25420901
-0.17162000 0.79313302 -0.03918700
0.17915200 0.73262298 -0.18616600
-0.11899400 0.79313302 0.18521699
-0.11731000 0.74191803 0.22538701
-0.11024000 0.79313302 -0.01631100
0.21635100 0.65280300 0.13584900
-0.24172901 0.58175302 0.07908900
-0.07495200 0.79313302 -0.12278300
0.18582200 0.60217899 0.17452601
0.21209700 0.79313302 0.04427000
0.04547500 0.55771798 -0.24010199
0.24655201 0.63968402 -0.07440800
-0.23020101 0.55771798 0.08915600
-0.25125700 0.75247902 0.04125400
-0.19898300 0.58659101 -0.16212399
-0.11600500 0.63031602 -0.23086999
-0.02515800 0.76225102 0.25267500
0.24945700 0.76108599 -0.06325200
0.21465100 0.64278197 -0.14304499
0.19312800 0.79313302 0.13381401
-0.23544900 0.68434000 0.09686400
0.02191400 0.79313302 0.10014600
-0.16432700 0.72757101 0.19312900
0.25226599 0.58793402 0.04778000
0.24452201 0.64543599 0.07752200
0.24941599 0.75614601 -0.06340500
-0.24841601 0.75201797 0.05782300
0.00030700 0.79313302 -0.16571900
0.01168700 0.79313302 -0.20745100
-0.15551800 0.75999701 -0.20556299
0.05681400 0.62816203 0.24815600
0.23685101 0.55771798 0.08978500
0.03353300 0.79313302 -0.19472000
0.05897700 0.55771798 0.17322800
-0.06727500 0.79313302 0.15581200
-0.06744600 0.64830500 -0.24937800
0.11246900 0.79313302 0.18005800
-0.02156400 0.79313302 0.00412100
0.25472200 0.70104700 -0.03744300
0.21425000 0.79313302 0.03520700
-0.07109800 0.55771798 -0.21973599
-0.15556499 0.55697399 -0.09337300
-0.19561900 0.55771798 0.06220900
0.24194901 0.72056901 -0.09030900
0.15534399 0.75641000 0.20170200
-0.25463000 0.68982899 0.02158000
0.00093500 0.58112198 -0.25846300
-0.20838900 0.79313302 -0.14427400
0.02275500 0.67961502 0.25284100
0.18973400 0.73666400 0.17044400
-0.25318599 0.68070799 -0.03468200
0.14251401 0.79313302 0.20168699
0.08768400 0.78487200 -0.24338201
0.01410800 0.64130598 -0.25862801
0.09856400 0.73094600 -0.23967101
-0.18544701 0.76093799 -0.17888901
-0.07215500 0.79313302 0.20159200
0.09798800 0.79313302 0.19202501
0.08575900 0.67535800 0.23929200
0.18539099 0.79313302 -0.07802000
0.15165600 0.64148802 -0.20911001
0.08255300 0.79313302 0.01726600
-0.19684000 0.56868702 -0.16477901
0.24669500 0.75159597 -0.07385700
-0.15493800 0.55347002 0.08982400
0.24291299 0.64853698 -0.08817700
0.18318599 0.65022498 0.17727700
-0.01767300 0.77611399 -0.25767300
0.25696200 0.69662601 -0.01112500
0.07202600 0.62782103 -0.24817801
-0.04685100 0.79313302 0.21074300
-0.13419899 0.79313302 -0.12137600
-0.08609700 0.63835698 -0.24316201
-0.00001000 0.55771798 -0.21932800
0.24995500 0.68623102 0.05665800
0.18620200 0.56944299 -0.17881000
-0.16549200 0.71148503 -0.19678500
-0.22328000 0.79313302 0.09230800
0.15763400 0.55771798 0.10281900
0.04983800 0.79313302 -0.19531700
-0.22424600 0.65707302 -0.12401600
0.02788600 0.79313302 -0.15404500
-0.20524700 0.78778201 -0.15436600
-0.16539000 0.58280802 0.19219400
0.25481701 0.70548701 -0.03632300
-0.17117700 0.79313302 0.01503700
0.21558000 0.55771798 0.12537600
0.04854600 0.79313302 0.10588300
-0.08108600 0.76691598 -0.24517600
-0.08246100 0.62115598 0.23994200
0.25676700 0.57762200 0.00873900
0.23749299 0.55771798 0.01222600
-0.18979900 0.55771798 -0.00319700
0.00333600 0.60209203 0.25388500
0.18878999 0.63939202 0.17142899
0.18159400 0.59876102 0.17893800
0.20709801 0.60262197 -0.15422000
0.05689300 0.57379001 -0.25281200
0.24526000 0.77754998 -0.07937000
-0.25013000 0.56650299 0.04782600
0.19480300 0.72228801 0.16515601
-0.23942600 0.77818799 -0.09028700
-0.19762900 0.55771798 0.11082400
0.07787900 0.55771798 0.22450501
-0.17130999 0.61738598 0.18698400
0.13135900 0.76234698 -0.22313701
0.22427499 0.55771798 0.07494100
-0.21916801 0.55771798 -0.02220000
-0.06941200 0.55771798 -0.17880701
-0.00531500 0.79313302 -0.11959100
-0.09592000 0.79313302 0.16960700
0.13925900 0.79313302 -0.17346500
-0.03043800 0.79313302 -0.04239700
0.03454100 0.79313302 0.20286100
-0.13540000 0.79313302 -0.16559900
0.25510901 0.68967599 -0.03289600
-0.23962900 0.78811997 -0.08971300
0.08460200 0.67234498 -0.24432600
-0.21661399 0.74548900 -0.13767900
-0.07424400 0.79313302 -0.10008500
0.23536400 0.75848103 0.10019500
0.09619500 0.79313302 -0.10732500
0.19913200 0.79313302 0.03506300
0.06210000 0.65772098 0.24653700
0.06898900 0.79313302 -0.08520100
0.22589900 0.64308399 -0.12581500
0.05998700 0.79313302 0.11614100
-0.09367100 0.79313302 0.01529900
-0.24191700 0.55771798 0.02722600
-0.09617700 0.55771798 -0.21964400
0.03073900 0.79313302 0.01578400
-0.10190900 0.79313302 -0.04412200
-0.21289501 0.79313302 0.13598201
-0.14204600 0.73269701 -0.21483600
-0.23427500 0.57552701 -0.10486600
-0.01826200 0.60365701 0.25296801
-0.24722400 0.73902398 -0.06821900
-0.01160500 0.55771798 0.18897501
-0.24271099 0.56992000 -0.08099000
0.09080200 0.79313302 0.14459100
0.02033500 0.72767299 -0.25783101
-0.16277900 0.79313302 0.12078400
0.15335400 0.79313302 -0.17751500
0.24462201 0.75451100 -0.08181800
0.06729900 0.65139902 0.24494500
-0.21306700 0.79313302 -0.13100900
-0.21226200 0.55771798 0.11970000
0.00725000 0.79313302 -0.02063500
0.23796301 0.69214898 -0.09912600
0.00119700 0.79313302 0.12785500
-0.16597199 0.79313302 -0.01495100
0.14326100 0.79313302 0.16650701
0.23382001 0.77501303 -0.10829100
-0.06285100 0.79313302 -0.19699000
-0.13760699 0.79313302 -0.14329299
0.21328700 0.55771798 -0.05090100
0.13107499 0.66593999 0.21860000
-0.12279200 0.79313302 0.04406300
-0.25232300 0.56309903 -0.03971400
-0.06286200 0.58907199 0.24568599
-0.21082400 0.79109901 -0.14745900
-0.00573200 0.79313302 0.24537100
-0.03748000 0.79313302 0.10928500
0.14923900 0.75373602 -0.21089800
0.22786500 0.73471099 -0.12146600
-0.23489900 0.67858899 -0.10310100
0.03229800 0.74016398 -0.25629899
-0.15433601 0.76078802 0.20192300
0.20233101 0.79313302 0.06057700
-0.25499699 0.72846502 -0.01050100
0.24676400 0.59928203 0.06891200
-0.02825600 0.55771798 0.19055299
0.09935600 0.72274101 -0.23927200
0.15691601 0.73586398 0.20054001
-0.09760900 0.60013199 -0.23853600
0.07849000 0.79313302 0.10606400
-0.04241900 0.79313302 -0.14791299
0.10547800 0.77398098 0.23150501
-0.18293600 0.79313302 0.01140200
0.05586200 0.56679100 0.24844800
-0.02049100 0.55771798 0.18584000
-0.11648100 0.69613600 -0.23057701
-0.16324100 0.55771798 0.13305700
0.23360100 0.78360897 -0.10877700
-0.09723400 0.55407202 0.15056500
0.20205000 0.79216599 0.15700801
0.00157400 0.79313302 -0.06856300
0.24863601 0.76435798 -0.06640200
0.16756400 0.55771798 -0.07918400
-0.04396900 0.79313302 -0.21975900
0.11828100 0.79313302 -0.09806500
0.02348000 0.79313302 0.23359400
0.18760800 0.55771798 -0.00570400
0.07771500 0.79313302 -0.23755500
0.25295001 0.78810900 0.04515500
-0.24839599 0.65932000 -0.06261700
-0.17028500 0.55771798 0.14390300
-0.03298000 0.59539402 0.25212601
0.09665000 0.79313302 0.22859800
0.20612200 0.77418798 0.15098301
-0.14090601 0.79313302 -0.20153099
-0.04786300 0.79313302 -0.02017100
0.25753999 0.64909798 -0.00034800
-0.21742199 0.64804399 0.13155100
-0.20174000 0.66720802 -0.15871000
0.01343600 0.71422201 0.25403401
-0.15429300 0.64825100 -0.20664100
0.04298100 0.79313302 -0.04089200
0.12540300 0.79313302 -0.03737000
-0.25499699 0.65631801 0.00819200
0.08115800 0.67374903 -0.24538100
0.10060200 0.61727101 -0.23864400
0.13349400 0.79040098 0.21738000
-0.24479300 0.59262502 -0.07509600
-0.18177900 0.61067402 0.17777000
0.22904800 0.74421000 0.11416800
0.10999800 0.73627198 0.22922599
0.24554101 0.63539302 0.07361000
0.25127599 0.65963697 -0.05626300
0.14202100 0.79313302 -0.18626601
0.02097100 0.78868002 0.25306901
-0.09813300 0.79313302 -0.14577200
0.09563700 0.79313302 0.18072601
0.22604200 0.70620400 -0.12549900
-0.09570100 0.55493301 -0.15643100
-0.10454800 0.79313302 -0.22454201
-0.04146000 0.79313302 -0.14923900
0.20532700 0.55771798 0.06521800
-0.22479901 0.65872598 0.11834600
-0.19327900 0.79313302 -0.11755300
0.16903800 0.79313302 -0.02813400
0.05466900 0.58073699 0.24875399
0.00608000 0.79313302 -0.12327100
-0.21824899 0.78715301 -0.13475101
-0.12063400 0.56037998 0.22334000
0.12127900 0.74950802 0.22353899
0.16139901 0.74266303 -0.20190400
-0.17325699 0.77403802 0.18527000
0.25734600 0.70611697 0.00193600
-0.14675900 0.67589903 0.20725399
0.21093100 0.70215201 0.14386800
0.16862901 0.79313302 0.13677600
-0.18523400 0.77503198 0.17447300
