-0.01735400 -0.01333100 -0.22277600
0.15920299 0.03326700 -0.14767900
-0.10920700 -0.01596700 0.18751600
0.07463200 -0.01237900 0.19756500
0.08673500 -0.01144100 -0.20262700
-0.12630101 0.02928700 0.17693201
0.18952300 -0.02928800 -0.10104700
0.03786900 0.02603100 -0.21834800
0.20159701 0.00969500 -0.07145300
0.21026200 0.03225200 0.02278600
-0.22207400 0.01159200 -0.03476700
-0.12339100 -0.03960900 -0.18848400
0.19085599 -0.00194400 -0.09837100
-0.05612700 -0.02091100 0.20743200
-0.20126700 0.02649100 -0.10159900
-0.19624700 -0.02804000 0.10193000
0.07660400 0.00789300 0.19680201
0.02880800 -0.01764800 0.21029200
0.15947101 -0.02971400 0.13757400
0.19993199 -0.02754500 0.06755300
-0.04055900 -0.00137000 0.21034200
0.00668000 0.00662000 0.21302600
0.20828401 0.00962100 0.03820100
0.15447401 -0.01881800 -0.15343100
0.21007200 -0.00264600 -0.03458200
-0.12508300 -0.03618200 0.17768700
-0.09451700 0.04071000 0.19451800
-0.10298800 -0.03797200 -0.20098600
-0.05369400 -0.01451100 -0.21763700
-0.22172700 0.03839500 0.02875900
0.16295300 -0.02158700 -0.14271300
0.05423000 0.03559600 -0.21521901
-0.16372000 0.00793000 0.14620900
-0.11054000 0.00353400 0.18669100
0.08432000 0.00548200 -0.20356201
-0.20281000 -0.03781500 0.08875000
0.13036200 -0.00434700 -0.17541200
0.03645700 0.04134800 -0.21861200
-0.21813101 -0.01919300 0.04583200
0.18323299 0.03072100 -0.11367900
-0.03243700 -0.01330100 -0.22160999
-0.20979100 0.03814400 -0.08448000
0.08705100 0.03488100 0.19275400
0.06715900 0.03832500 -0.21021000
0.16743501 0.01718100 -0.13677800
-0.07429900 -0.03213800 -0.21210000
0.03747200 0.00493700 -0.21842200
-0.22077700 0.03453700 -0.04628200
0.07862300 -0.02096200 0.19601899
0.13796200 -0.01497700 0.15873300
-0.10718200 -0.01003400 0.18877000
0.11791800 0.04153400 0.17468099
0.19981800 -0.03416500 0.06795400
0.07218100 0.00428700 0.19851500
0.13150500 -0.01925900 -0.17437001
0.21157800 -0.02394600 0.00857900
-0.13031200 -0.02160000 0.17444900
0.08900700 0.01527700 -0.20174600
0.00613000 -0.02502100 -0.22277600
-0.14810599 0.01189400 -0.17019300
-0.19898900 -0.02164800 -0.10617400
0.18630800 -0.03564900 -0.10750500
0.20904300 -0.01788700 0.03553200
0.09293600 0.04148100 0.19014899
-0.04085900 -0.00576300 0.21028601
0.14504901 -0.02570300 -0.16202199
-0.08623300 -0.00270600 0.19772699
-0.17766500 0.04047100 -0.13914700
0.19861600 0.03108000 -0.08192900
0.20133200 -0.00048000 -0.07238400
0.01871900 -0.01485500 -0.22192800
-0.01317800 -0.01809800 -0.22277600
0.04921900 -0.01560000 -0.21622600
-0.20584600 -0.01648800 -0.09240300
-0.22339199 -0.00873700 -0.02054700
-0.15247899 0.04192200 -0.16620600
-0.06498700 -0.01294700 -0.21552600
-0.21099199 0.01322000 0.07092400
0.20726800 0.03587100 0.04177200
0.08521200 -0.02523700 0.19346701
-0.22144000 0.02573100 0.03185700
0.04518600 0.04133500 -0.21698000
0.21003801 0.03532100 -0.03495200
0.18636400 -0.02958800 -0.10739200
0.11953300 0.01269700 -0.18343100
-0.19814099 0.02629100 -0.10787700
-0.19794101 0.03211600 0.09852900
0.16522799 -0.02827300 0.12995100
0.07829900 0.02224800 0.19614500
-0.10140900 0.00325100 0.19184799
0.00937600 0.03019200 0.21302600
0.09103800 0.00165500 0.19121000
0.19799501 -0.03618200 0.07428400
0.10895000 -0.01964900 -0.18998399
0.21115801 -0.02177900 -0.02286200
-0.19516499 -0.03454600 -0.11385300
0.21220499 -0.02940400 -0.01157300
-0.03641400 -0.03128100 0.21111700
0.14087300 -0.00673200 -0.16583000
0.21005300 0.03704700 -0.03479200
-0.04376500 0.00816600 0.20974299
0.05746100 0.02155700 -0.21396700
0.16748799 0.01941600 -0.13670801
0.18069200 0.00389200 -0.11878300
-0.01321200 0.01647600 -0.22277600
0.19411799 -0.03038200 0.08207000
-0.13939001 0.02481800 -0.17813800
0.20990200 -0.01168700 -0.03642300
-0.11228600 0.00504000 0.18561000
-0.10264000 0.00622700 0.19137099
0.08183900 0.02992000 -0.20452300
-0.01021300 -0.02209700 -0.22277600
-0.22124800 0.02841400 -0.04367900
0.11799500 -0.00422700 0.17463399
0.16511400 0.00581800 -0.13985100
0.04517400 -0.00857700 0.20723300
0.00497000 0.03520400 0.21302600
0.09798600 0.03464700 0.18702200
-0.16890600 0.00484400 -0.15074600
0.02447000 0.01130300 -0.22085300
-0.07931200 0.03651600 -0.21015801
-0.09214200 0.02011800 0.19543800
-0.14515500 0.03489700 0.16313300
-0.18631101 -0.02514000 0.11794800
-0.13853800 0.00113700 0.16916500
-0.22162600 -0.01146300 0.02985200
0.11994200 0.00128000 -0.18317799
0.00210200 0.03183700 0.21302600
0.21074399 -0.02707500 -0.02733500
-0.06598600 -0.02958000 -0.21532100
0.21035799 0.01563100 -0.03150400
-0.13148400 -0.01616700 0.17372300
-0.18660700 -0.01613000 -0.12730500
-0.09500000 -0.02136400 -0.20408100
-0.03778200 0.03065900 -0.22061101
0.09890000 0.00462900 0.18645699
0.21221700 0.03670500 -0.01143800
0.21018800 0.03860600 0.02358500
-0.07945400 -0.01802400 -0.21010301
-0.12979101 0.03126200 0.17477100
0.19717599 -0.01704900 0.07592700
-0.20893499 -0.00685100 0.07645000
0.12728800 -0.00710500 -0.17821400
0.06333300 0.02258200 -0.21169300
0.21239600 0.03404300 -0.00024800
0.07558200 -0.02985000 0.19719701
0.08898600 -0.00370700 0.19200400
0.19032300 -0.02727000 0.08969000
0.05811400 -0.01796300 0.20396399
-0.17089300 0.02590600 -0.14811400
0.12505201 -0.03108600 0.17026401
-0.16647500 -0.00167900 -0.15344700
0.01701800 0.01170500 0.21249600
0.21038599 -0.03880900 -0.03119300
-0.18563899 -0.02327900 -0.12858699
0.07743000 -0.01717400 -0.20623100
-0.11749600 0.02051500 -0.19213399
0.00877000 0.00888300 0.21302600
0.20953500 0.02982500 -0.04038200
0.15298000 -0.04064300 -0.15479200
-0.22162400 0.01855000 -0.03962400
0.21117800 0.01308500 0.01290000
-0.19798100 0.01904100 -0.10819800
0.17240500 0.02588900 0.12044700
0.20587800 0.02730300 0.04665700
-0.02190700 -0.02112000 0.21302600
0.20867200 -0.03613200 0.03683800
-0.22167200 0.02062800 0.02935000
0.19306700 -0.00708600 0.08417900
-0.22364099 -0.03793900 0.00810400
-0.20851900 0.03216300 0.07728400
-0.20151800 -0.00408900 0.09134400
-0.06493700 0.00523700 -0.21553500
-0.18106300 0.02346300 -0.13464700
-0.19840001 -0.00994600 -0.10735600
-0.15504000 -0.03302000 0.15412100
0.14996500 -0.00907200 -0.15754101
0.14247601 -0.00506600 0.15461800
0.15362400 -0.01737200 0.14445500
0.13748300 0.02414200 0.15917000
0.10855300 0.02221100 0.18048000
-0.10389700 -0.00863900 -0.20055400
-0.07825100 -0.00053000 -0.21056899
0.12208100 -0.01355400 0.17210300
0.09230000 -0.00673600 0.19054300
-0.03556800 0.02644600 0.21127500
0.20426300 -0.01215900 -0.06208400
-0.22163101 -0.00956400 0.02979200
-0.20241700 0.02902300 0.08954000
-0.20510900 -0.00095200 0.08413400
0.13054501 0.00762300 0.16549499
-0.20413600 0.00260200 0.08608600
0.16018499 0.02323700 -0.14637899
-0.21689101 -0.02949500 -0.05994300
-0.22241101 -0.00070500 -0.03112900
-0.22050700 -0.00858700 0.03748300
0.01658800 -0.00171600 0.21257600
0.10636600 0.03523000 -0.19158401
0.16946401 -0.01551100 0.12434200
-0.00937600 -0.01275100 0.21302600
0.07509500 0.03078900 -0.20713601
-0.07323100 0.04107900 -0.21251400
-0.22184099 -0.00745100 0.02753100
-0.19214700 -0.02155400 0.11016500
-0.11531900 0.01328600 0.18373200
-0.15456800 -0.04033100 0.15455200
-0.07924800 0.01226700 0.20043300
0.18605199 0.02692500 -0.10801700
-0.18713801 -0.01605800 -0.12660301
-0.12207400 -0.03045700 -0.18929900
-0.18182901 0.02457900 0.12388300
-0.15495400 0.03971800 0.15419900
0.12921800 0.02087200 0.16670500
0.07762300 0.02563200 0.19640601
0.06311700 -0.03833400 -0.21177600
-0.06988000 -0.01372400 -0.21381199
0.21247900 -0.01853100 -0.00113400
-0.10755000 0.03388200 0.18854301
-0.05980300 -0.02247000 0.20674500
0.17449901 -0.02310900 -0.12742400
-0.19013700 -0.01085700 0.11288100
-0.13483500 -0.01139400 -0.18139800
-0.21908601 0.03929700 -0.05222500
0.15958400 0.00989400 -0.14717500
0.21005000 0.03871600 0.02507100
0.12624800 0.03013800 -0.17916200
0.02991900 0.00687000 -0.21983400
0.00061300 0.00242900 0.21302600
-0.22275400 -0.01641200 -0.02742300
0.09806200 -0.01052600 -0.19672599
-0.16428800 0.02487600 0.14569101
-0.15322199 -0.03796500 -0.16552800
0.21010201 0.04110200 -0.03426600
-0.22174500 -0.02365300 -0.03831300
0.07261400 0.03383600 -0.20809700
0.15007401 0.03247500 0.14769199
0.21103100 -0.02939000 -0.02423900
0.11068100 -0.03532500 -0.18891200
0.12512900 -0.03850600 -0.17996600
0.19240400 0.03401900 -0.09526200
-0.20566399 -0.02641100 -0.09276700
0.01161700 -0.03580300 -0.22277600
