0.34222648 -0.31847563 0.03547802
0.34596291 -0.45058560 0.00717865
0.37192431 -0.41454023 0.03201649
0.30636799 -0.35559350 0.01634428
0.37192431 -0.44576418 0.00515331
0.37192431 -0.34624130 0.02739545
0.32923353 -0.45058560 0.02580633
0.37192431 -0.32384411 0.02415082
0.37192431 -0.36385354 0.02522350
0.37192431 -0.32275075 0.01557955
0.31699187 -0.41997123 0.03547802
0.30636799 -0.43124053 0.01782958
0.37192431 -0.42322195 0.00731670
0.37192431 -0.31326661 0.01564777
0.33822241 -0.35986474 -0.00000000
0.32536900 -0.39900705 0.03547802
0.30662364 -0.39774802 -0.00000000
0.30636799 -0.43513548 0.02364679
0.33123764 -0.31973621 -0.00000000
0.32707450 -0.36931357 -0.00000000
0.34879076 -0.45058560 0.01991340
0.36797643 -0.33410028 -0.00000000
0.36157003 -0.35557690 -0.00000000
0.33188376 -0.31681532 0.03547802
0.36101085 -0.34070489 0.03547802
0.36050367 -0.40514481 -0.00000000
0.30636799 -0.33582547 0.03136396
0.30636799 -0.43448451 0.02596649
0.31885079 -0.44462132 -0.00000000
0.30636799 -0.33014986 0.01812273
0.30636799 -0.35057533 0.00784479
0.34774527 -0.45058560 0.01501644
0.35497990 -0.40498278 0.03547802
0.37192431 -0.32075790 0.01578294
0.30636799 -0.32600468 0.01752213
0.31294239 -0.37213358 -0.00000000
0.37192431 -0.43837452 0.01872636
0.33239356 -0.41011557 -0.00000000
0.32961234 -0.44513935 -0.00000000
0.34546387 -0.38269529 0.03547802
0.30636799 -0.35094404 0.01419640
0.37192431 -0.43008131 0.01861364
0.36388960 -0.39760423 0.03547802
0.36131245 -0.32886043 -0.00000000
0.35186082 -0.42267755 -0.00000000
0.30636799 -0.37807375 0.02484133
0.30636799 -0.42718259 0.01590966
0.33060399 -0.39912510 -0.00000000
0.37192431 -0.44307312 0.02534118
0.30994403 -0.31187966 0.03547802
0.35457435 -0.37089083 0.03547802
0.37192431 -0.40379298 0.02935667
0.36489967 -0.38045016 -0.00000000
0.37192431 -0.32435811 0.02599598
0.34319347 -0.40780175 -0.00000000
0.35865584 -0.31496799 -0.00000000
0.30636799 -0.33064359 0.00021338
0.37192431 -0.36779487 0.00143668
0.37152207 -0.38823563 0.03547802
0.35071301 -0.45058560 0.01831572
0.36782521 -0.42340446 0.03547802
0.36075568 -0.31249669 0.03547802
0.30636799 -0.32245618 0.01757531
0.37192431 -0.39498767 0.02653342
0.30636799 -0.43223283 0.02158550
0.31587833 -0.36594078 -0.00000000
0.37192431 -0.35274601 0.00920782
0.32183358 -0.32137191 0.03547802
0.37192431 -0.39713299 0.02967901
0.30636799 -0.33919933 0.01748838
0.34178084 -0.42759383 -0.00000000
0.35874864 -0.36831656 0.03547802
0.37192431 -0.34088588 0.02548686
0.30636799 -0.39651990 0.02965634
0.37192431 -0.44752380 0.02583154
0.37192431 -0.42711017 0.01634358
0.35894686 -0.42971808 0.03547802
0.33623722 -0.45058560 0.00922479
0.34406671 -0.43195465 0.03547802
0.37192431 -0.35297415 0.02937168
0.32293069 -0.45058560 0.00995895
0.31206635 -0.45058560 0.00071799
0.32053927 -0.45058560 0.03348416
0.37192431 -0.39232448 0.02492812
0.33184370 -0.43819064 0.03547802
0.33456558 -0.36033377 -0.00000000
0.37192431 -0.40185198 0.01527254
0.35658616 -0.34675476 0.03547802
0.35819146 -0.38064033 -0.00000000
0.35202152 -0.44844395 0.03547802
0.34766102 -0.35948688 -0.00000000
0.36972117 -0.31595826 -0.00000000
0.37192431 -0.36507508 0.01525430
0.31144211 -0.36999589 -0.00000000
0.37192431 -0.37855658 0.01036228
0.33785078 -0.32609659 0.03547802
0.34163409 -0.39247921 -0.00000000
0.30636799 -0.32576644 0.00236950
0.34516725 -0.39148486 0.03547802
0.30636799 -0.44863957 0.01861608
0.30735740 -0.42919511 0.03547802
0.35848674 -0.40316814 0.03547802
0.30636799 -0.39938280 0.00082354
0.37192431 -0.35106105 0.00725929
0.32921004 -0.35472196 0.03547802
0.34472477 -0.35851526 -0.00000000
0.35444108 -0.33156922 0.03547802
0.37192431 -0.40295982 0.00939996
0.30636799 -0.44046962 0.01816719
0.36847782 -0.35097471 -0.00000000
0.37192431 -0.40812528 0.00434234
0.37192431 -0.34515336 0.00667252
0.36381006 -0.40477249 0.03547802
0.35730317 -0.44893739 0.03547802
0.37192431 -0.41959572 0.02129559
0.33828270 -0.38948247 0.03547802
0.37192431 -0.38279095 0.02998033
0.35745060 -0.34186524 -0.00000000
0.37192431 -0.33035967 0.01975254
0.32247290 -0.40322843 -0.00000000
0.30636799 -0.38430631 0.02300568
0.37192431 -0.38463214 0.00177794
0.31112662 -0.45058560 0.02092792
0.37192431 -0.34639633 0.01730724
0.37192431 -0.31150767 0.01906042
0.30636799 -0.39165425 0.01483296
0.36798322 -0.43440163 0.03547802
0.33622372 -0.42725095 0.03547802
0.37192431 -0.32889777 0.03467702
0.36137438 -0.42371836 -0.00000000
0.33618483 -0.45058560 0.00930301
0.36513638 -0.39581394 -0.00000000
0.32378808 -0.41111329 -0.00000000
0.34092501 -0.32061803 0.03547802
0.34130412 -0.36019871 -0.00000000
0.36432305 -0.43408388 -0.00000000
0.32844508 -0.41084144 -0.00000000
0.30636799 -0.39544979 0.02463770
0.35511792 -0.38551429 0.03547802
0.30636799 -0.43952578 0.01298973
0.37192431 -0.39977267 0.01024947
0.37192431 -0.33015391 0.02420535
0.32436275 -0.35884228 -0.00000000
0.32344460 -0.43481198 -0.00000000
0.36836496 -0.32245654 -0.00000000
0.36770257 -0.45058560 0.00064557
0.34399378 -0.35854346 -0.00000000
0.31981510 -0.36617991 -0.00000000
0.35792148 -0.33624974 0.03547802
0.30636799 -0.43474057 0.00948459
0.30636799 -0.36265162 0.00916748
0.30636799 -0.38486677 0.00377206
0.31381565 -0.39175040 -0.00000000
0.37192431 -0.35509759 0.03519264
0.36543715 -0.36442032 -0.00000000
0.36692184 -0.38024756 -0.00000000
0.36281490 -0.33377057 -0.00000000
0.36269364 -0.31248814 0.03547802
0.37192431 -0.42878377 0.01053420
0.31077078 -0.43167162 -0.00000000
0.31442627 -0.37822825 0.03547802
0.37192431 -0.33819941 0.03265204
0.37192431 -0.42630276 0.02866012
0.30761257 -0.37719664 -0.00000000
0.30636799 -0.38020501 0.00454834
0.33259550 -0.43024707 -0.00000000
0.32930720 -0.32599199 -0.00000000
0.30655125 -0.40368843 -0.00000000
0.37192431 -0.32234702 0.02405223
0.30636799 -0.37142932 0.01078395
0.35588214 -0.42453218 -0.00000000
0.30636799 -0.31195599 0.02292181
0.30636799 -0.44517589 0.02337110
0.36558533 -0.37335637 0.03547802
0.35874265 -0.45058560 0.02926862
0.34554812 -0.42263061 0.03547802
0.33313972 -0.45058560 0.00964134
0.35564905 -0.45058560 0.01601890
0.36646059 -0.43425739 -0.00000000
0.30636799 -0.38649762 0.01079253
0.33473518 -0.33405417 -0.00000000
0.32586482 -0.37418997 0.03547802
0.30653936 -0.39922470 -0.00000000
0.37192431 -0.44104725 0.01349352
0.37192431 -0.42512879 0.02135871
0.30636799 -0.40962926 0.01005391
0.37192431 -0.40736538 0.00826450
0.30636799 -0.39077410 0.03279712
0.34557700 -0.44759235 0.03547802
0.35629973 -0.35231587 -0.00000000
0.35121909 -0.44675747 -0.00000000
0.37192431 -0.43459016 0.01860551
0.31643951 -0.32676634 -0.00000000
0.37192431 -0.43415338 0.02082989
0.36213836 -0.38642853 -0.00000000
0.31539652 -0.33388025 0.03547802
0.33917648 -0.35660309 0.03547802
0.37192431 -0.39021364 0.00009081
0.33907005 -0.34202337 -0.00000000
0.36207950 -0.33408257 -0.00000000
0.30636799 -0.38419884 0.03340168
0.37131068 -0.38056001 -0.00000000
0.34109607 -0.41872397 0.03547802
0.36533150 -0.39841065 -0.00000000
0.32693344 -0.40975970 -0.00000000
0.31804499 -0.37642244 0.03547802
0.33236232 -0.45058560 0.00978582
0.32436562 -0.41012013 -0.00000000
0.37192431 -0.43241191 0.01521937
