-0.54029322 0.62261468 0.61496127
-0.51818585 0.63283896 0.62411839
-0.46867064 0.60345489 0.43034256
-0.55075181 0.53423691 0.60654175
-0.48626453 0.50360602 0.43408784
-0.38120237 0.58714068 0.49853882
-0.56153393 0.50632900 0.58051139
-0.50627941 0.60691607 0.62905020
-0.47355011 0.55845380 0.64260709
-0.47381797 0.60785621 0.42893234
-0.38479212 0.55200642 0.58155614
-0.36882171 0.63806212 0.54300016
-0.57140189 0.60584825 0.55668801
-0.44500610 0.60788453 0.44014475
-0.57358199 0.52960807 0.55142480
-0.44343120 0.43317142 0.44079709
-0.44709769 0.59109205 0.43927836
-0.52736843 0.56372207 0.62031490
-0.57897049 0.59669703 0.53841585
-0.45062658 0.44097155 0.43781665
-0.36836174 0.48108810 0.54188973
-0.36669940 0.57396722 0.53355211
-0.39568117 0.45841679 0.46358383
-0.41095561 0.47929505 0.45424891
-0.43052736 0.62715244 0.44614202
-0.39257330 0.61433262 0.60034162
-0.38401747 0.59098411 0.49174252
-0.41706374 0.44874182 0.61970967
-0.39192942 0.56664461 0.47264138
-0.40334588 0.49796933 0.61402756
-0.57041919 0.62641913 0.55906051
-0.39676023 0.60249805 0.61044973
-0.48496172 0.46170908 0.43354821
-0.48664603 0.58402807 0.43424588
-0.46503395 0.47949663 0.63957959
-0.44324836 0.45782667 0.44087282
-0.57679319 0.43644300 0.52775639
-0.45774677 0.45469666 0.63656110
-0.50772256 0.57098544 0.62845242
-0.52657360 0.50024933 0.45078439
-0.49422237 0.61565542 0.43738410
-0.47654444 0.44477099 0.64136684
-0.38883018 0.50884253 0.48012361
-0.48307112 0.44940215 0.63866341
-0.44583151 0.57548058 0.43980283
-0.55021662 0.45533249 0.46359465
-0.36845604 0.56217647 0.54211736
-0.49133602 0.61384726 0.43618855
-0.47241643 0.60676801 0.42879099
-0.53789800 0.51162541 0.45547512
-0.43600780 0.62958688 0.62755656
-0.56696957 0.48792407 0.50403994
-0.36677709 0.50994182 0.53806400
-0.39958000 0.54765171 0.45896083
-0.52003372 0.52101785 0.62335300
-0.57420868 0.50415981 0.54991186
-0.57023531 0.51027894 0.55950439
-0.41252494 0.63355267 0.45359886
-0.57059646 0.55031168 0.55863255
-0.43808937 0.46353847 0.44300973
-0.54193962 0.55269450 0.45714921
-0.57261240 0.56110245 0.55376565
-0.39506277 0.59052199 0.60635173
-0.49397871 0.46929127 0.43728319
-0.40751880 0.63469929 0.45567247
-0.53668112 0.61756742 0.45497108
-0.37770733 0.51582104 0.50697654
-0.55974191 0.63393945 0.48659089
-0.47396028 0.61599326 0.42899129
-0.48554248 0.60159105 0.63763970
-0.46502227 0.49678186 0.43185377
-0.51952082 0.46452507 0.62356544
-0.52616554 0.61352819 0.62081313
-0.46433929 0.47223514 0.63929182
-0.39438435 0.45709029 0.60471386
-0.39356604 0.45578003 0.46869025
-0.53808576 0.49133894 0.45555291
-0.56324792 0.44954050 0.57637352
-0.42488766 0.58982062 0.62295043
-0.38096204 0.48520848 0.49911901
-0.45844361 0.55376142 0.43457872
-0.56532472 0.54680949 0.50006896
-0.56309921 0.43091917 0.57673258
-0.51259553 0.62808591 0.44499448
-0.40244043 0.52951223 0.61365247
-0.51871377 0.53533840 0.44752875
-0.44539604 0.63776672 0.43998322
-0.47223985 0.60248095 0.42886415
-0.49928755 0.63080162 0.63194633
-0.45311135 0.54540926 0.63464105
-0.39403325 0.46088210 0.46756229
-0.36732352 0.62466717 0.53204542
-0.37878969 0.57969999 0.56706506
-0.53495395 0.45829877 0.45425564
-0.39169064 0.58670008 0.59821063
-0.47825292 0.57900339 0.64065915
-0.56870985 0.46754584 0.50824130
-0.47777790 0.46545514 0.64085591
-0.43102834 0.54657131 0.44593450
-0.41910797 0.56625158 0.45087209
-0.36922377 0.45171776 0.52745777
-0.50603026 0.57237631 0.44227508
-0.36682540 0.44848311 0.53324789
-0.55575299 0.43436873 0.59446782
-0.57368433 0.53184944 0.52025086
-0.49082214 0.51152664 0.43597567
-0.55897200 0.58562005 0.58669639
-0.50787181 0.62853533 0.62839061
-0.56010699 0.52974850 0.58395636
-0.52349967 0.49842140 0.44951114
-0.53344285 0.57616729 0.45362973
-0.44593307 0.55673879 0.63166773
-0.48283967 0.57765293 0.43266925
-0.36629400 0.56880534 0.53689772
-0.43137860 0.63548738 0.62563908
-0.37963045 0.52701229 0.50233382
-0.43779150 0.59686226 0.62829536
-0.43403545 0.46553791 0.44468892
-0.41947585 0.58349627 0.62070876
-0.41233605 0.47859251 0.61775136
-0.57001132 0.47263896 0.56004524
-0.56337237 0.48999754 0.49535549
-0.56962949 0.54261535 0.51046163
-0.55563682 0.63060421 0.47668022
-0.56199580 0.45578822 0.49203214
-0.41999143 0.61801589 0.45050615
-0.48131102 0.59551126 0.63939244
-0.39794213 0.46380708 0.61178923
-0.55741721 0.54539293 0.59044999
-0.38429120 0.51482660 0.58034682
-0.56618714 0.49801368 0.50215107
-0.49712431 0.48441231 0.43858612
-0.52134860 0.52253646 0.44862014
-0.38275957 0.58826387 0.49477938
-0.57132739 0.49246994 0.55686784
-0.38832697 0.44206709 0.48133847
-0.56808656 0.59906507 0.50673664
-0.44948095 0.43342698 0.63313729
-0.38434845 0.49194306 0.58048505
-0.49537051 0.59004533 0.43785968
-0.43801725 0.57212359 0.44303960
-0.57063681 0.53514874 0.55853516
-0.55847538 0.64067620 0.48353314
-0.43317851 0.44426438 0.44504389
-0.52794468 0.46633142 0.62007618
-0.47694790 0.60760856 0.64119971
-0.38083994 0.49469176 0.57201481
-0.37861553 0.63480598 0.50478405
-0.54906344 0.49059319 0.61061776
-0.53354764 0.51993191 0.61775535
-0.41176817 0.46751398 0.45391235
-0.40723929 0.54889244 0.61564022
-0.55798566 0.56969303 0.48235089
-0.43885136 0.59158075 0.44269413
-0.57019299 0.45657331 0.55960661
-0.47586840 0.49552274 0.64164686
-0.50446332 0.48389184 0.62980247
-0.42828298 0.49451628 0.44707167
-0.57362801 0.58476329 0.55131376
-0.36648244 0.50852114 0.53735268
-0.55175453 0.55999553 0.60412091
-0.39711508 0.53788209 0.61130643
-0.56840384 0.47629461 0.50750256
-0.48572007 0.46547082 0.43386233
-0.37126321 0.53943771 0.52253413
-0.49568582 0.60262382 0.63343823
-0.43220726 0.61833560 0.44544619
-0.49949524 0.44909194 0.63186032
-0.55312848 0.56664062 0.47062454
-0.44766179 0.56757361 0.43904471
-0.37631637 0.52531052 0.56109393
-0.48009738 0.43242252 0.43153337
-0.40446514 0.53403699 0.61449116
-0.56378990 0.48139277 0.57506502
-0.36645854 0.63103080 0.53413367
-0.56320953 0.52813423 0.49496245
-0.56978112 0.52756661 0.56060094
-0.56260794 0.58057690 0.49351001
-0.53994519 0.58402634 0.61510539
-0.52731413 0.45680764 0.45109114
-0.57650924 0.46092764 0.54435790
-0.39009094 0.51408666 0.47707987
-0.56725687 0.44244781 0.50473350
-0.51675582 0.63113123 0.44671774
-0.57473892 0.48076543 0.52279693
-0.56435168 0.58706290 0.49771973
-0.36839023 0.43457299 0.54195851
-0.57536346 0.53264385 0.52430463
-0.38632515 0.52404636 0.58525723
-0.56688476 0.59370589 0.50383520
-0.38285398 0.61228013 0.49455145
-0.37459707 0.45950547 0.51448542
-0.38356096 0.50856018 0.57858384
-0.47557008 0.59905797 0.42965809
-0.40722749 0.63878626 0.61563534
-0.48497745 0.52744901 0.63787377
-0.57858008 0.62861234 0.53935832
-0.47978902 0.56671643 0.43140560
-0.41849488 0.63230526 0.62030244
-0.48608133 0.61027974 0.63741654
-0.54512185 0.45293912 0.61296117
-0.45459661 0.57415962 0.43617222
-0.55434078 0.45936641 0.59787714
-0.55196840 0.47503102 0.46782392
-0.38879949 0.55270493 0.48019773
-0.40693408 0.51412982 0.61551380
-0.37940785 0.59253269 0.56855738
-0.46606484 0.56287277 0.43142191
-0.57168013 0.62983131 0.51541227
-0.39538735 0.47621843 0.46429318
-0.56713831 0.50383359 0.56698120
-0.44316709 0.57521838 0.63052201
-0.37591159 0.56016034 0.56011665
-0.57529676 0.50818068 0.52414358
-0.36726800 0.45526916 0.53217942
-0.57932758 0.48973033 0.53387493
-0.42554680 0.44010830 0.44820502
-0.39355037 0.63212103 0.60270041
-0.41616350 0.54908395 0.45209172
-0.36630660 0.60585600 0.53450048
-0.55309409 0.55844873 0.60088694
-0.53266454 0.49528375 0.45330733
-0.38224864 0.43792406 0.57541567
-0.57391423 0.62921965 0.55062270
-0.39039871 0.52797014 0.47633684
-0.42821452 0.45119962 0.62432843
-0.56845981 0.50140405 0.56379080
-0.53149784 0.56917459 0.45282409
-0.47468624 0.53570908 0.42929199
-0.55398798 0.60099602 0.59872895
-0.47917980 0.51857442 0.43115327
-0.56464231 0.52910131 0.49842140
-0.49716589 0.49668020 0.43860334
-0.53014493 0.43456358 0.45226371
-0.47715345 0.49169740 0.43031392
-0.55307955 0.52769625 0.47050643
-0.50308871 0.60581720 0.44105664
-0.44489756 0.44949088 0.63123882
-0.51572424 0.50028694 0.62513804
-0.41464800 0.54308951 0.45271948
-0.37485525 0.54075241 0.55756640
-0.46976709 0.50907582 0.64154011
-0.54947180 0.57183379 0.60963202
-0.49400827 0.60440719 0.63413310
-0.56188715 0.62290412 0.49176982
-0.54933172 0.51606816 0.60997015
-0.40011084 0.45111057 0.45874095
-0.38297874 0.45183325 0.49425030
-0.52044404 0.56388998 0.62318301
-0.53736985 0.55279773 0.61617213
-0.37057301 0.56909180 0.52420038
-0.52611214 0.44460428 0.45059326
-0.39412448 0.62013108 0.46734202
-0.49139941 0.57313168 0.63521373
-0.53487653 0.62982261 0.45422357
-0.39557523 0.55370557 0.60758889
-0.49784473 0.55465996 0.63254398
-0.54876179 0.48558521 0.46008238
-0.47049254 0.62206769 0.64184058
-0.51134008 0.48119566 0.44447449
-0.39109665 0.53960431 0.59677666
-0.43226430 0.59777409 0.44542256
-0.55320525 0.61425662 0.60061866
-0.43239564 0.61538321 0.62606037
-0.55387664 0.51667595 0.59899771
-0.37928444 0.51395309 0.50316912
-0.36800629 0.58392853 0.54103154
-0.57403165 0.60657287 0.55033916
-0.39462709 0.59168363 0.46612862
-0.51619828 0.63471705 0.44648680
-0.51623428 0.43911460 0.62492675
-0.55399173 0.45867637 0.59871989
-0.54464513 0.60245210 0.61315864
-0.36813518 0.50617278 0.54134274
-0.37058824 0.62435836 0.52416360
-0.48697743 0.48748305 0.63704532
-0.50546306 0.60423398 0.62938833
-0.52647614 0.54875439 0.62068444
-0.49254486 0.52585465 0.43668926
-0.51821607 0.63307530 0.44732261
-0.53425926 0.63610423 0.61746061
-0.37063682 0.47693327 0.54738230
-0.46276167 0.43126696 0.63863838
-0.45411509 0.52378106 0.63505685
-0.51682198 0.48881033 0.62468332
-0.42458099 0.59365529 0.44860509
-0.56791866 0.44752514 0.50633121
-0.45075482 0.44545212 0.43776354
-0.48621243 0.52792430 0.63736224
-0.56139141 0.50255030 0.49057308
-0.39487368 0.48446643 0.46553332
-0.36912563 0.60052627 0.54373389
-0.38654041 0.58084780 0.58577693
-0.43790638 0.43741068 0.62834299
-0.57898909 0.55055642 0.53837091
-0.54322559 0.44685805 0.45768186
-0.54208922 0.43784469 0.45721117
-0.43951660 0.43454155 0.44241855
-0.44467732 0.43503353 0.63114756
-0.45625049 0.54804546 0.43548715
-0.37594610 0.62667638 0.51122856
-0.56536186 0.46210030 0.50015861
-0.45137227 0.43093053 0.43750778
-0.45309523 0.61032510 0.43679410
-0.56878495 0.45541617 0.56300586
-0.38145646 0.43738621 0.49792534
-0.44980708 0.62348682 0.43815610
-0.55286008 0.44908747 0.46997660
-0.36749086 0.47397771 0.53164136
-0.42542225 0.60377133 0.44825664
-0.56132686 0.47802970 0.49041721
-0.54317784 0.51575017 0.45766211
-0.46311876 0.52972811 0.63878626
-0.57478154 0.64034474 0.52289969
-0.48139766 0.45997140 0.43207195
-0.44494095 0.63883334 0.44017172
-0.45149177 0.44446313 0.63397020
-0.38913813 0.54317737 0.47938016
-0.57416499 0.61140972 0.55001736
-0.55037200 0.59408122 0.60745865
-0.36605045 0.46818256 0.53511882
-0.54509604 0.59734857 0.61297184
-0.49170220 0.57093912 0.63508826
-0.47324967 0.50757891 0.42869693
-0.44700706 0.48137629 0.43931592
-0.49558002 0.48058540 0.63348204
-0.45724788 0.50510389 0.63635451
-0.56251341 0.60970730 0.57814670
-0.57035488 0.45112848 0.51221281
-0.54713696 0.52137727 0.61212647
-0.56819797 0.64129335 0.56442302
-0.47226143 0.53699952 0.64257330
-0.45791280 0.60526514 0.43479860
-0.48380384 0.58248258 0.43306860
-0.38307795 0.51021498 0.49401075
-0.38631427 0.60729760 0.58523095
-0.55856812 0.46461076 0.48375702
-0.54365987 0.45925960 0.45786175
-0.40915412 0.54744357 0.61643338
-0.37996668 0.53692466 0.56990653
-0.40001985 0.50226671 0.45877865
-0.39146754 0.52134550 0.47375646
-0.55848533 0.48834419 0.58787143
-0.45589647 0.63746786 0.63579470
-0.55521703 0.62642658 0.47566679
-0.37078685 0.49344996 0.54774439
-0.37989303 0.48454437 0.56972873
-0.41083419 0.44970658 0.61712927
-0.37929603 0.49585566 0.56828743
-0.55593187 0.51997548 0.47739249
-0.47756019 0.62928957 0.64094609
-0.57528687 0.52618498 0.54730886
-0.44360149 0.58662665 0.44072655
-0.37344030 0.54237908 0.51727819
-0.53201997 0.50383449 0.61838812
-0.45626834 0.46229658 0.43547976
-0.43835434 0.50982118 0.62852854
-0.36780888 0.62536883 0.54055500
-0.49081764 0.47956455 0.43597382
-0.55658776 0.53868818 0.47897598
-0.37452969 0.45942500 0.51464814
-0.51097947 0.56261158 0.62710339
-0.41719988 0.62067413 0.61976606
-0.55760717 0.53763223 0.58999139
-0.37270582 0.43588912 0.51905137
-0.36762461 0.53404933 0.54011011
