-0.10760941 -0.05224555 0.02800120
0.10588286 -0.01832821 -0.04602735
-0.10395434 -0.01309851 -0.03804346
-0.02318478 -0.13311535 -0.11443590
0.05147765 -0.13829267 -0.10332756
-0.09504090 -0.12254085 0.06253297
0.01759270 -0.00918732 0.10930239
-0.11048718 -0.03154260 -0.02009460
0.00296287 -0.00982792 0.11188203
0.11069680 -0.07403276 0.04015836
-0.05838197 -0.04913368 -0.09411478
0.11069680 -0.00208454 0.01647086
-0.09658188 -0.08483932 0.05829917
0.04225332 -0.04241991 0.10495406
0.11069680 -0.10348243 -0.01277711
0.11069680 -0.13664185 0.01042385
-0.08767295 -0.00299594 0.07720362
0.08643612 -0.14075989 -0.06920307
-0.04705366 -0.06361423 -0.10065519
0.11069680 -0.07185358 -0.01366902
0.11069680 -0.10318770 0.00144340
-0.09219856 -0.06408512 0.07034226
-0.09818687 -0.09015891 0.05388948
-0.00016405 -0.03620590 -0.11243339
0.06503228 -0.05441692 0.09471115
-0.09453593 -0.00792194 0.06392036
0.11069680 -0.04696198 0.01080481
0.06253102 -0.01905590 -0.09769205
-0.11512642 -0.12588562 -0.00734838
0.08771504 -0.05349201 0.06767891
0.02964447 -0.02357513 -0.10717734
-0.08972107 -0.09130993 -0.07602114
-0.11381965 -0.01758060 0.01093869
0.00823611 -0.09046696 0.11095221
0.06116066 -0.00608950 0.09932517
-0.09867036 -0.03359601 -0.05256108
0.03044222 -0.02971309 -0.10703667
-0.04433478 -0.01532972 -0.10222494
-0.10188188 -0.05844835 0.04373752
-0.11620739 -0.04952507 -0.00437842
0.08052317 -0.13707525 -0.07624985
0.03851973 -0.11376536 -0.10561239
0.06794105 -0.02333046 -0.09124462
-0.09518862 -0.02968029 -0.06212711
-0.03094295 -0.05091165 -0.10995672
-0.09094814 -0.05823028 0.07377774
0.01793788 -0.07779080 0.10924152
-0.03497218 -0.10936739 -0.10763044
0.11069680 -0.08980927 0.00570604
0.09996310 -0.08159383 -0.05308225
-0.10029345 -0.05752426 0.04810169
-0.05713423 -0.10278995 -0.09483517
-0.06778279 -0.12713726 -0.08868722
-0.10720655 -0.01264812 0.02910807
-0.07229313 -0.10798629 0.08608317
-0.11288845 -0.00517323 0.01349715
-0.08520065 -0.06902374 -0.07863101
0.00574081 -0.02798744 0.11139220
0.11069680 -0.12572438 -0.03008292
-0.06182487 -0.13535401 -0.09212703
-0.03811495 -0.15027417 0.10581596
0.06798410 -0.15085785 -0.09119332
-0.03874594 -0.07510003 0.10545166
-0.09093029 -0.07459113 0.07382679
-0.02264409 -0.13199869 -0.11474807
0.07904334 -0.03138319 0.07801344
-0.00181240 -0.13111928 -0.11272404
-0.11215967 -0.07634504 0.01549945
0.07104550 -0.04042798 0.08754489
0.07603943 -0.01225269 -0.08159336
-0.09414775 -0.07306761 0.06498688
0.10123782 -0.13859975 -0.05156310
-0.00835024 -0.08224975 -0.11387683
0.11069680 -0.09960125 0.03923631
0.00751903 -0.14520498 0.11107865
0.06221471 -0.10451609 0.09806901
-0.11361903 -0.02100858 -0.01148989
-0.05016756 -0.03002730 0.09885738
-0.09821614 -0.11350974 0.05380905
0.11069680 -0.07245031 -0.03678469
-0.02400869 -0.14888841 0.11396021
0.05058383 -0.09145034 0.10348516
-0.05681788 -0.12933992 -0.09501781
-0.07626138 -0.00233633 -0.08379210
-0.10009042 -0.12695801 0.04865951
0.07010015 -0.03138173 -0.08867151
0.08458047 -0.14968111 0.07141454
-0.09579978 -0.09788935 0.06044795
-0.07709140 -0.05371762 0.08331289
-0.08532555 -0.02986111 0.07855890
0.06955173 -0.06747026 -0.08932509
-0.03366512 -0.14811027 0.10838507
0.07470585 -0.08878547 -0.08318265
-0.10623539 -0.11076193 0.03177629
0.10303073 -0.11397538 0.04942640
-0.04144159 -0.02268264 -0.10389532
0.09525026 -0.14696389 -0.05869878
-0.09620207 -0.11332155 -0.05934269
0.04440637 -0.06694045 -0.10457441
-0.07263407 -0.13249820 0.08588633
-0.04106110 -0.01010639 0.10411500
-0.11623622 -0.11339788 0.00429920
0.11069680 -0.00285824 -0.03922751
0.06666796 -0.06770574 -0.09276184
-0.01171250 -0.10122143 -0.11446969
-0.09552563 -0.05510262 0.06120118
0.03858375 -0.06186486 -0.10560110
0.10882369 -0.12777993 -0.04252261
-0.11404330 -0.14455502 -0.01032422
0.11069680 -0.08639200 -0.01790787
0.11069680 -0.10732631 -0.03971147
0.02223590 -0.13100234 0.10848366
0.05675548 -0.08921175 0.10239693
0.07260454 -0.13296504 -0.08568690
-0.01834267 -0.02867120 0.11563877
-0.09648613 -0.04078567 0.05856222
0.04385745 -0.07342416 -0.10467120
-0.06767420 -0.06143751 -0.08874992
-0.06989188 -0.03698713 0.08746953
-0.09716032 -0.05229127 -0.05670992
0.10710875 -0.07368208 -0.04456640
-0.11406866 -0.08710457 0.01025454
-0.01294856 -0.13670167 0.11468764
-0.07489090 -0.10688213 0.08458335
-0.02040938 -0.08759100 -0.11600319
0.10134564 -0.07286995 0.05143460
0.01623803 -0.03979556 -0.10954125
0.11069680 -0.12052929 0.01861428
-0.10633872 -0.12097398 -0.03149240
-0.05268897 -0.01464653 0.09740164
0.08287076 -0.00513325 0.07345210
0.08860055 -0.11206818 -0.06662361
-0.11275593 -0.03476774 -0.01386124
0.00003614 -0.08176767 0.11239809
0.11069680 -0.08856398 0.01311230
-0.09996246 -0.03291352 -0.04901107
-0.03654573 -0.06129003 -0.10672195
0.04480235 -0.01811113 -0.10450459
-0.10079449 -0.14282733 -0.04672508
-0.06199841 -0.10446350 0.09202683
0.04936800 -0.10106796 0.10369954
-0.10628705 -0.12357455 0.03163436
0.06588852 -0.14409451 0.09369072
0.06480072 -0.01053468 -0.09498711
-0.11024524 -0.08769237 0.02075931
0.08171031 -0.05921244 0.07483506
0.09910508 -0.06073399 -0.05410479
0.00195608 -0.08369301 0.11205955
-0.08515726 -0.09081617 0.07865606
0.11069680 -0.05602265 0.00025639
0.05839254 -0.01364570 0.10210827
-0.10869665 -0.14777583 -0.02501405
-0.00893416 -0.12513661 0.11397979
-0.03540161 -0.00846602 0.10738251
0.08466274 -0.07382696 0.07131650
-0.02122317 -0.13366036 -0.11556844
-0.01515837 -0.06652235 0.11507729
-0.02454297 -0.06585609 0.11365175
-0.09144790 -0.13845338 -0.07240468
-0.00475067 -0.09511051 0.11324213
0.08931731 -0.02841865 -0.06576940
0.10567336 -0.09330265 -0.04627703
0.07603113 -0.08680565 0.08160324
-0.10645770 -0.09889118 0.03116553
0.08283284 -0.04244176 -0.07349729
0.06326181 -0.05785432 -0.09682111
0.08707258 -0.13675192 0.06844456
-0.11156957 -0.05088181 -0.01712075
-0.09049466 -0.04167103 0.07502368
-0.11005797 -0.07137714 -0.02127383
0.11069680 -0.09491505 0.02275714
0.06455196 -0.12062031 -0.09528358
-0.11099349 -0.00270063 -0.01870352
-0.07373788 -0.14633505 0.08524904
-0.06590661 -0.04251133 0.08977044
0.03231211 -0.03567754 -0.10670696
0.11069680 -0.08995921 -0.00041433
0.04484611 -0.04778696 -0.10449687
-0.02379493 -0.03946337 -0.11408363
-0.07182790 -0.15284964 0.08635177
0.07766210 -0.00705644 0.07965953
-0.06440277 -0.02310944 0.09063867
-0.10586638 -0.09902531 0.03279015
0.07994249 -0.01896664 -0.07694187
0.10996513 -0.05891090 0.04116229
-0.02835235 -0.14320180 -0.11145240
-0.10550444 -0.08175492 -0.03378458
0.11069680 -0.10395485 -0.02393030
0.07280237 -0.09087130 0.08545113
-0.05683177 -0.05837027 0.09500980
-0.04728281 -0.07112987 -0.10052289
-0.06488256 -0.02820651 0.09036167
-0.11714561 -0.06558761 0.00180067
0.11069680 -0.14667119 -0.03314072
-0.04383466 -0.13999629 0.10251369
0.07837668 -0.07807278 -0.07880793
0.09827915 -0.04316246 -0.05508910
-0.08189650 -0.08976505 0.08053866
0.11069680 -0.10809921 0.00219259
0.02840697 -0.04287849 0.10739554
-0.09086035 -0.14590344 0.07401894
0.05226404 -0.14854494 -0.10318889
-0.09672428 -0.12517180 0.05790792
-0.04919346 -0.08413669 0.09941977
0.07859823 -0.09219601 -0.07854389
-0.00681609 -0.09026734 0.11360633
-0.10490361 -0.10400596 -0.03543536
0.11069680 -0.01127422 0.00951844
0.00632162 -0.10246693 -0.11128978
-0.00509485 -0.04392636 0.11330282
0.11069680 -0.05135002 0.02093581
0.11069680 -0.14096218 -0.02294057
0.02596375 -0.13537021 0.10782634
-0.11406546 -0.09436291 0.01026332
-0.07567813 -0.07067642 -0.08412884
-0.09682034 -0.03164051 -0.05764400
0.08385876 -0.15110627 -0.07227465
-0.11062355 -0.00296400 0.01971994
-0.04616715 -0.09859087 0.10116702
-0.06645283 -0.08963203 0.08945507
-0.02128149 -0.05691991 -0.11553477
0.08147690 -0.02385114 0.07511324
0.07070323 -0.04615402 -0.08795279
-0.06911570 -0.02079156 -0.08791766
0.09296046 -0.00537035 0.06142767
0.03316856 -0.08901811 -0.10655595
-0.03690264 -0.05610960 0.10651588
0.07121085 -0.14562128 -0.08734783
-0.00951217 -0.05049260 -0.11408172
0.11069680 -0.01386626 -0.03691645
0.11069680 -0.12971096 -0.01271528
0.03671569 -0.01212137 0.10593048
-0.10643040 -0.14154160 0.03124050
-0.03364963 -0.14490770 0.10839401
-0.05603690 -0.02976468 0.09546871
-0.07385264 -0.03512058 0.08518279
0.00898918 -0.07913061 -0.11081942
-0.11469568 -0.11575389 -0.00853183
-0.09434298 -0.02141783 0.06445051
-0.02295518 -0.03325435 -0.11456846
0.09906705 -0.10675640 -0.05415011
-0.02652362 -0.04963627 -0.11250822
0.08422901 -0.07584722 -0.07183339
0.03867473 -0.05249543 0.10558505
-0.04962923 -0.03983644 0.09916818
0.00008462 -0.02782387 0.11238954
0.06001238 -0.05624845 -0.10069364
-0.09517835 -0.00798829 0.06215532
0.07742642 -0.13837202 -0.07994040
0.05078261 -0.14825518 0.10345010
-0.07044639 -0.07836679 -0.08714938
0.09735852 -0.11997886 -0.05618627
-0.00748283 -0.05858379 -0.11372389
-0.06923243 -0.02684867 0.08785027
0.10931384 -0.09557107 -0.04193848
-0.08947621 -0.10178646 -0.07616251
0.03600053 -0.05424545 -0.10605659
-0.11709631 -0.09470247 -0.00193612
-0.11101134 -0.06015498 0.01865446
-0.00738301 -0.06499639 -0.11370629
0.11069680 -0.02087292 -0.02100003
-0.10505421 -0.14015754 0.03502159
0.05930565 -0.13028584 0.10153589
-0.08678779 -0.12312637 0.07771467
-0.10953580 -0.07139489 -0.02270849
0.03337633 -0.09472267 -0.10651931
-0.00628948 -0.04179719 -0.11351347
0.11069680 -0.14718503 0.00639653
-0.10886341 -0.09731590 -0.02455589
0.02326354 -0.08566176 0.10830247
-0.05160340 -0.10468050 0.09802840
-0.02752011 -0.13054582 0.11193290
0.00694152 -0.11392199 -0.11118048
0.00697112 -0.07506045 -0.11117526
0.11069680 -0.04916674 0.01210708
-0.08920790 -0.08563890 0.07631741
0.06841516 -0.10650095 -0.09067960
0.11069680 -0.01799939 -0.03984518
0.09616905 -0.08790836 0.05760382
-0.10697677 -0.00974124 0.02973938
-0.01560164 -0.14787459 0.11515546
0.06835753 -0.02858829 0.09074829
0.09394394 -0.07706869 -0.06025561
-0.10300431 -0.00489488 -0.04065365
0.10667262 -0.12771253 -0.04508616
-0.07944738 -0.07053424 0.08195266
0.03301362 -0.03830528 -0.10658327
0.11069680 -0.09397025 0.00446970
0.09875908 -0.06828228 -0.05451714
-0.02549826 -0.02297100 0.11310022
0.02868876 -0.14807226 -0.10734586
0.00100012 -0.15330072 -0.11222811
0.09884707 -0.14266428 0.05441229
0.08281311 -0.09130415 -0.07352079
0.09921099 -0.12444808 0.05397857
-0.10766461 -0.03843496 0.02784956
0.02727108 -0.01221167 0.10759583
-0.09956872 -0.07353481 0.05009286
0.11069680 -0.13158472 -0.02459955
0.05166458 -0.12440038 -0.10329460
0.11069680 -0.13519172 -0.00019752
0.09051193 -0.05112107 0.06434571
0.08607049 -0.09311303 -0.06963882
0.08883841 -0.15348598 0.06634013
0.07891808 -0.05743992 0.07816271
-0.02525350 -0.12297305 0.11324152
-0.09831104 -0.09782462 0.05354831
-0.03440441 -0.05387549 -0.10795824
0.02731075 -0.13805330 -0.10758884
-0.00964939 -0.14846365 -0.11410591
-0.11518973 -0.13738139 -0.00717441
0.05477991 -0.12868637 -0.10274528
-0.02359492 -0.04861594 0.11419911
-0.06709652 -0.14747453 0.08908343
-0.08921242 -0.08198261 0.07631481
0.06181772 -0.07036171 0.09854212
-0.11376505 -0.00432205 -0.01108872
-0.02747388 -0.10823280 0.11195959
-0.09943254 -0.15329206 0.05046703
0.01366396 -0.12173237 -0.10999513
0.11069680 -0.03093453 -0.00586523
0.07039914 -0.02248508 0.08831518
-0.02398035 -0.03632303 -0.11397658
0.08274697 -0.03500127 -0.07359963
-0.07451633 -0.05199337 -0.08479961
0.10489314 -0.12861365 0.04720686
-0.01125188 -0.06589064 -0.11438847
0.01434208 -0.06770332 -0.10987557
0.11044841 -0.10597550 -0.04058634
0.07816231 -0.04998967 -0.07906341
-0.10840536 -0.10802382 -0.02581435
0.02742078 -0.01731995 0.10756943
0.10160636 -0.15238579 0.05112389
-0.10655300 -0.13903527 -0.03090370
-0.08000611 -0.05969179 -0.08163008
-0.09209759 -0.12622008 -0.07061967
0.05977617 -0.15261917 -0.10097514
-0.09942866 -0.02823821 -0.05047767
0.06687570 -0.04947189 0.09251426
0.05735499 -0.07602929 0.10229122
0.11069680 -0.07442981 0.01703073
0.09700485 -0.08287391 -0.05660775
0.07355872 -0.13558717 0.08454975
-0.10070420 -0.14295232 0.04697315
-0.11009452 -0.12954901 0.02117341
-0.08596758 -0.12831376 0.07818822
0.10087698 -0.04345057 -0.05199313
0.00226638 -0.06261788 -0.11200484
-0.10463051 -0.13542421 0.03618570
-0.10029982 -0.00978641 0.04808418
-0.04137693 -0.01997947 0.10393266
-0.10465154 -0.03373322 0.03612790
-0.11658090 -0.10687217 -0.00335222
0.08897413 -0.12790550 0.06617840
0.11069680 -0.14890215 0.03179617
-0.01067721 -0.08487998 0.11428715
-0.05167698 -0.03159991 0.09798592
-0.10982044 -0.12654506 -0.02192645
0.11069680 -0.03654246 -0.00026624
0.03930555 -0.06402318 0.10547382
-0.11641356 -0.00488877 -0.00381198
0.11069680 -0.02119782 0.02112084
0.05784520 -0.12983981 0.10220478
0.08991451 -0.10882275 0.06505769
-0.01248907 -0.07974087 -0.11460663
-0.10242221 -0.12953542 0.04225297
-0.10951807 -0.07450747 0.02275719
-0.09596089 -0.14566714 0.06000532
-0.05585925 -0.08494568 0.09557128
0.05218443 -0.04179194 0.10320293
-0.10856397 -0.06204585 -0.02537856
-0.11534967 -0.13706505 0.00673497
0.02267593 -0.03132590 0.10840608
-0.10312677 -0.11388169 0.04031718
0.11069680 -0.12880892 -0.00443902
-0.01476170 -0.02336629 -0.11500735
-0.11074559 -0.06318369 -0.01938462
-0.04558000 -0.00452883 0.10150601
-0.10659906 -0.10325070 0.03077715
0.00571641 -0.06316354 0.11139651
0.11069680 -0.13985237 -0.00017244
-0.11678232 -0.14049444 -0.00279883
-0.09315842 -0.11335960 -0.06770506
0.05735039 -0.07175609 0.10229203
0.06099821 -0.05700467 -0.09951878
0.10900362 -0.03326131 0.04230819
0.10416734 -0.14096862 0.04807183
-0.10001818 -0.09091602 0.04885799
-0.07323469 -0.06324258 -0.08553956
-0.03497393 -0.02871545 -0.10762943
-0.03049413 -0.00840911 0.11021584
-0.10760262 -0.09017379 -0.02801986
-0.01575987 -0.14463975 -0.11518335
-0.01354214 -0.07365645 0.11479231
0.06449141 -0.02645549 0.09535573
-0.10533965 -0.05208547 0.03423733
0.11069680 -0.01674104 0.02532597
-0.01522290 -0.11193050 -0.11508867
0.02860508 -0.11433525 -0.10736061
-0.09698740 -0.01502933 0.05718501
-0.10894781 -0.03591357 -0.02432400
-0.05890437 -0.06615613 -0.09381318
0.02384445 -0.08240269 0.10820004
-0.03033525 -0.06272345 -0.11030757
0.05887469 -0.12640339 0.10202325
0.08074651 -0.03092753 -0.07598368
0.11069680 -0.04888709 0.03933993
0.02376285 -0.02305795 -0.10821442
0.10146407 -0.05418818 0.05129346
0.01220452 -0.08501954 0.11025248
0.08505905 -0.10026716 -0.07084419
0.08652314 -0.01822754 0.06909936
-0.08389544 -0.07438606 0.07938457
0.11069680 -0.11051934 0.03632990
-0.04153728 -0.09882009 0.10384008
0.07197271 -0.01949305 0.08643989
0.11069680 -0.14537823 -0.03482036
-0.02323114 -0.08587176 0.11440913
0.09658451 -0.04717112 -0.05710870
0.06874587 -0.10554868 -0.09028548
-0.09795932 -0.03513071 -0.05451464
0.11069680 -0.12575729 0.01093036
-0.00891101 -0.09454280 0.11397572
0.11069680 -0.00141068 0.00704953
0.11069680 -0.15351315 0.00634642
-0.10515631 -0.08199418 0.03474106
-0.11724430 -0.08099442 0.00152953
0.11069680 -0.03148464 -0.01783664
-0.09146655 -0.07692806 0.07235344
0.04178370 -0.14312819 -0.10503686
-0.07389415 -0.13390908 -0.08515882
-0.09879883 -0.11344962 -0.05220814
-0.10713445 -0.08044167 -0.02930616
-0.06452736 -0.11201783 -0.09056674
0.04616217 -0.08456245 -0.10426482
0.05456487 -0.09875043 0.10278320
0.09333585 -0.08460777 -0.06098029
0.09742451 -0.10510893 -0.05610763
0.10362475 -0.06898013 0.04871846
-0.09688033 -0.13264063 0.05747916
-0.06111553 -0.04464542 -0.09253656
-0.11549926 -0.05941112 0.00632400
-0.07699174 -0.13251846 0.08337042
0.09782201 -0.10300407 -0.05563390
-0.09196497 -0.07485425 0.07098404
-0.09534654 -0.04225674 -0.06169323
0.08622642 -0.10538063 -0.06945298
0.11069680 -0.09408675 0.01951420
-0.07883055 -0.07278980 -0.08230878
-0.05188426 -0.14585575 -0.09786624
-0.05497917 -0.06172024 -0.09607939
-0.05225545 -0.08724750 0.09765194
0.09284627 -0.00344270 0.06156376
0.06746672 -0.02265355 0.09180991
0.11002886 -0.01746961 0.04108636
0.11069680 -0.03558870 -0.01582663
-0.00803665 -0.07448648 -0.11382154
-0.04001256 -0.02891105 0.10472038
-0.02856353 -0.10938300 -0.11133048
-0.04258613 -0.00949316 -0.10323452
-0.09532169 -0.10802259 -0.06176151
-0.02776745 -0.06564404 0.11179010
0.00275553 -0.09714838 -0.11191858
-0.06611374 -0.08608212 0.08965085
-0.04044440 -0.09667341 0.10447105
-0.11633419 -0.10167685 -0.00403003
-0.09826957 -0.11428111 -0.05366224
-0.04259122 -0.11562874 -0.10323159
-0.11164433 -0.13287513 -0.01691534
-0.00683181 -0.00464380 -0.11360910
0.09554196 -0.07297950 0.05835115
-0.02765812 -0.04813517 -0.11185322
-0.11544403 -0.14465670 -0.00647572
-0.11011948 -0.13359672 0.02110485
0.03336393 -0.01164595 0.10652149
0.04306643 -0.03665632 0.10481068
-0.09142347 -0.06495875 -0.07247181
0.09602424 -0.01611168 0.05777640
-0.07472514 -0.14766610 -0.08467904
0.11069680 -0.12337160 0.02278602
-0.01763390 -0.08019125 -0.11551379
-0.03792288 -0.12949802 -0.10592686
0.09860413 -0.14511473 -0.05470181
0.11069680 -0.05387929 0.02624413
0.07024790 -0.06882852 -0.08849543
0.11069680 -0.00264942 0.02874047
0.08456688 -0.09573356 -0.07143074
-0.10766913 -0.08426467 -0.02783714
-0.06829148 -0.07073803 0.08839352
0.02217256 -0.06441904 -0.10849484
0.08757713 -0.06790469 0.06784326
0.05707427 -0.00242632 0.10234072
-0.10150296 -0.13942374 0.04477857
0.00400291 -0.08401797 0.11169864
0.06888893 -0.00735513 -0.09011498
-0.05612084 -0.00394579 0.09542025
0.10592368 -0.11453865 0.04597871
-0.05600610 -0.05385222 0.09548649
0.09102253 -0.13210183 0.06373720
0.10112534 -0.04358262 0.05169715
-0.05728921 -0.01852658 -0.09474570
-0.10786508 -0.06708623 0.02729876
0.01582895 -0.14896512 0.10961339
0.04110698 -0.05872717 -0.10515618
0.07366412 -0.00915076 -0.08442413
-0.04449854 -0.11428843 -0.10213039
-0.08504797 -0.09409402 -0.07871916
0.02303661 -0.14082761 -0.10834248
0.03830026 -0.10005925 -0.10565109
0.07811124 -0.14986372 -0.07912427
0.07603604 -0.05805348 0.08159739
-0.02843464 -0.03775490 0.11140490
-0.10102418 -0.14208390 -0.04609400
0.10391977 -0.08328223 0.04836688
-0.11165129 -0.09479725 0.01689620
-0.09237038 -0.14452387 0.06987017
-0.07752620 -0.04187237 0.08306185
-0.06648152 -0.00482687 -0.08943851
-0.09532248 -0.14333750 0.06175933
-0.10021669 -0.11129721 -0.04831256
0.04220044 -0.14934663 -0.10496338
-0.08720667 -0.00677475 -0.07747283
-0.03240252 -0.02183314 0.10911404
-0.01638243 -0.06173782 -0.11529313
0.11069680 -0.03194445 0.02139369
0.10007727 -0.14007480 -0.05294618
0.11069680 -0.11187950 -0.02608835
0.01688538 -0.09481148 -0.10942711
-0.08040511 -0.03806567 -0.08139972
0.06676628 -0.04539194 0.09264465
-0.10659080 -0.02867772 -0.03079983
-0.08374206 -0.09046390 -0.07947312
0.05898547 -0.10332842 0.10191746
-0.10306599 -0.02042124 -0.04048418
-0.08325134 -0.02995903 0.07975644
0.07011370 -0.14632298 -0.08865535
0.08356614 -0.14745381 -0.07262337
-0.10734528 -0.03291501 -0.02872690
0.07850958 -0.12745491 -0.07864954
0.11069680 -0.09028821 -0.00860494
-0.07742769 -0.00988657 0.08311874
-0.10215934 -0.05633717 0.04297517
-0.03453100 -0.06656823 -0.10788515
-0.09789386 -0.10344621 0.05469453
-0.10113623 -0.02666151 0.04578615
-0.03523680 -0.15429512 0.10747766
0.09445521 -0.04416173 0.05964629
-0.02582749 -0.01972608 0.11291013
-0.09871192 -0.13092516 -0.05244691
-0.11040014 -0.00589491 -0.02033374
0.05119655 -0.08344185 -0.10337712
-0.10155082 -0.04147505 -0.04464708
0.06756712 -0.00256098 0.09169024
0.04142359 -0.09892521 -0.10510036
0.06483653 -0.06425942 0.09494444
0.04915888 -0.08621511 0.10373642
-0.10454766 -0.06849485 -0.03641333
0.11069680 -0.01695648 -0.03976548
0.09212214 -0.03197186 -0.06242673
0.11069680 -0.05068537 0.01313615
0.08135418 -0.05080101 0.07525948
0.06919169 -0.02902438 -0.08975417
-0.04475701 -0.07190552 -0.10198116
-0.09109894 -0.00642837 -0.07336342
-0.11324450 -0.04131198 -0.01251890
-0.00847855 -0.02262149 -0.11389946
-0.10818850 -0.05437452 -0.02641017
-0.11046514 -0.04940995 0.02015515
0.06632686 -0.02291523 -0.09316833
-0.04430964 -0.06647954 -0.10223945
0.11069680 -0.12829162 0.03039517
-0.10680913 -0.02826993 -0.03019996
-0.02435324 -0.08843110 -0.11376129
0.07542496 -0.09077961 0.08232564
0.04573401 -0.11443388 0.10434031
-0.11607252 -0.05772529 -0.00474897
-0.10504095 -0.14529362 0.03505800
-0.09606104 -0.01289699 -0.05973014
-0.11545454 -0.05068048 -0.00644686
-0.11776167 -0.15235661 0.00010805
-0.10484105 -0.13528164 0.03560722
-0.05471537 -0.09246297 0.09623170
-0.02885387 -0.07741457 -0.11116286
-0.09101082 -0.00613737 -0.07360555
0.05318809 -0.13848744 0.10302596
-0.06671477 -0.09484392 -0.08930384
-0.09314017 -0.03930002 -0.06775520
-0.11490675 -0.02126056 0.00795189
0.03903211 -0.12071834 -0.10552204
0.02248306 -0.08384290 0.10844009
-0.09696849 -0.07122228 -0.05723694
-0.00474221 -0.14705493 -0.11324064
0.09641563 -0.01354416 -0.05730995
-0.06932832 -0.05480709 0.08779491
-0.09304659 -0.10462129 -0.06801230
-0.00050065 -0.12629825 -0.11249274
-0.10418722 -0.00874425 -0.03740363
-0.09300229 -0.07424611 -0.06813402
0.02967911 -0.08663867 0.10717123
0.11069680 -0.02576034 0.01381366
0.11069680 -0.05153791 0.03730651
-0.08709082 -0.00606335 -0.07753971
0.03289369 -0.03356839 -0.10660441
-0.07063120 -0.06494179 0.08704269
0.09002819 -0.03097681 -0.06492221
-0.10731617 -0.10837340 -0.02880687
-0.07177313 -0.08766910 0.08638339
0.11069680 -0.02879709 0.00732959
-0.11285446 -0.05150843 0.01359054
-0.06917537 -0.12269099 -0.08788321
-0.11081120 -0.06093922 -0.01920435
0.04632576 -0.04075425 0.10423597
0.09933932 -0.13801746 0.05382564
0.10246413 -0.12369683 -0.05010163
0.11069680 -0.12771787 -0.00162718
0.04897317 -0.10760599 0.10376916
0.04714012 -0.00395340 -0.10409238
0.01316971 -0.12160016 0.11008228
0.04238388 -0.00870649 0.10493103
0.02652331 -0.00609845 0.10772768
0.09278028 -0.09094898 0.06164239
-0.00080346 -0.05044528 0.11254613
0.09931014 -0.00951253 -0.05386041
-0.11480809 -0.01463311 -0.00822297
0.11069680 -0.04025076 -0.03164936
0.11069680 -0.13008398 -0.00905978
0.06672837 -0.05230172 0.09268983
0.02506041 -0.09916743 -0.10798563
-0.07423440 -0.02913850 -0.08496238
0.10754127 -0.12991419 0.04405094
-0.03373877 -0.11980279 -0.10834255
-0.11133580 -0.03432573 0.01776302
-0.10592966 -0.08707457 0.03261630
-0.05275508 -0.01627023 -0.09736347
-0.10463945 -0.13547304 0.03616112
0.07436559 -0.12716302 -0.08358816
0.10917713 -0.14448676 0.04210141
-0.09181874 -0.13872570 -0.07138580
-0.10433374 -0.13783234 -0.03700105
-0.11208247 -0.14486542 -0.01571157
0.08299576 -0.09911761 -0.07330313
0.08161018 -0.00744916 0.07495440
-0.08442615 -0.01778894 -0.07907816
-0.10870605 -0.04392229 -0.02498822
0.07506633 -0.01538815 0.08275305
-0.11058697 -0.00743998 0.01982042
0.08068792 -0.09950299 0.07605351
0.11069680 -0.01570326 -0.03778293
0.11069680 -0.14628261 -0.00321526
-0.08414792 -0.02646416 0.07923880
0.08343035 -0.03056675 -0.07278521
0.11069680 -0.10689245 0.01454091
0.08274056 -0.03381458 -0.07360726
-0.11174573 -0.10003590 0.01663676
-0.02364889 -0.08241791 0.11416795
0.07568936 -0.01515650 0.08201055
-0.11705765 -0.06277040 0.00204233
-0.04937936 -0.14427622 0.09931245
-0.08735100 -0.15067776 0.07738950
0.08762891 -0.13103764 -0.06778155
-0.11330930 -0.05782605 -0.01234087
0.11069680 -0.04228734 0.01961126
-0.07818313 -0.11545832 0.08268257
0.05401314 -0.05350019 0.10288048
-0.10927623 -0.03078495 0.02342166
0.09408822 -0.14058815 0.06008366
0.07651573 -0.01228607 -0.08102571
0.02323569 -0.02544208 0.10830738
0.02132975 -0.07624649 0.10864345
-0.09398100 -0.03706697 -0.06544504
0.11069680 -0.03720937 -0.00144090
-0.11528496 -0.14761432 0.00691278
-0.04134712 -0.07580362 0.10394987
0.10112365 -0.03479224 -0.05169915
0.07306059 -0.04735311 -0.08514339
0.09628895 -0.01661104 -0.05746093
0.11069680 -0.06911514 0.01047557
0.03858458 -0.14800438 -0.10560095
-0.04305963 -0.07050216 0.10296115
-0.01315174 -0.09885261 0.11472347
-0.06853254 -0.12898977 0.08825435
-0.01735473 -0.07910654 0.11546458
-0.09423987 -0.08781423 -0.06473380
-0.02276523 -0.02159478 -0.11467813
0.07033175 -0.00361171 0.08839550
0.05269246 -0.15497972 -0.10311335
-0.09077370 -0.09643599 -0.07425703
0.04841566 -0.06746496 0.10386746
0.11069680 -0.08627422 0.00120522
-0.11218118 -0.10909714 0.01544036
-0.04253669 -0.02447635 -0.10326307
0.08477375 -0.07653507 -0.07118420
-0.03003005 -0.04190182 -0.11048379
-0.06492602 -0.06866962 -0.09033658
-0.10847010 -0.10566559 -0.02563647
0.11069680 -0.04310509 -0.02659968
-0.00934353 -0.03466852 -0.11405198
-0.11739677 -0.12103615 -0.00111060
-0.00290359 -0.03491249 -0.11291645
-0.02458970 -0.06156590 0.11362477
-0.03198397 -0.04291371 0.10935568
0.06732076 -0.02553379 -0.09198385
0.10711855 -0.06885701 -0.04455472
0.05984711 -0.06888892 0.10089059
0.10261161 -0.02258949 0.04992588
0.06425623 -0.13758586 0.09563602
0.10390578 -0.07075534 0.04838355
-0.09696078 -0.05071177 0.05725814
0.06171442 -0.15415993 0.09866523
0.04319173 -0.06558887 -0.10478859
0.11069680 -0.13751827 0.03326537
0.11069680 -0.14112104 0.02185581
-0.06527981 -0.14834110 0.09013232
0.05732619 -0.00578105 -0.10229630
0.09430551 -0.02091674 -0.05982471
0.08631431 -0.08387576 0.06934824
-0.00263729 -0.09899569 0.11286949
0.07670494 -0.13246796 -0.08080024
-0.09698401 -0.14797641 -0.05719432
0.11069680 -0.12747601 -0.03851874
-0.11326523 -0.07169851 0.01246195
0.09980185 -0.02295530 -0.05327442
0.11069680 -0.03257209 0.02636973
-0.05526292 -0.12466298 0.09591557
-0.02958873 -0.12585436 -0.11073858
0.09098961 -0.10427236 -0.06377643
0.07394954 -0.05341370 -0.08408399
-0.06262583 -0.08121816 -0.09166459
0.01068876 -0.08752309 -0.11051974
-0.02977667 -0.04466102 0.11063007
0.10719491 -0.09979744 0.04446372
-0.01733469 -0.10732020 0.11546104
0.04811386 -0.06139747 -0.10392068
0.00065665 -0.09082310 0.11228868
0.11069680 -0.06043789 0.00127724
0.07115360 -0.14682350 -0.08741606
-0.07247916 -0.03969038 -0.08597577
0.09462629 -0.03968259 -0.05944241
-0.09434219 -0.14301789 0.06445265
0.10184631 -0.08038154 -0.05083793
0.07234126 -0.05778819 -0.08600066
-0.09223542 -0.03285997 -0.07024096
-0.03355705 -0.08377641 0.10844747
0.07027543 -0.02809440 0.08846261
-0.08442911 -0.04994030 -0.07907645
0.11069680 -0.08879478 0.01586479
-0.06831196 -0.03581359 0.08838170
-0.00268840 -0.07770182 -0.11287850
-0.05736732 -0.03493771 0.09470059
-0.10582016 -0.02366035 -0.03291713
0.09040849 -0.13822028 -0.06446898
-0.09743095 -0.12008300 -0.05596635
0.10368631 -0.05191236 0.04864510
-0.05471510 -0.12483925 -0.09623186
0.00363031 -0.09682227 -0.11176434
-0.04543570 -0.00306508 0.10158932
0.05689572 -0.04024058 0.10237220
-0.05299973 -0.03507708 0.09722222
-0.03772476 -0.00180085 0.10604124
0.11069680 -0.03717558 -0.02342074
0.11069680 -0.15093337 0.03735445
0.11041036 -0.04127543 0.04063170
-0.07366833 -0.03354456 0.08528920
0.06161264 -0.10194612 -0.09878653
0.06360625 -0.04442526 -0.09641062
0.09368685 -0.14487711 -0.06056199
0.08403574 -0.02996315 -0.07206373
0.00734931 -0.11355011 -0.11110858
-0.09747404 -0.05961156 0.05584796
0.06423872 -0.03637723 0.09565689
0.00688189 -0.00410538 -0.11119100
-0.10866099 -0.01335554 -0.02511202
0.09564461 -0.10860322 -0.05822883
-0.10154308 -0.01720502 -0.04466835
0.08443169 -0.06997581 0.07159186
0.09328836 -0.06447460 0.06103688
0.11069680 -0.14219286 -0.03254429
0.09586194 -0.05407478 -0.05796981
-0.10103847 -0.06128658 0.04605475
-0.10570197 -0.15492232 -0.03324188
0.06847470 -0.05266734 0.09060865
-0.03826245 -0.00666418 0.10573080
0.07432429 -0.06147407 0.08363737
0.11069680 -0.13911921 0.03569037
-0.06433544 -0.13024442 0.09067754
0.08123822 -0.03017968 0.07539768
-0.00975654 -0.12882315 0.11412480
-0.06230133 -0.00955379 0.09185194
-0.06587673 -0.06854434 0.08978768
-0.08441021 -0.05388321 0.07908737
-0.09457351 -0.01729132 0.06381711
0.00370119 -0.00890517 0.11175184
-0.09734181 -0.14832190 -0.05621127
0.00993339 -0.11508238 -0.11065294
0.01707138 -0.10820662 -0.10939431
-0.08000480 -0.06033751 -0.08163083
-0.03262081 -0.15067238 -0.10898800
0.11005659 -0.15343609 -0.04105330
-0.09707999 -0.11566056 0.05693060
0.07364503 -0.03934747 -0.08444688
-0.03638907 -0.00983837 -0.10681240
0.09818040 -0.09116176 0.05520679
-0.07552907 -0.10200711 -0.08421490
-0.02174642 -0.02144595 0.11526634
-0.09530474 -0.12635930 0.06180806
-0.11381986 -0.09194138 -0.01093811
0.11069680 -0.10214809 0.01290979
0.07422050 -0.15396476 0.08376107
-0.10367197 -0.15373635 0.03881927
0.09319899 -0.05002636 -0.06114340
-0.07347497 -0.14897349 -0.08540083
0.03286995 -0.14843883 0.10660860
-0.00222061 -0.07489905 0.11279602
-0.01345315 -0.02754460 -0.11477662
0.10113264 -0.07666785 0.05168845
0.11039262 -0.08826270 -0.04065284
-0.10787608 -0.02989471 -0.02726853
-0.04296648 -0.07819072 -0.10301492
-0.00998389 -0.12713572 0.11416490
0.11069680 -0.11626665 0.00790061
-0.11260151 -0.02096954 -0.01428551
-0.06143672 -0.01619660 -0.09235112
0.11069680 -0.05763981 -0.00333608
0.01386692 -0.09841547 -0.10995935
-0.10778323 -0.04705472 -0.02752365
0.07842822 -0.12177408 -0.07874651
0.11069680 -0.09051583 -0.01606929
0.11069680 -0.04129846 -0.03418596
-0.05840794 -0.06575703 -0.09409979
0.10913134 -0.05017306 0.04215598
-0.07325321 -0.12958695 0.08552887
-0.11663762 -0.02075612 0.00319636
-0.11074087 -0.14304444 -0.01939758
0.10672917 -0.09980544 0.04501876
-0.09882013 -0.12240083 0.05214960
0.03355673 -0.09896518 -0.10648750
0.03917800 -0.09208544 -0.10549632
-0.10815059 -0.11673902 -0.02651435
-0.07121127 -0.02361343 -0.08670778
0.02992185 -0.06703286 0.10712843
-0.03660129 -0.14082600 -0.10668987
0.08817155 -0.12037042 -0.06713486
0.11069680 -0.07402287 0.02582892
0.08935301 -0.06082194 -0.06572685
0.07522000 -0.13925734 -0.08256992
0.11069680 -0.05462041 0.00922434
-0.04048628 -0.09700787 0.10444687
0.09970680 -0.03566974 0.05338770
0.04892661 -0.02400015 0.10377737
-0.09835974 -0.07215748 -0.05341451
0.04243659 -0.01929845 -0.10492174
-0.04579721 -0.13847941 0.10138060
-0.05227617 -0.02735104 0.09763997
0.06216444 -0.03128255 -0.09812891
-0.00044804 -0.01240846 0.11248346
-0.03884725 -0.11272805 0.10539316
0.10220478 -0.05366238 -0.05041071
-0.03200501 -0.03294218 -0.10934354
0.06806497 -0.12900992 0.09109694
0.10042283 -0.04620561 -0.05253437
-0.10019003 -0.01807728 -0.04838584
-0.04330144 -0.06322508 0.10282154
0.11069680 -0.13996102 -0.02358083
-0.04050327 -0.05349202 0.10443707
0.01814315 -0.14765953 -0.10920533
-0.05569938 -0.03760474 -0.09566358
-0.02572143 -0.01020727 -0.11297137
-0.07815264 -0.09351961 0.08270018
0.05537544 -0.09193706 -0.10264027
-0.11017048 -0.08465783 0.02096473
0.03183612 -0.04925464 0.10679089
-0.09404394 -0.04185427 -0.06527209
-0.07610269 -0.14360359 0.08388372
0.11069680 -0.12666526 -0.03712533
-0.07898712 -0.15065761 0.08221839
-0.09261341 -0.01707037 -0.06920247
-0.06981925 -0.13122481 0.08751146
-0.05602806 -0.08503378 0.09547382
-0.03630857 -0.02166576 0.10685887
0.11069680 -0.11085864 0.02891181
0.01759025 -0.00824280 -0.10930283
-0.09893224 -0.14528205 -0.05184157
0.08424355 -0.09018287 -0.07181607
0.04571751 -0.10501993 -0.10434322
-0.09547418 -0.01917344 0.06134253
0.06125398 -0.00507438 0.09921396
0.00448420 -0.08679727 -0.11161377
-0.09238183 -0.10000177 0.06983871
-0.08951486 -0.03468671 0.07614020
0.01634321 -0.00242509 0.10952271
-0.01819435 -0.14765982 0.11561262
-0.10013538 -0.14130113 0.04853598
0.09154609 -0.10873981 -0.06311325
-0.02773196 -0.12685129 0.11181059
-0.03305571 -0.08101743 0.10873692
0.08893922 -0.01343237 0.06621999
-0.07992098 -0.13694263 0.08167922
-0.01289265 -0.06346239 -0.11467779
0.09563829 -0.12505499 0.05823635
0.05248915 -0.04747277 0.10314920
-0.11481189 -0.06637443 -0.00821253
-0.01163586 -0.03126911 0.11445618
0.11069680 -0.11214497 0.00123083
0.03238701 -0.08181206 0.10669375
-0.03524825 -0.02728190 -0.10747105
0.05659960 -0.09949371 0.10242441
-0.10033170 -0.13622263 -0.04799658
-0.05518039 -0.07209308 -0.09596322
-0.01193085 -0.12072686 -0.11450820
-0.06257895 -0.06753006 0.09169165
0.07468892 -0.04855025 0.08320283
-0.05560002 -0.13843657 0.09572095
0.05901162 -0.14621255 0.10188629
-0.08025832 -0.08691745 -0.08148446
0.06139733 -0.15104452 0.09904312
0.11069680 -0.11168972 0.01171615
0.08859190 -0.00983144 0.06663390
0.11069680 -0.11637256 0.01282769
0.05963486 -0.06205013 -0.10114355
-0.10890518 -0.02130197 0.02444111
-0.01823523 -0.13752443 -0.11561983
-0.08729135 -0.07003630 0.07742395
-0.00221162 -0.14599031 -0.11279443
0.07879670 -0.01561570 -0.07830738
0.11050442 -0.05921920 -0.04051960
0.10270208 -0.05412186 -0.04981806
0.08795872 -0.13439803 0.06738850
0.02009141 -0.07477558 0.10886180
-0.03412868 -0.14274156 -0.10811743
-0.04648810 -0.12047917 0.10098172
0.11069680 -0.11615109 -0.03496318
-0.05225671 -0.09798407 0.09765121
0.09513696 -0.11360525 0.05883382
0.06953824 -0.08601862 -0.08934116
0.10037966 -0.08155337 -0.05258581
-0.09500528 -0.13650486 -0.06263084
0.08925427 -0.13704804 -0.06584453
-0.08267622 -0.03445251 0.08008848
0.02325978 -0.00646545 -0.10830313
0.02857749 -0.13576412 -0.10736547
0.11069680 -0.05315125 0.01514265
-0.05646675 -0.01344515 -0.09522054
0.07276144 -0.10442229 0.08549991
0.09747590 -0.05890357 -0.05604637
-0.06321978 -0.12016323 0.09132168
-0.01680788 -0.14266348 -0.11536815
-0.09104710 -0.03535896 0.07350587
-0.10028219 -0.08514224 0.04813261
-0.08494736 -0.08648044 -0.07877724
0.04678760 -0.02121453 -0.10415453
0.05368363 -0.08127117 -0.10293858
0.02162943 -0.06587314 0.10859060
0.11069680 -0.08137709 0.01531929
0.11069680 -0.14069852 -0.01199925
0.08349936 -0.01964305 -0.07270297
-0.09798685 -0.08080894 -0.05443901
-0.11000696 -0.11674155 0.02141399
0.07496389 -0.07477605 0.08287513
0.10576180 -0.04317769 -0.04617164
0.10269620 -0.00573352 -0.04982506
0.03544958 -0.06529000 -0.10615373
0.00042797 -0.04034019 0.11232900
0.01172691 -0.11088254 -0.11033669
-0.04240600 -0.04702823 0.10333852
-0.11671689 -0.06291496 0.00297857
0.06460075 -0.10691810 -0.09522543
0.07655976 -0.00666212 -0.08097325
-0.05595151 -0.05109593 -0.09551802
0.11069680 -0.07822007 -0.03577001
-0.01177901 -0.08253324 -0.11448142
0.08117180 -0.04550754 -0.07547684
0.07559679 -0.05993269 0.08212087
-0.09644325 -0.01534576 -0.05868004
-0.01995317 -0.01355790 0.11592275
-0.10875493 -0.10007698 -0.02485392
-0.09632134 -0.13453670 -0.05901497
-0.00574809 -0.04893701 0.11341801
-0.07258476 -0.14179572 0.08591480
0.08636257 -0.02197300 0.06929072
-0.10897354 -0.14561579 -0.02425328
0.10608734 -0.00471923 -0.04578367
-0.10079111 -0.12989515 -0.04673436
0.04226212 -0.07173428 0.10495250
0.11069680 -0.04072266 0.00080591
-0.11475679 -0.07321326 0.00836390
0.05389329 -0.11641215 -0.10290161
0.10442752 -0.11190760 0.04776177
0.04155886 -0.09100374 -0.10507651
0.10713264 -0.04043131 0.04453792
-0.07128978 -0.12322254 -0.08666246
0.11069680 -0.02777745 -0.03068903
-0.11283811 -0.00164271 -0.01363544
0.11069680 -0.08979221 0.03132182
0.01512643 -0.07477587 0.10973726
-0.04294527 -0.02168973 0.10302717
-0.02071955 -0.07320538 0.11585920
-0.03407510 -0.00176398 0.10814837
0.11069680 -0.05365273 -0.01702439
-0.05489976 -0.02513626 -0.09612525
0.04748625 -0.08773183 0.10403135
-0.06664710 -0.08102035 -0.08934291
0.10777979 -0.06240351 -0.04376669
-0.04672742 -0.07799556 0.10084355
-0.11556885 -0.03913227 -0.00613278
0.11069680 -0.06172615 0.03180538
-0.05453952 -0.11126741 -0.09633322
0.09938612 -0.10271437 -0.05376987
-0.05363686 -0.04303871 0.09685438
-0.06882836 -0.05153209 0.08808356
-0.02146016 -0.10450502 0.11543161
-0.11745059 -0.07311848 -0.00096272
-0.11618932 -0.14183164 0.00442808
-0.10365722 -0.04008697 0.03885978
-0.11231038 -0.02261063 -0.01508538
0.08603388 -0.11023349 0.06968243
0.10224169 -0.01333521 0.05036673
-0.05922244 -0.04988890 0.09362954
0.01117994 -0.09553795 0.11043313
-0.04187318 -0.05524093 -0.10364615
-0.02663149 -0.04477231 -0.11244594
0.11069680 -0.13320631 -0.01609617
-0.05011133 -0.10686118 -0.09888984
-0.05670929 -0.15046376 -0.09508051
0.06087869 -0.13065663 -0.09966122
-0.01842450 -0.07619600 -0.11565320
-0.01317256 -0.13258678 0.11472714
0.09769725 -0.09076213 -0.05578259
-0.02554384 -0.13884528 -0.11307390
-0.02563511 -0.08955322 0.11302120
0.07794983 -0.02720974 0.07931663
-0.04590250 -0.13572219 -0.10131981
0.02170371 -0.09926984 0.10857750
0.09065551 -0.11290555 -0.06417460
-0.11481831 -0.06670609 -0.00819488
-0.09333740 -0.11001354 0.06721330
-0.11445690 -0.04579272 0.00918787
0.04748500 -0.04410009 -0.10403156
-0.11361504 -0.13941169 -0.01150085
-0.07848670 -0.13590750 0.08250730
-0.10269001 -0.12190815 0.04151717
0.10349551 -0.03897399 0.04887249
-0.07277788 -0.09618006 -0.08580330
-0.11345264 -0.01990142 0.01194702
0.07519196 -0.01816555 -0.08260332
0.02661794 -0.07104037 0.10771099
0.04609775 -0.11628342 -0.10427618
-0.06974979 -0.06665707 0.08755157
0.03546245 -0.06461731 0.10615147
-0.10993675 -0.02899789 0.02160688
-0.09015807 -0.13635556 0.07576884
0.10870318 -0.13336110 -0.04266623
0.05123620 -0.09178866 0.10337013
-0.07664330 -0.04847900 0.08357160
0.11069680 -0.11618759 0.01032676
0.10228559 -0.09610530 0.05031442
0.10839153 -0.10315145 0.04303764
-0.11141133 -0.09347191 -0.01755551
0.05792994 -0.08654761 0.10218984
-0.08685562 -0.08032207 -0.07767551
0.11069680 -0.09499059 0.01675078
-0.06859906 -0.07207232 0.08821595
-0.03633683 -0.13230793 0.10684256
-0.09871883 -0.00812238 -0.05242792
0.06666736 -0.01208640 0.09276254
-0.09603930 -0.12799467 -0.05978989
0.08566606 -0.03606169 0.07012079
-0.07608461 -0.07927233 -0.08389416
-0.11456811 -0.11902005 0.00888230
0.09443656 -0.11703902 -0.05966851
-0.11292561 -0.11795086 -0.01339505
-0.10818803 -0.11929889 -0.02641147
0.04884523 -0.11896969 -0.10379172
0.00845952 -0.11944686 0.11091282
-0.03436451 -0.11841289 0.10798128
-0.05249392 -0.11679308 0.09751426
0.09755778 -0.11880485 0.05594881
0.00403154 -0.11849629 -0.11169359
0.11069680 -0.11822370 -0.01754520
0.07491522 -0.11953390 0.08293314
-0.10459033 -0.11811147 0.03629610
0.11069680 -0.11730798 0.00405200
0.02147178 -0.11706445 0.10861840
0.04330133 -0.11959743 -0.10476926
0.09623911 -0.11749703 0.05752033
0.06301405 -0.11923595 -0.09711638
0.01806465 -0.11818051 0.10921917
0.09408505 -0.11854161 0.06008743
