-0.01757900 0.27180600 0.03392700
0.13415401 0.31646401 0.17043200
-0.09440700 0.36871800 0.25809699
-0.05945300 0.32906699 -0.24747699
-0.08058600 0.31939200 0.25930601
0.14815900 0.32219499 -0.13701700
-0.30884001 0.47518501 -0.04512000
-0.30169699 0.35214800 -0.07177700
0.17375800 0.42265701 -0.09045100
-0.21859200 0.27180600 -0.11832100
-0.18198000 0.40278500 -0.21611901
0.14024800 0.32602701 0.16181800
-0.01304500 0.27180600 0.17300799
0.04803800 0.27180600 0.14685300
-0.12379700 0.27180600 0.15459301
-0.30372301 0.46191001 -0.06421700
-0.27924699 0.35223499 -0.12247800
0.12695900 0.45127499 0.17762700
0.17017700 0.28776300 -0.09813100
-0.06948500 0.28975400 0.26027700
-0.31115800 0.33416200 -0.03452900
-0.18377700 0.27180600 0.15679300
-0.13453200 0.27180600 0.18473400
-0.12162900 0.27180600 0.15907399
0.16260000 0.27478001 -0.11438100
-0.02068800 0.37978500 -0.24408500
0.19236200 0.33103201 -0.01038800
0.10049100 0.27647001 -0.18983400
-0.10748200 0.27180600 -0.19970401
-0.28110200 0.36032099 0.13304400
0.19250900 0.33904800 -0.00871600
-0.13425700 0.27180600 0.20889699
-0.06452100 0.39258099 -0.24720800
-0.17813399 0.27180600 0.02015300
0.02509200 0.47475699 -0.23261200
0.00832800 0.27180600 0.17427000
-0.23214500 0.45387599 -0.17984501
-0.27233699 0.45502800 0.14585000
-0.29920301 0.29347900 -0.08072100
-0.29636699 0.45717800 -0.08680300
-0.29680800 0.32036200 -0.08585800
-0.02344800 0.27180600 0.19744200
0.00679900 0.43467900 -0.23751301
-0.00531600 0.38359001 0.25426301
-0.29931200 0.40559700 0.09399000
0.17799400 0.38565499 0.09487100
0.08351100 0.27180600 -0.02636800
-0.18798800 0.37772900 -0.21322900
-0.02404200 0.39262801 0.25788200
0.03293500 0.37451699 -0.22923900
-0.22286101 0.42196301 0.20231400
-0.05595200 0.43992600 -0.24717000
0.15436600 0.27180600 0.11449000
0.16012400 0.29830500 0.13319400
0.12066800 0.39385101 0.18391800
-0.12210700 0.35229701 -0.23901400
0.16526100 0.48073599 -0.10867500
0.00556200 0.27180600 0.17781600
0.01314200 0.44828099 0.24931701
0.13880099 0.27180600 -0.00432800
0.14921500 0.48127201 0.14901200
-0.30786899 0.47259700 0.06224800
-0.17014199 0.35879901 0.23514199
-0.15127300 0.40281600 -0.23043799
-0.21138801 0.27180600 -0.15654100
0.13455200 0.35127699 0.16995300
-0.13717300 0.34833300 0.24848001
-0.13960500 0.27180600 -0.17518599
-0.21018100 0.27180600 0.05888600
-0.15102500 0.27180600 -0.20125000
-0.22179000 0.41072199 0.20306399
0.11947300 0.39561900 -0.17161000
-0.16471900 0.48465300 -0.22416800
-0.05604000 0.29752600 0.26068100
0.06815700 0.27180600 0.16963100
-0.14815100 0.27180600 -0.21138600
-0.17419000 0.27180600 -0.12352700
-0.24313299 0.36110500 -0.16885801
0.17648201 0.38774100 0.09811200
0.19281700 0.36226499 -0.00518600
0.18822899 0.47964001 0.05751400
0.07135800 0.27180600 0.17303100
-0.26611701 0.31314799 0.15473300
0.09554700 0.29193601 -0.19329600
-0.22469001 0.27180600 -0.10736600
0.15737900 0.48967600 0.13735200
0.14671500 0.27180600 -0.01634200
-0.06132400 0.27180600 0.14446400
-0.04457900 0.27180600 0.02278100
-0.13061500 0.34135601 -0.23673400
0.06431400 0.33336699 0.22811000
-0.02944300 0.48528799 -0.24485099
-0.06136400 0.47076899 0.26098800
-0.29981801 0.33708900 -0.07879100
-0.16246399 0.40569401 0.23872200
-0.05269100 0.29224500 0.26038799
0.14620100 0.43314701 0.15331700
0.09674000 0.42820400 -0.19246100
-0.22541200 0.45335400 0.20008200
0.18694000 0.34173599 0.06232700
0.08905000 0.27589300 0.21134900
-0.26548201 0.27180600 -0.02029400
-0.09483000 0.27180600 0.09950800
0.14022399 0.27180600 -0.12672900
-0.04966600 0.44565299 0.26012400
-0.29701701 0.36328900 0.09891200
0.02707100 0.27180600 0.21243300
-0.04314100 0.27180600 0.16868700
-0.24529600 0.27180600 -0.02514400
-0.21266700 0.27180600 -0.05728000
-0.31029901 0.29957700 -0.03967400
-0.31242299 0.48707199 0.03357800
-0.26835001 0.27180600 0.12149400
0.02178600 0.27180600 -0.04230900
-0.30381101 0.44860500 -0.06388900
0.17375299 0.41109401 0.10396500
-0.30843699 0.41383299 0.06012900
0.16542201 0.37501699 0.12183200
-0.04866000 0.27180600 0.10168700
-0.23329300 0.39614299 -0.17869800
-0.07064700 0.27180600 -0.10677700
0.17783301 0.35771999 -0.08171200
0.19226199 0.36320999 0.02503400
-0.01256400 0.27180600 -0.06718200
-0.13423701 0.27180600 0.01269400
-0.15020300 0.46797299 0.24444000
0.12285100 0.27180600 -0.01934400
-0.26132900 0.41250801 0.16157100
0.03888100 0.27180600 0.18835400
-0.29409400 0.27180600 0.05109700
0.09042800 0.41728601 -0.19688100
0.16722500 0.43509001 -0.10446200
0.03216500 0.47946900 -0.22959800
-0.07017200 0.45971701 -0.24671400
0.18190700 0.39243400 0.08110900
-0.23371799 0.27180600 -0.07200400
-0.18788600 0.27180600 0.06796400
-0.31446299 0.30947399 0.01026200
-0.23058900 0.27180600 0.09006500
0.02532300 0.27180600 0.19060600
-0.30456701 0.27180600 0.01847400
-0.00729000 0.28402600 0.25479200
0.16366000 0.48938099 -0.11210700
-0.20690300 0.39598000 -0.19998400
0.08168900 0.27180600 -0.17245901
-0.09477700 0.44784600 0.25806400
-0.22857200 0.39160001 -0.18341900
-0.26729101 0.42607000 -0.13955300
0.07998900 0.27180600 -0.14923000
0.15817900 0.48702699 0.13620999
0.11542700 0.48574799 0.18915799
0.11922300 0.27180600 -0.01924100
-0.08421200 0.46392700 -0.24548601
-0.12792601 0.27449399 0.25095800
-0.08996700 0.27180600 0.18764400
-0.25506601 0.40584800 0.17042799
-0.25418299 0.31982201 -0.15780701
-0.29122400 0.35306001 0.11133700
0.18505500 0.41675901 -0.05585700
-0.19888499 0.46921200 0.21910200
0.17295900 0.27180600 -0.03121100
-0.16510800 0.27180600 0.10503000
-0.21391800 0.43699300 0.20857500
0.05491800 0.31549999 0.23249100
-0.07838000 0.27180600 -0.10748400
-0.31343800 0.39725399 0.02196800
0.04936400 0.48467201 -0.22157800
-0.17433301 0.27180600 -0.20827401
-0.30772299 0.30273300 0.06279400
-0.30614701 0.45207500 -0.05517100
0.02321000 0.27180600 -0.03523600
-0.20734800 0.27180600 0.06477600
0.10248300 0.45254999 -0.18844000
-0.16886400 0.27180600 0.07586500
-0.03252500 0.37922800 0.25862399
-0.09387300 0.34179699 -0.24463999
0.16790700 0.31894001 -0.10299900
0.06102200 0.30604601 0.22964500
-0.09276400 0.45032600 0.25824100
-0.28409901 0.39897200 0.12661600
0.03723400 0.43202701 0.24073800
0.00767300 0.41235301 0.25078201
-0.15141800 0.33724400 -0.23037000
-0.25619599 0.29224199 0.16890199
-0.15925001 0.27180600 -0.09449600
-0.31251299 0.43649200 -0.01904100
0.06352600 0.27180600 0.13297300
-0.28201199 0.45984000 0.13109100
-0.28897500 0.43435499 0.11615900
0.11806200 0.27180600 0.15229800
-0.05491900 0.29611400 -0.24708000
-0.23968700 0.38068300 0.18580601
0.07797000 0.43270701 -0.20560400
-0.27348101 0.41832399 -0.13071200
-0.22093201 0.31496301 -0.19016100
0.09147200 0.27180600 0.12840000
0.01427400 0.27180600 -0.10179500
-0.30827799 0.41162801 0.06072300
-0.15199199 0.28669500 -0.23010200
-0.22295199 0.28421700 0.20225000
-0.18016100 0.27180600 0.06241500
-0.20598599 0.27180600 0.06815800
0.05830400 0.28444400 -0.21740900
-0.28202900 0.27180600 0.03282600
0.05921400 0.27180600 -0.12932400
-0.21565400 0.45789599 0.20736000
-0.23722000 0.37356699 0.18827300
-0.03830500 0.27180600 0.19106400
0.19050001 0.41200000 0.04517600
-0.30167499 0.39704299 -0.07186200
0.18698500 0.30974701 -0.04865500
0.07597400 0.41034400 -0.20700100
0.16545700 0.45674500 0.12175700
-0.18468399 0.43967500 0.22836100
-0.09222400 0.28420699 -0.24478500
-0.09404000 0.48096201 0.25812900
-0.21866500 0.40099299 0.20525201
-0.11493300 0.48013401 0.25443900
-0.08085600 0.27180600 -0.17703401
0.13570200 0.28429100 -0.15480800
-0.26508000 0.39464399 -0.14271100
-0.11360500 0.27180600 -0.13763601
0.06945300 0.27180600 0.07075500
-0.22283299 0.34284300 0.20233300
-0.25624800 0.43306300 0.16882800
0.01972300 0.36664701 0.24755301
-0.29259101 0.28248200 0.10840600
-0.30198699 0.32758299 -0.07069800
0.07472600 0.42165601 0.22137800
0.19035000 0.41655701 0.04688900
-0.19452500 0.29967701 -0.20865101
-0.10719700 0.27180600 -0.07569300
-0.28741100 0.45028400 -0.10601000
0.07480100 0.27180600 -0.00583900
0.10208500 0.32140201 -0.18871801
-0.12170900 0.27180600 -0.11742100
-0.27082101 0.27180600 0.01298700
-0.20900100 0.27180600 0.07423900
-0.27901900 0.27180600 -0.05563700
-0.02047000 0.29812199 -0.24406600
0.09098500 0.38558999 0.20999400
-0.08859400 0.41190100 0.25860500
-0.29192200 0.27180600 0.05388200
-0.12368300 0.27180600 -0.17083400
-0.13267200 0.34537801 0.24968600
-0.00266400 0.35293001 -0.24004900
-0.05103700 0.27180600 -0.23833200
-0.21410500 0.27180600 0.08168000
-0.18207701 0.48271599 -0.21607301
-0.31292200 0.33260301 0.02787600
-0.10491200 0.36040899 0.25712401
0.17071401 0.37033501 -0.09697900
-0.06782900 0.29584399 -0.24691901
-0.24599400 0.42696300 0.17949900
0.12000200 0.39663401 0.18458401
-0.28020301 0.39965901 0.13461600
0.14013200 0.27180600 0.09498000
0.13348000 0.39429399 0.17110600
-0.07161000 0.27180600 -0.10462300
0.17456800 0.41322699 -0.08871500
-0.30945700 0.29650900 0.05632100
-0.26217401 0.27180600 0.04422400
0.19103900 0.33605900 -0.02551300
-0.18362901 0.40443799 0.22885300
-0.12111900 0.27180600 -0.21360999
-0.31282201 0.30943501 0.02901500
-0.17347300 0.27180600 -0.00090700
0.17889699 0.41244000 0.09234400
0.19003800 0.32468501 0.05046000
-0.01834100 0.42206499 -0.24388000
0.18509100 0.37846801 -0.05572400
0.16672300 0.27180600 0.08512900
-0.23032100 0.29075301 0.19517300
-0.17998400 0.27180600 0.14143801
0.14646199 0.36698201 0.15294300
0.00858900 0.27180600 -0.20468500
-0.30628499 0.27180600 -0.00214400
0.09649000 0.28918600 0.20613900
0.18540899 0.29683101 -0.05453800
0.10453300 0.45811999 0.20005301
0.04435900 0.27180600 0.23217900
-0.24335700 0.32179499 -0.16863400
-0.00953000 0.27589700 0.25539199
0.10605000 0.29477501 -0.18503299
-0.21391000 0.45995200 0.20858100
0.06708500 0.34548199 0.22672901
0.05023400 0.46997699 -0.22117200
-0.31256601 0.37740999 -0.01843500
-0.03630400 0.35774100 0.25895500
0.11601300 0.27180600 0.03006100
-0.07814400 0.27180600 -0.17893000
-0.23010799 0.27180600 0.10830000
-0.25504500 0.45383301 -0.15694501
0.10348300 0.47491801 0.20110300
-0.14639001 0.27180600 0.14473000
-0.13945501 0.27180600 -0.03966300
-0.31180000 0.48831901 0.04069400
-0.22049700 0.27180600 -0.10003500
-0.18851300 0.40982699 0.22636500
0.11931100 0.27180600 0.06195200
-0.30549100 0.44478199 -0.05762100
-0.31122300 0.41251999 0.04729300
0.07865900 0.27180600 -0.05308800
-0.22775000 0.27180600 0.02146800
0.09637400 0.32327500 0.20622000
-0.07385500 0.45292100 0.25989500
0.04428600 0.46572700 0.23744901
-0.12441900 0.27180600 -0.21090800
-0.05618200 0.27718201 0.26069400
0.19340000 0.29542401 0.01202500
-0.27106699 0.30122799 -0.13416000
-0.30942801 0.31039599 -0.04292600
-0.10070000 0.48918799 0.25754601
-0.27828100 0.32813501 -0.12385700
0.06188200 0.47571400 0.22924399
0.00127700 0.27180600 0.00593500
-0.03963800 0.27180600 0.11629700
-0.31393000 0.41574100 -0.00285100
-0.03661100 0.27180600 -0.11802900
0.18802300 0.48496801 -0.04478300
-0.20655300 0.47614300 -0.20023000
-0.02832100 0.27180600 -0.23384400
0.14241201 0.48129100 0.15872800
-0.04778400 0.27180600 0.02703200
0.19352800 0.35657901 0.01056300
-0.26025900 0.27180600 0.02528700
-0.26318499 0.39719501 0.15892000
-0.13730299 0.45841399 -0.23494200
0.00886100 0.30104199 -0.23696101
-0.08075600 0.27180600 -0.18578900
-0.28919801 0.29073900 0.11568100
0.18014200 0.31554899 -0.07419500
-0.29565501 0.40630499 0.10183500
-0.30700201 0.30959201 0.06548400
-0.24044600 0.38073999 -0.17154400
-0.10992300 0.27180600 -0.10021100
-0.07213300 0.30302101 0.26004601
-0.19709800 0.27180600 0.17756200
-0.02181900 0.28165799 0.25768700
-0.24963300 0.36817801 0.17586100
0.18251400 0.43238500 -0.06534300
-0.22239301 0.40719101 -0.18913800
-0.03717100 0.48994699 -0.24552700
-0.13477300 0.27180600 -0.09664200
-0.17534000 0.27180600 0.10009100
0.10977700 0.27180600 0.08063400
0.15776300 0.40380299 -0.12330200
-0.02574300 0.27180600 -0.15609799
0.07429800 0.27180600 -0.08273100
-0.17913000 0.27180600 -0.11423800
-0.20622100 0.27180600 0.15751000
-0.13270301 0.27180600 0.01397200
-0.22684801 0.27180600 -0.17961700
0.05748000 0.42170900 0.23129700
0.09945900 0.36710200 0.20406000
0.06241900 0.48583499 -0.21549000
-0.31133199 0.37597901 0.04604900
-0.24348600 0.32034999 0.18200800
0.01962700 0.49262100 0.24757899
0.19000800 0.46612400 -0.03729700
-0.16505800 0.30680001 -0.22401001
0.08225100 0.27180600 0.14892200
0.05613000 0.32149300 0.23192599
0.16684499 0.27180600 -0.03924500
-0.14518100 0.35457799 -0.23283100
-0.29221901 0.34905401 -0.09569800
-0.27146199 0.27180600 -0.09711300
0.15337899 0.41391799 -0.12956101
0.05052200 0.27180600 -0.21793000
0.14476500 0.34402299 -0.14186400
0.12123800 0.42261001 -0.16984500
-0.28290600 0.32946700 0.12917399
-0.31170499 0.27180600 -0.01536400
0.12511300 0.30317700 0.17947300
-0.11392800 0.43661401 -0.24120501
-0.17550001 0.44496500 -0.21913999
0.19169900 0.45020601 0.03147500
-0.20943700 0.48844901 0.21171300
0.06984600 0.27180600 -0.18820800
-0.10534300 0.27180600 0.11971600
0.12068000 0.37227100 -0.17040201
-0.24636599 0.33747101 0.17912801
-0.22686800 0.27180600 0.02007300
-0.17598300 0.27180600 0.04073800
0.08838000 0.31181499 0.21181700
0.13078199 0.36222601 -0.16030100
-0.27585599 0.34053400 -0.12732100
-0.08871200 0.27180600 0.00786500
-0.31446201 0.41621500 0.00323200
0.09608200 0.27180600 0.02094400
0.06248900 0.45022801 -0.21545801
-0.12782200 0.41814399 -0.23748200
0.08148400 0.27180600 -0.03779400
0.05101700 0.44291100 0.23431000
-0.15216100 0.31551099 -0.23002300
-0.29526201 0.27180600 0.04462500
-0.15383700 0.33041200 0.24274500
-0.07238400 0.38424900 -0.24652000
0.11219700 0.40972400 0.19238800
-0.15447700 0.49018699 0.24244700
-0.22019500 0.27180600 0.12092500
0.16656899 0.40794000 0.11937200
-0.20793900 0.31321001 -0.19925900
0.15637700 0.27636799 0.13878401
-0.20776001 0.27180600 0.06544800
0.13356800 0.46140999 0.17101800
0.19101600 0.33968899 0.03927600
0.14377600 0.43415099 -0.14327601
0.14690700 0.38061199 0.15230900
-0.15961599 0.35076401 -0.22654700
-0.02584300 0.33105600 -0.24453600
0.11877500 0.34112400 -0.17230800
0.13997000 0.47097301 0.16221499
0.19215600 0.28206199 0.02624600
0.18804599 0.46958101 0.05819800
-0.10453900 0.39529401 0.25720999
-0.18348700 0.35308701 -0.21541600
0.18820301 0.38318601 0.05761200
-0.30293801 0.38160101 -0.06714800
-0.10770700 0.27180600 0.09229300
-0.19330201 0.27180600 0.14204000
0.11559800 0.32519001 0.18898800
-0.27567300 0.27180600 -0.01055600
-0.12214100 0.27427900 -0.23900500
-0.22705799 0.27180600 0.08350300
0.13063300 0.37696400 0.17395300
0.19214800 0.28687900 0.02634100
0.18118200 0.49245200 0.08381400
0.18964300 0.42832199 -0.03873400
-0.01506200 0.38986099 -0.24337099
0.08273500 0.39063600 0.21577100
-0.09045000 0.27180600 -0.02230200
-0.07986600 0.27180600 0.25603101
-0.30462801 0.27180600 0.01902900
-0.26904300 0.37066501 0.15055400
0.11497600 0.27180600 -0.08519900
-0.02416600 0.27180600 -0.03335800
-0.31356499 0.38920900 -0.00701900
-0.29672000 0.27180600 -0.04336300
-0.12546900 0.41524199 -0.23811300
0.12651899 0.27180600 0.10951000
0.10757500 0.36377600 -0.18350700
-0.24058101 0.27180600 0.13605900
-0.25460300 0.41541699 -0.15738700
-0.21294300 0.45749101 -0.19575500
0.17061999 0.45875901 0.11068400
-0.30562201 0.45618799 0.07063300
0.01925400 0.37341300 -0.23417599
-0.24132700 0.27180600 -0.04413700
-0.11523100 0.27180600 -0.17336600
-0.31030500 0.29844499 -0.03965200
0.02158300 0.39502299 0.24705499
0.07435100 0.29238999 0.22164100
-0.02903900 0.36448801 0.25831899
0.02834500 0.32186100 0.24488300
-0.00506700 0.27180600 -0.03103800
-0.30211601 0.35808700 0.08372000
-0.00476400 0.41544300 0.25411499
-0.18061800 0.48613799 -0.21675400
0.17226399 0.39679399 0.10715900
0.19215700 0.48680499 -0.01273500
0.18376200 0.45122099 -0.06068500
0.10873100 0.27180600 -0.08616600
-0.06072500 0.27180600 0.15110500
0.00944800 0.27180600 0.04316400
0.19358701 0.41832301 0.00988700
0.19281000 0.28959900 0.01876900
-0.29170200 0.38335899 -0.09680800
0.04294300 0.45133001 -0.22457200
-0.18314300 0.27180600 0.04682700
-0.16964300 0.27180600 -0.05362100
-0.11364000 0.27180600 -0.13553099
0.14538500 0.27180600 -0.04699800
-0.21547000 0.44112599 -0.19398600
0.12586400 0.27180600 0.09784400
0.17149600 0.27829999 -0.09530300
-0.24581701 0.27180600 0.14846700
0.17555501 0.37561801 0.10010100
-0.20338599 0.27180600 0.03623200
-0.29549801 0.36882901 -0.08866800
-0.11371700 0.27180600 0.19520000
0.04446800 0.48122001 -0.22386099
-0.02990500 0.27180600 -0.05659400
0.00297200 0.39535099 -0.23853900
0.19091199 0.27180600 0.02492300
-0.25920400 0.27180600 0.15069200
-0.29283199 0.33369800 -0.09438500
-0.08988100 0.40316299 -0.24499001
0.00604100 0.27180600 -0.17944100
0.08641000 0.27180600 -0.00355900
0.14781900 0.46761701 -0.13750200
0.10054600 0.27180600 -0.04966400
-0.09573400 0.36785901 -0.24447800
-0.20702900 0.30213699 0.21340001
0.18972500 0.48516899 -0.03842700
-0.30846301 0.33738300 0.06002900
-0.10695800 0.31801400 -0.24307300
0.00675000 0.27180600 0.06944100
0.04421100 0.35056800 -0.22398099
-0.09178000 0.27180600 -0.04729800
0.00116000 0.42439801 0.25252700
-0.09475900 0.44666100 0.25806600
0.07416800 0.27180600 -0.11508100
0.00478100 0.43584201 0.25155699
0.19244200 0.46778300 0.02298200
0.07870500 0.27180600 -0.15464500
0.08898900 0.42990801 0.21139100
-0.20262700 0.32410699 -0.20297900
-0.02308200 0.27180600 -0.03761900
0.14904100 0.27180600 0.07261200
-0.16654800 0.38894501 -0.22331400
-0.29076999 0.46876699 0.11231000
0.19378500 0.37568501 0.00586900
-0.03000600 0.27180600 -0.03069200
-0.11321800 0.37113500 0.25489900
-0.21643400 0.33937001 -0.19331101
-0.19487800 0.31648299 0.22190800
-0.15075999 0.27180600 0.03420300
-0.24733000 0.42386201 -0.16466001
-0.18909800 0.27537999 0.22595499
0.15875401 0.29985100 -0.12188600
-0.24174000 0.43127400 0.18375300
0.08820400 0.27180600 0.07258700
-0.25876299 0.39136100 0.16523600
-0.14917500 0.46433201 -0.23141600
0.17226100 0.44980800 -0.09366100
-0.29139000 0.34458801 -0.09747600
-0.23152600 0.40930700 -0.18046500
-0.18588699 0.27180600 -0.12575001
-0.12151400 0.27180600 0.05301700
0.19188599 0.34456599 0.02933800
-0.14149401 0.27180600 -0.05178200
0.08949200 0.40198499 -0.19753601
-0.10391900 0.27180600 0.01094400
-0.03102000 0.27180600 -0.05046000
0.16028200 0.44133499 0.13285400
0.09002800 0.27180600 -0.10710400
-0.28221500 0.41591099 -0.11715400
0.11695400 0.47426200 0.18763199
-0.08814700 0.49408200 -0.24514100
-0.08313400 0.32433200 0.25908300
-0.26218301 0.33505300 0.16035201
-0.09984500 0.35064700 -0.24411801
-0.21672700 0.27180600 0.09334800
0.12643500 0.40626600 -0.16464700
-0.25971201 0.41242701 -0.15037800
0.02657300 0.27180600 0.22225000
-0.02518100 0.41302299 0.25798100
-0.07953800 0.36308700 -0.24589500
0.18225101 0.38450301 0.07982800
0.11194900 0.27180600 0.13964000
-0.29012999 0.33964401 -0.10017900
-0.09484300 0.40595400 -0.24455599
0.11944300 0.27180600 0.00010800
-0.15904200 0.27180600 0.08483500
0.14025100 0.34117001 0.16181500
-0.14524101 0.45205000 -0.23281500
0.06389800 0.48915401 0.22830400
