0.08693100 0.07411900 0.64774197
-0.23994100 -0.19643800 0.64774197
-0.17231899 -0.18772100 0.64774197
-0.39066499 0.12602399 0.16345100
0.39466101 -0.15609400 -0.27392000
-0.39066499 -0.05640100 0.14149800
-0.39066499 0.04402700 0.08344900
0.39466101 -0.01792700 -0.12518600
0.13368499 0.09314900 -0.66113597
0.39466101 -0.16463000 -0.33077300
-0.39066499 -0.10571000 0.04506900
0.24653900 0.06381500 -0.66113597
0.39466101 0.04305100 -0.62866998
0.12102400 0.01656000 0.64774197
-0.39066499 -0.18397400 0.15505800
-0.39066499 -0.17726700 -0.52861100
-0.39066499 0.03570400 -0.51812100
0.39466101 -0.18430300 0.55077702
-0.39066499 0.03559900 0.47168800
0.39466101 -0.04203600 0.18423501
-0.39066499 -0.01599600 -0.39607501
0.39466101 0.03494100 -0.26678801
0.39466101 0.08851200 -0.53095800
0.39466101 -0.16539900 0.33134300
-0.39066499 -0.18066400 0.49216700
0.39466101 -0.15879101 0.59228802
-0.39066499 -0.09304500 0.08073700
-0.39066499 -0.08465200 0.35819200
0.21338300 -0.10273600 -0.66113597
-0.39066499 0.00164700 0.22907101
-0.39066499 0.08583900 -0.29372001
-0.39066499 -0.00865100 0.05400600
-0.39066499 -0.03747400 -0.12166200
0.39466101 -0.00779300 0.17648000
0.39466101 -0.11973000 -0.65605402
0.39466101 0.10311700 0.31866801
-0.39066499 -0.14167900 0.49614301
-0.01036000 -0.00027600 0.64774197
-0.08280900 -0.12834001 -0.66113597
0.05094800 0.03260300 -0.66113597
-0.39066499 0.10250900 0.16089199
0.19108400 -0.15701300 -0.66113597
-0.39066499 0.11854100 -0.60620499
-0.39066499 -0.17001399 -0.11895800
0.31677499 -0.03100100 -0.66113597
0.39466101 -0.02594300 -0.00959800
0.39466101 -0.02196200 -0.15660600
0.30766401 -0.19312900 -0.66113597
0.39030901 -0.20324001 0.64774197
-0.28299600 0.11594400 0.64774197
0.23584899 -0.07637000 0.64774197
-0.39066499 -0.17985000 -0.08046500
-0.12030100 -0.19810000 0.64774197
-0.39066499 -0.02836600 0.35135901
-0.39066499 -0.07524500 -0.36116701
0.13411900 -0.02644400 -0.66113597
-0.39066499 -0.12305200 -0.61719900
-0.14921901 0.05463200 -0.66113597
-0.39066499 0.00060900 0.56297803
0.39466101 -0.14258000 0.15900201
-0.06553000 -0.08551200 0.64774197
0.39466101 0.13042700 0.00866200
-0.39066499 -0.19845700 -0.43684101
0.39466101 0.02451000 -0.06313800
0.39466101 0.09542100 -0.19975200
-0.34169301 -0.02069600 0.64774197
-0.39066499 -0.19961999 0.41662800
0.39466101 -0.03432200 -0.50912899
-0.39066499 -0.02669900 -0.07723100
-0.14850900 0.12325100 0.64774197
0.39466101 -0.08926800 0.43474001
-0.39066499 -0.07508500 0.23505700
-0.39066499 0.10226600 -0.54530799
-0.36899599 0.12388200 -0.66113597
-0.21488000 -0.10712500 -0.66113597
0.39466101 -0.13324200 -0.04225600
0.39466101 0.12355700 0.12091900
0.39466101 -0.02058500 0.42764199
-0.39066499 0.11881300 0.31896400
0.11435200 -0.01697400 0.64774197
-0.05176200 0.01705700 -0.66113597
-0.13527200 0.08692100 0.64774197
0.33815700 0.12619400 0.64774197
0.39466101 -0.07212000 0.50334698
-0.33572799 0.08613900 -0.66113597
0.18635599 -0.14402699 0.64774197
0.39466101 0.10739000 -0.52968699
0.39466101 0.06554500 -0.34065500
0.34855500 0.11103100 -0.66113597
0.39466101 -0.08190500 -0.49079901
-0.39066499 -0.15027800 0.07849000
-0.07554900 0.00381600 -0.66113597
-0.39066499 -0.14695100 0.57897300
0.39466101 -0.17566000 -0.05308700
0.14383300 -0.07565900 -0.66113597
0.39466101 0.08362700 0.63280100
-0.39066499 0.03842700 -0.41278499
0.39466101 -0.15918399 -0.52440500
-0.09484800 0.01276000 0.64774197
-0.39066499 0.00579600 -0.45706001
-0.39066499 0.01529600 -0.50284803
-0.39066499 -0.19638900 -0.08670500
0.39466101 -0.10791500 -0.43364501
-0.39066499 -0.05947700 0.62401199
-0.13061500 -0.04013200 -0.66113597
-0.39066499 -0.08256000 -0.12670800
0.20415100 0.01600100 0.64774197
-0.39066499 0.04738200 0.01995000
0.31360501 -0.20463400 0.64774197
-0.39066499 0.03223800 0.09807400
-0.39066499 -0.20038100 0.04232600
-0.17249300 0.00416300 -0.66113597
-0.30952200 0.08369000 -0.66113597
0.32259801 -0.17144801 0.64774197
-0.39066499 -0.15203300 0.50888300
-0.34987700 -0.13706601 -0.66113597
-0.22544500 -0.11161900 -0.66113597
0.37505800 -0.19610099 0.64774197
-0.39066499 0.08739700 0.04735600
0.22506100 -0.00867800 -0.66113597
0.39466101 0.05541000 -0.44770801
0.39466101 0.02524300 0.38291699
-0.39066499 -0.12035000 0.61086202
0.39466101 -0.04738000 -0.30879301
-0.39066499 -0.05678100 0.41951099
0.39466101 -0.01289800 -0.50093102
-0.39066499 -0.08493600 0.07941900
0.25074801 -0.14672700 -0.66113597
0.39466101 -0.13110600 -0.24612300
-0.39066499 -0.00707000 -0.17718901
0.39466101 -0.04974900 0.61497003
-0.39066499 -0.13009401 0.32739401
0.39466101 0.03784000 -0.18579599
-0.39066499 -0.18824799 0.50000602
0.39466101 -0.05920700 -0.26258600
-0.39066499 0.05166200 -0.43009600
-0.39066499 -0.12753899 -0.50849003
-0.18623000 0.04672600 -0.66113597
-0.39066499 -0.20119999 0.43033099
-0.39066499 0.10272500 -0.32090399
-0.39066499 -0.19528000 0.05842700
-0.39066499 -0.04300700 -0.29234299
0.11765400 -0.19529100 -0.66113597
0.27251399 0.04539700 -0.66113597
0.39466101 -0.00313700 0.64284700
0.23737700 0.05875600 0.64774197
-0.24544600 -0.10964700 0.64774197
0.39466101 -0.15000100 0.08426500
-0.39066499 -0.04061500 0.03173000
-0.39066499 -0.17917199 -0.01688700
-0.39066499 0.03402800 -0.39807901
0.33107400 0.06013600 0.64774197
0.21183200 -0.03071500 0.64774197
0.06786800 -0.01251300 -0.66113597
0.14524800 0.07365900 0.64774197
0.39466101 0.06014200 -0.36590299
0.32453299 -0.05394100 -0.66113597
0.39176899 0.05635100 0.64774197
0.39466101 -0.07516900 -0.12140000
0.28406301 -0.17639101 0.64774197
0.22390600 0.06796300 -0.66113597
0.31904599 0.12525000 -0.66113597
-0.39066499 -0.05584400 0.33900300
0.27086899 0.04670800 0.64774197
-0.38934201 -0.07319000 0.64774197
-0.21054100 -0.05751500 -0.66113597
0.24771300 -0.01664700 0.64774197
-0.39066499 -0.03156500 0.00127200
0.39466101 -0.11416500 0.08991000
0.39466101 0.02286000 -0.63712901
0.39466101 -0.18924899 -0.59875602
-0.00659100 0.00162500 -0.66113597
0.39466101 -0.08337900 0.53292203
0.39466101 0.11897600 -0.16175599
0.39466101 0.01397000 0.45193699
-0.39066499 -0.06446700 0.45428300
-0.39066499 -0.02127500 -0.26750901
-0.39066499 0.03794400 0.05186700
0.39466101 0.01409000 0.63351899
-0.19343700 -0.14918600 -0.66113597
0.34728700 0.13077000 0.64774197
-0.21383300 -0.14752400 0.64774197
-0.39066499 0.09482700 0.52469599
-0.39066499 -0.13410300 0.41969100
0.39466101 -0.17520501 0.17062400
-0.26537499 0.10744000 0.64774197
0.39466101 -0.17824601 0.37903500
0.16196500 0.09258700 -0.66113597
0.39466101 -0.08380200 0.42426100
-0.39066499 -0.13510200 0.14593101
0.39466101 -0.12165200 0.55489600
-0.39066499 -0.03781600 0.11124600
-0.39066499 -0.06970200 0.25527701
-0.39066499 0.00397400 -0.61181003
0.08172800 -0.06287300 -0.66113597
-0.39066499 -0.05786300 -0.22096600
-0.39066499 -0.18357199 -0.48082501
0.39466101 -0.05399800 0.45228499
0.02153900 -0.03777700 0.64774197
0.39466101 -0.17958200 0.33397099
0.39466101 0.11084300 0.42532599
0.32400000 -0.04964700 0.64774197
-0.39066499 0.10815900 0.22870000
0.36680499 -0.05136800 -0.66113597
-0.01210000 0.00436800 -0.66113597
0.07161900 0.04247700 -0.66113597
-0.14724800 -0.03143400 0.64774197
-0.04280900 -0.20165500 -0.66113597
-0.39066499 -0.18181901 -0.32607600
-0.00681800 -0.08700700 0.64774197
0.27890399 -0.10916500 -0.66113597
0.39466101 -0.03059800 -0.23389100
-0.39066499 0.04967300 -0.17447899
0.39466101 -0.04056900 -0.32738701
-0.30465299 0.10890400 0.64774197
0.22107001 -0.00045400 0.64774197
0.39466101 -0.12059500 0.39359900
0.39466101 -0.03311300 -0.39419699
0.39466101 -0.11037600 0.03817800
-0.22285700 0.03369700 0.64774197
-0.13060400 0.06331300 0.64774197
0.39466101 -0.09038700 -0.44000700
-0.39066499 -0.06059400 -0.59023398
-0.39066499 0.03828000 0.58145797
0.30030701 -0.16707200 -0.66113597
0.23688500 0.11291800 0.64774197
0.39466101 -0.18786500 0.29487500
-0.39066499 -0.14062101 0.21541700
0.37645900 0.07402400 -0.66113597
0.39466101 0.08302500 0.60940403
0.39466101 -0.09498700 -0.10948600
-0.39066499 -0.12917300 -0.65034097
-0.39066499 -0.19490600 0.05859000
0.39466101 0.12902901 0.34560201
0.39466101 0.04484700 -0.31631401
0.39466101 0.12344600 -0.49299499
0.39466101 -0.16860400 0.52236801
0.38286200 -0.02851800 0.64774197
0.23119600 -0.15675700 -0.66113597
0.37459499 0.03621100 -0.66113597
0.36562800 0.08253500 -0.66113597
-0.39066499 -0.04115700 0.40097001
-0.34701899 0.10153700 0.64774197
0.39466101 -0.17794000 -0.56218803
0.39466101 0.04572100 -0.17204900
-0.15690500 -0.20736100 0.64774197
-0.39066499 -0.16445500 -0.25669801
0.39466101 -0.09492600 -0.00409600
-0.39066499 -0.08217200 0.28947100
-0.39066499 -0.05185600 -0.46452999
0.39466101 0.12226400 0.10046000
-0.39066499 -0.11466000 0.36577499
-0.39066499 -0.18338899 0.29463300
-0.39066499 -0.15276700 -0.33815801
-0.39066499 0.03969700 -0.32232001
-0.25029999 -0.06355300 -0.66113597
-0.39066499 -0.11076400 0.23689801
-0.31989399 -0.06790500 0.64774197
0.17888200 -0.17764600 0.64774197
-0.24947099 -0.13762400 -0.66113597
-0.39066499 -0.07683700 -0.00481200
0.26864401 -0.09182300 -0.66113597
-0.39066499 0.05520900 0.55626303
-0.39066499 0.08101500 0.60578001
0.39466101 0.01939700 0.51517200
0.39466101 -0.17577900 -0.62503099
0.20780601 0.07567400 0.64774197
-0.16830800 0.04064300 -0.66113597
-0.39066499 -0.18252400 -0.49570200
0.39466101 0.10251500 -0.27655801
-0.39066499 -0.20164301 -0.23004401
-0.17789499 -0.16657200 0.64774197
-0.39066499 -0.03509400 0.56406099
-0.39066499 -0.03750700 0.64207000
-0.14438599 0.08148200 0.64774197
0.39466101 -0.05872500 -0.52262503
0.39466101 -0.10738700 0.09302400
0.39466101 -0.00202700 -0.21707501
-0.39066499 0.03611900 -0.37755701
-0.39066499 -0.17518200 0.19234200
0.01705700 -0.12818700 -0.66113597
0.39466101 0.00676900 -0.54692698
-0.39066499 -0.15092900 0.30735400
0.39466101 0.04987100 -0.25876999
0.14799599 -0.17506801 -0.66113597
-0.39066499 0.01167300 -0.43904400
-0.16418201 0.04711000 0.64774197
-0.39066499 0.09950800 -0.22752599
-0.39066499 -0.16071600 -0.43478501
-0.39066499 -0.02522500 0.52169502
0.39466101 -0.18802600 -0.06530500
0.39466101 -0.07620200 0.18160300
-0.20942700 -0.16963699 0.64774197
0.39466101 -0.19528200 0.25610501
0.39466101 0.09736100 -0.24927600
-0.38413799 -0.17932899 -0.66113597
-0.39066499 -0.15645801 0.55596101
-0.13579200 0.00299400 -0.66113597
0.18201301 0.10517300 -0.66113597
-0.39066499 -0.15779001 0.62318498
0.39466101 -0.18685199 -0.60243499
-0.39066499 0.06290200 0.14678399
0.39466101 -0.18210600 0.53989100
-0.39066499 -0.09037600 -0.48553500
-0.39066499 -0.00606300 -0.07176400
0.10414100 -0.12460400 -0.66113597
0.39466101 -0.03673400 0.03476300
-0.39066499 -0.04541000 -0.02050000
-0.39066499 -0.06770300 -0.61882299
-0.36959800 0.05898200 -0.66113597
-0.22689199 -0.02535100 0.64774197
0.39466101 0.04135100 0.31083801
0.39466101 -0.17867900 -0.19788501
0.39466101 0.06250600 0.25927401
-0.39066499 -0.08438600 -0.35681301
-0.39066499 -0.00291100 -0.18526299
-0.20113100 -0.19699299 0.64774197
-0.39066499 0.07754100 -0.56585199
-0.39066499 -0.01800600 -0.35390201
-0.39066499 -0.04644200 -0.58405101
0.39466101 -0.05434200 -0.26767501
0.15346800 -0.08544200 0.64774197
0.18511300 -0.13141000 0.64774197
-0.39066499 -0.00392600 0.54859000
-0.39066499 -0.08010700 0.22691900
0.39466101 -0.04156300 0.18144301
0.39466101 -0.19110000 -0.32393500
-0.39066499 -0.03743700 -0.19513699
-0.39066499 0.03217300 0.26595199
0.33184600 0.13032800 -0.66113597
0.39466101 -0.13451800 0.32832101
0.39466101 -0.18942399 0.34083501
0.39466101 -0.11992600 -0.31956699
-0.35539299 -0.18808000 -0.66113597
-0.39066499 0.09960300 0.33832601
0.37712100 0.09088400 0.64774197
0.39466101 -0.10970300 0.05697800
0.39466101 0.07806800 -0.33020100
0.39466101 -0.03938800 -0.30625099
-0.38859600 -0.09909400 -0.66113597
-0.39066499 0.03264200 0.19277599
0.16856700 -0.05669700 -0.66113597
-0.39066499 0.09615900 0.40801600
0.25535801 0.06983000 -0.66113597
-0.39066499 -0.14982100 -0.11752100
0.39466101 0.02791200 0.49833000
-0.18322299 -0.17410199 -0.66113597
-0.04840700 -0.19055200 0.64774197
0.39466101 0.00605000 -0.14679900
0.05444000 0.04699900 0.64774197
0.39466101 -0.04851100 0.35220599
-0.39066499 0.04969700 0.21489500
-0.39066499 -0.16411300 0.51993400
0.20874500 0.08725800 -0.66113597
0.39466101 0.08963000 -0.25026399
-0.39066499 -0.05178500 -0.34166801
-0.19714200 0.12512000 -0.66113597
-0.39066499 0.06101000 -0.21182901
0.39466101 0.08881100 -0.62079901
0.39466101 0.05766600 0.52646798
0.39466101 -0.11303000 -0.53065503
-0.22211300 -0.04617900 0.64774197
0.31942001 0.07478100 -0.66113597
-0.26207900 -0.19311900 -0.66113597
-0.10185000 -0.17922500 -0.66113597
-0.31155500 0.11748400 -0.66113597
-0.39066499 -0.14584599 0.40607899
-0.01263000 -0.17991801 0.64774197
0.39466101 -0.15565600 0.41713500
-0.39066499 -0.14951301 -0.22724400
0.39466101 -0.12034200 -0.54407901
-0.39066499 0.02442600 0.11608500
-0.39066499 0.00914300 -0.64485300
-0.39066499 0.04730000 0.20191801
-0.39066499 0.02738700 -0.35991099
-0.39066499 -0.11934100 0.63946098
-0.24370100 -0.03946300 0.64774197
-0.27180299 -0.17830101 0.64774197
0.39466101 -0.15095299 0.61466002
-0.39066499 -0.12478700 0.37862501
-0.39066499 -0.03149500 0.54181999
0.23114599 0.07616400 -0.66113597
-0.39066499 0.04886900 0.16379499
-0.39066499 -0.13759699 -0.33708599
-0.39066499 0.11534100 -0.03718700
0.39466101 0.06449100 0.23297900
-0.18819401 0.02876100 0.64774197
-0.39066499 0.09400900 -0.61003602
-0.12286000 -0.07965000 -0.66113597
-0.14273199 -0.09839700 -0.66113597
0.28953001 0.03627400 -0.66113597
0.39466101 -0.04191800 -0.40439501
0.39466101 -0.04219800 -0.27409801
0.36840999 0.01814400 0.64774197
-0.39066499 -0.00291200 -0.11129200
-0.39066499 -0.00792000 -0.05456800
0.39466101 -0.16239700 0.20359400
0.39466101 -0.02797400 0.17477900
-0.10622500 -0.14693800 -0.66113597
-0.39066499 0.00866000 -0.19473900
-0.39066499 0.12867200 -0.64783102
0.39466101 -0.15307800 0.16677301
0.39466101 0.10377700 0.03512900
-0.22215700 -0.18013000 -0.66113597
-0.03771400 -0.15280201 0.64774197
0.07343500 0.08204100 0.64774197
-0.39066499 0.06589500 0.14551701
-0.39066499 0.04449100 -0.12461100
0.39466101 0.12384200 0.62266999
-0.39066499 0.11698600 0.37029299
-0.26814100 -0.12976401 0.64774197
-0.19135600 0.01079300 -0.66113597
0.39466101 -0.02892100 0.04003900
-0.32019499 0.12952100 -0.66113597
0.39466101 0.08875300 -0.49172699
-0.11726500 -0.02071800 -0.66113597
-0.39066499 -0.00037500 -0.55714798
0.39466101 -0.10014500 0.17805099
0.34330299 0.02328000 0.64774197
0.00798600 0.12922999 -0.66113597
0.39466101 -0.00020300 0.22226100
0.39466101 -0.17785899 -0.08627000
-0.39066499 -0.20655100 0.11614100
0.24043199 -0.05726400 -0.66113597
-0.39066499 -0.01207000 -0.25213599
-0.05789500 0.05060100 0.64774197
-0.39066499 -0.20004401 -0.04530100
0.33522299 -0.00850200 0.64774197
-0.39066499 -0.15634599 0.20892400
0.13023099 0.10648100 -0.66113597
-0.39066499 0.02834100 0.61580199
-0.36965901 -0.06277400 0.64774197
0.39466101 -0.14628600 0.45258799
0.39466101 -0.10414900 -0.06145700
0.39466101 -0.16385700 -0.25868699
-0.12642600 0.12562500 -0.66113597
0.01895700 -0.20502900 0.64774197
0.39466101 -0.16125301 0.24528600
0.02774600 -0.18411300 0.64774197
-0.39066499 0.01262500 0.31828299
-0.39066499 0.10324000 -0.56517702
0.39466101 0.08084800 0.17610800
-0.39066499 -0.16865300 0.27098301
0.39466101 -0.16855501 -0.51263702
-0.39066499 -0.14521100 0.17107999
-0.16653800 -0.07347500 0.64774197
-0.39066499 -0.19300100 -0.20188800
-0.39066499 -0.06253600 -0.61467201
0.39466101 -0.19548400 -0.52801102
-0.04714500 0.00079200 0.64774197
0.18327799 0.08738300 0.64774197
-0.39066499 -0.02980100 -0.49104899
0.39466101 0.09372000 0.15457600
-0.14578301 0.00673500 -0.66113597
0.39466101 -0.03856400 0.35234499
-0.39066499 0.11284600 0.49653801
0.39466101 -0.13097601 0.16081899
-0.39066499 0.13112700 0.18296599
0.27530000 -0.19324701 0.64774197
0.39466101 -0.07688700 0.36148399
-0.15114100 0.00327200 0.64774197
0.39466101 0.09025200 0.62787402
-0.09771000 0.05642900 0.64774197
0.39466101 0.10556600 0.52511799
0.16098499 0.10265300 0.64774197
0.39466101 -0.05037600 -0.04738200
-0.39066499 0.12071200 0.12514700
-0.39066499 0.00051500 0.59835303
-0.39066499 0.00773300 -0.10926700
-0.39066499 0.08365600 0.41530100
-0.39066499 -0.06477700 0.46353000
-0.39066499 -0.17275301 0.08505700
0.39466101 0.08868300 0.60082197
-0.03494700 -0.14817899 0.64774197
0.39466101 -0.12210600 -0.03852300
-0.39066499 -0.02615200 -0.63358599
0.39466101 -0.02787200 0.28358001
0.10469000 0.04616600 0.64774197
0.39466101 -0.14303100 -0.48268601
0.01841700 -0.15638600 -0.66113597
-0.07648400 0.04509200 -0.66113597
0.39466101 -0.15198900 -0.66058099
0.39466101 -0.10189100 -0.48924601
-0.30097899 -0.16624700 -0.66113597
0.39466101 -0.05152400 -0.13145199
-0.22497199 -0.05422200 0.64774197
0.15243700 -0.04610600 0.64774197
-0.10266300 -0.01138700 -0.66113597
0.39466101 0.07152000 0.21591599
0.24222700 -0.12646601 0.64774197
-0.39066499 -0.19182800 -0.06531300
0.39466101 0.06132100 0.37560600
0.33593199 -0.17026600 -0.66113597
-0.39066499 -0.09159200 0.29678300
0.17952000 -0.02425000 -0.66113597
0.21322200 -0.05462200 0.64774197
-0.10747200 0.06709100 -0.66113597
0.04208700 -0.04116800 -0.66113597
0.39466101 -0.11530800 -0.14603201
-0.29600501 -0.01587400 0.64774197
-0.39066499 -0.19856399 -0.33770001
0.20759501 -0.07978500 0.64774197
0.39466101 0.05665400 -0.24233100
0.15952100 -0.08929100 -0.66113597
-0.39066499 0.10390500 -0.51000702
0.39466101 0.12582800 0.47775999
-0.39066499 -0.19724700 0.54530102
0.30058101 0.09485600 -0.66113597
0.09248000 0.03696300 0.64774197
0.39466101 0.08691900 -0.43173200
0.39466101 0.12091900 -0.44744000
-0.39066499 0.12657100 -0.40958199
-0.10778500 -0.14407399 0.64774197
0.39466101 -0.14363100 -0.19190700
-0.39066499 0.00590500 -0.64064097
-0.15379000 -0.17418499 0.64774197
-0.39066499 -0.05599400 -0.23018400
-0.39066499 -0.02276900 0.63176000
-0.39066499 -0.14192200 -0.59367698
-0.39066499 -0.08629600 0.01776000
-0.39066499 0.04047100 0.17650899
0.06531300 -0.14024000 -0.66113597
-0.31372601 0.07423600 0.64774197
0.39466101 -0.11822100 -0.63995701
0.36989701 0.07150900 -0.66113597
0.30984899 -0.13358600 -0.66113597
-0.39066499 -0.02248600 -0.43121099
-0.39066499 -0.09482700 -0.26131299
0.39466101 -0.03771200 0.52803802
-0.39066499 -0.05422000 -0.56093401
0.39466101 0.00135700 -0.07702500
-0.24060500 -0.07690000 -0.66113597
0.39466101 0.08204600 0.14088900
-0.39066499 0.04668000 0.56278098
-0.39066499 -0.04022300 0.55574000
0.39466101 -0.03326000 0.14211801
0.09307100 -0.03364000 -0.66113597
-0.29416901 -0.17635199 -0.66113597
0.39466101 -0.08561700 -0.49609300
-0.39066499 0.05346500 -0.48056000
0.11124400 0.03438100 0.64774197
-0.39066499 -0.04544100 0.51370001
0.39466101 0.02378300 0.49015701
-0.39066499 0.07574900 -0.03841100
0.39466101 0.04383800 0.09719600
-0.39066499 -0.05059900 0.29686901
-0.34924501 -0.07581700 0.64774197
0.39466101 -0.16731399 0.38142601
-0.39066499 0.03843900 0.42995301
0.39466101 0.01845900 0.29774901
0.39466101 -0.07536100 0.33529201
0.37281799 0.07339200 0.64774197
-0.39066499 -0.02337900 0.05424900
0.00938800 -0.17369500 -0.66113597
0.39466101 -0.12965800 0.18668000
0.39466101 -0.02291700 0.42908701
0.02263000 0.03730200 -0.66113597
0.02728800 -0.00142000 0.64774197
-0.25665000 0.03023700 0.64774197
-0.39066499 0.07015900 0.23006199
-0.30254000 -0.10993400 -0.66113597
0.39466101 -0.00918100 -0.14394400
-0.04894800 -0.02739900 0.64774197
-0.37354699 0.11529200 0.64774197
-0.39066499 -0.19087400 0.45181400
0.39466101 -0.03530000 -0.32758999
-0.36983100 -0.03079400 -0.66113597
0.39466101 -0.17218199 0.32769001
0.20856699 -0.02150600 0.64774197
-0.39066499 -0.10927700 -0.19179600
-0.39066499 0.02964500 0.10937600
-0.39066499 -0.10275200 0.29903001
0.18284699 0.00102200 -0.66113597
0.39466101 0.08176700 0.33285800
0.39466101 0.10187500 -0.12082200
-0.37715000 -0.05786400 -0.66113597
-0.13241400 0.09369600 -0.66113597
-0.39066499 0.01755600 0.64445901
0.39466101 -0.02653600 0.42143199
-0.07564500 0.09631400 0.64774197
0.39466101 -0.19689900 0.57052201
-0.20819201 -0.18474200 0.64774197
0.39466101 0.02789400 0.30018499
0.39466101 -0.04822000 -0.59440398
0.39466101 0.05356500 -0.61686498
0.39466101 0.05365300 -0.23688000
0.07962300 0.08577400 0.64774197
-0.03066800 -0.01195700 0.64774197
0.18950400 -0.17273800 0.64774197
0.04817900 -0.04074900 -0.66113597
0.39466101 0.08312000 0.07579700
-0.13112099 -0.18858300 0.64774197
-0.25102001 0.05831600 0.64774197
-0.39066499 0.07736300 0.13346100
0.30361101 0.08928400 -0.66113597
-0.39066499 0.01229600 -0.01806800
-0.05468900 0.11338700 -0.66113597
0.39466101 0.11898500 0.14288899
0.19297101 -0.20082200 0.64774197
0.39466101 0.09562900 -0.48968601
0.25643301 -0.19299200 -0.66113597
0.39466101 -0.15672100 -0.40710700
-0.02608600 -0.00036100 -0.66113597
-0.39066499 -0.01662000 -0.44110301
0.00559500 -0.01189500 -0.66113597
0.39466101 -0.19128500 -0.35292000
0.07237500 -0.01261900 -0.66113597
-0.39066499 0.10772100 0.21736801
-0.27972600 -0.18990000 -0.66113597
0.39466101 -0.03832500 -0.04309800
0.16562700 -0.14661001 -0.66113597
-0.39066499 -0.20291699 0.33287701
0.39466101 0.10327800 -0.60261601
0.39466101 0.06136600 0.00343000
-0.16573800 0.09553600 -0.66113597
0.39466101 0.09137300 0.47896999
-0.39066499 -0.17224200 -0.13542300
0.39466101 -0.03344700 0.56975597
0.39466101 0.08836500 -0.13619700
0.39466101 -0.10931600 0.38090101
0.39466101 -0.20296399 0.56111902
-0.18742999 0.05358600 -0.66113597
0.39466101 -0.01591800 -0.20418400
-0.39066499 0.04173200 -0.56575298
0.39466101 0.01413200 -0.32496801
-0.39066499 -0.12469100 -0.00071000
-0.39066499 -0.09530800 0.20332099
0.39466101 -0.11551300 -0.06987300
0.39466101 -0.16145501 -0.30050001
0.02092000 -0.08050700 -0.66113597
0.39466101 -0.02653000 -0.03089000
0.39466101 -0.10583400 -0.24613599
-0.39066499 -0.09722100 0.29282799
0.32168400 -0.18502200 -0.66113597
-0.16283999 -0.20811500 0.64774197
0.39466101 -0.06562600 -0.02127200
-0.02408600 0.08849600 -0.66113597
-0.27062601 0.02326700 0.64774197
-0.39066499 0.12459700 0.38859299
-0.39066499 0.11762700 0.27126700
-0.26005900 0.10973700 -0.66113597
-0.39066499 -0.12723701 0.35235101
0.05561300 -0.14140600 0.64774197
-0.00240600 0.00187400 0.64774197
-0.38098100 -0.09812000 0.64774197
0.39466101 -0.08931200 -0.61332399
0.28948200 0.05106600 0.64774197
-0.30726701 -0.03026800 -0.66113597
-0.09967000 0.13104101 0.64774197
-0.39066499 -0.02388700 0.38975799
0.39466101 -0.08169800 -0.22288100
0.39466101 -0.07296800 -0.09487300
0.16639100 -0.16835700 0.64774197
-0.18272300 0.11401000 -0.66113597
0.39466101 -0.05400400 -0.07880700
0.39466101 0.10122000 -0.31995201
0.39466101 -0.19646600 0.39295799
-0.27281201 0.12254900 -0.66113597
0.21055099 -0.16325299 0.64774197
-0.11447400 0.04254600 0.64774197
-0.39066499 0.10211700 0.26263201
-0.39066499 -0.19291800 -0.58531302
0.04839800 -0.13117400 0.64774197
-0.39066499 -0.04925900 -0.09499900
-0.39066499 -0.11481000 -0.18617100
0.39466101 -0.17114900 0.53860003
-0.39066499 -0.09646400 0.02927100
-0.17181000 -0.05810600 -0.66113597
-0.15822600 -0.08804700 -0.66113597
0.39466101 -0.00862800 -0.01519200
-0.39066499 -0.14483100 0.63806498
-0.39066499 -0.04243100 -0.25442299
-0.39066499 -0.06632000 -0.41886699
-0.39066499 -0.18054400 0.48600501
0.39466101 -0.07781700 -0.23413000
0.08109500 -0.10372300 0.64774197
-0.39066499 -0.00160800 0.54223698
-0.39066499 -0.15397200 0.29868299
-0.35688999 0.05762400 -0.66113597
0.39466101 0.08664400 0.60727400
-0.15444501 -0.08487000 -0.66113597
0.39466101 0.01860400 -0.35913101
0.33576599 -0.05935100 -0.66113597
-0.32868901 0.00094200 -0.66113597
0.39466101 -0.13926201 -0.19916099
-0.19332799 0.00576000 0.64774197
-0.39066499 0.02507100 -0.57410997
0.39466101 0.08384100 -0.20444500
0.39466101 -0.06232800 -0.14704201
-0.39066499 -0.17905401 -0.11879600
-0.39066499 0.10706400 0.62502700
-0.39066499 -0.19167200 -0.05205000
-0.39066499 0.08555200 0.32684201
0.31113100 -0.08801100 -0.66113597
0.39466101 -0.17787699 0.24854399
0.39466101 -0.04685100 -0.40501800
0.39466101 -0.07789100 -0.53395098
-0.18760800 -0.14026800 -0.66113597
0.39466101 -0.18673301 -0.56083500
0.39466101 -0.07497500 -0.39670101
-0.35777199 -0.06005800 0.64774197
-0.39066499 0.13098800 0.11289600
-0.39066499 0.06393700 0.01352000
0.23748200 0.09028100 0.64774197
-0.37694100 -0.13500300 -0.66113597
0.39466101 -0.19236000 -0.56882799
0.39466101 0.09849600 0.12927200
-0.39066499 0.10635300 0.47207901
-0.39066499 -0.19794001 -0.18707600
-0.05318000 -0.19667900 -0.66113597
-0.12517101 0.00012900 -0.66113597
-0.22006799 -0.00041100 -0.66113597
-0.37725401 -0.20057000 0.64774197
0.39466101 0.11432000 0.60364699
0.06189600 -0.18607099 -0.66113597
-0.11641700 -0.12915100 -0.66113597
0.21952300 -0.18439300 0.64774197
0.15554400 -0.14602301 0.64774197
0.39466101 -0.03848000 0.46645600
-0.14329299 -0.10767100 -0.66113597
0.39466101 0.11414700 0.52653801
0.39466101 -0.18358500 -0.56503999
-0.39066499 -0.01770500 0.13115101
-0.39066499 -0.13072500 0.09655000
0.39466101 -0.15653300 0.35703099
-0.39066499 0.12573700 -0.62924600
0.03658200 0.02605000 0.64774197
0.39466101 -0.07966400 -0.10522300
0.16278200 -0.03596300 -0.66113597
0.23246200 -0.11564000 0.64774197
0.11195900 -0.03688800 0.64774197
-0.39066499 -0.10458600 -0.65632302
0.39466101 -0.02056300 -0.59107298
-0.36348200 -0.16513100 0.64774197
0.39466101 0.00645700 0.03540500
0.39466101 -0.18768300 -0.46787900
0.39466101 0.06748000 0.47148001
0.39466101 -0.03108300 -0.19295999
-0.39066499 -0.12435400 -0.59581500
-0.39066499 -0.01468600 0.13978299
-0.23385300 -0.19319800 0.64774197
-0.21323100 -0.04870600 -0.66113597
0.31988201 -0.16689099 -0.66113597
0.39241400 -0.00535200 0.64774197
-0.39066499 -0.19789299 0.25672299
0.39466101 -0.20169100 -0.66058898
-0.39066499 -0.10224600 0.58010501
-0.31436300 -0.20336901 -0.66113597
0.33256599 -0.19877200 -0.66113597
0.34606799 -0.12608600 0.64774197
0.39466101 -0.06963400 -0.07493500
-0.27832901 -0.05477800 -0.66113597
-0.39066499 -0.15462700 -0.16310000
0.39466101 0.06519800 -0.11381200
0.39466101 -0.16869400 0.52691698
0.35077399 0.02994300 -0.66113597
0.39466101 -0.13127300 0.51217699
0.06107700 -0.11200300 -0.66113597
0.39466101 -0.01582400 0.41532400
-0.06998700 -0.13309100 0.64774197
0.26632300 0.11465100 0.64774197
0.39466101 0.08406900 -0.18928900
0.39466101 0.03466800 -0.13910601
-0.39066499 -0.20699801 0.46516001
0.39466101 -0.07659800 -0.35566500
0.39466101 -0.11143900 0.05525500
0.39466101 0.02542900 -0.55883503
-0.19526500 -0.06095500 0.64774197
0.39466101 0.05615800 0.45296800
-0.39066499 -0.13589300 0.50026000
0.39466101 -0.04657200 -0.21751900
0.18821600 0.09933000 -0.66113597
0.33135000 -0.02192400 -0.66113597
-0.39066499 -0.19070899 -0.52201200
-0.35376400 -0.01294000 -0.66113597
-0.18940599 -0.18699101 0.64774197
0.21313900 -0.14709599 -0.66113597
0.39466101 -0.11905900 -0.38505599
0.39466101 -0.07834000 -0.04595900
0.39466101 0.10989300 -0.19521201
-0.12064600 -0.10767600 0.64774197
0.39466101 0.11526700 -0.52144599
0.27787700 0.00504500 -0.66113597
-0.39066499 -0.11436900 0.29213500
0.39466101 -0.08532000 0.44272199
0.39466101 -0.19615300 -0.33440199
-0.33277100 -0.15874501 -0.66113597
0.39466101 -0.13876700 0.58200198
0.39466101 -0.09357800 -0.08399600
-0.39066499 0.00970500 -0.58304101
0.39466101 -0.16893201 -0.07941700
-0.39066499 -0.20766500 0.63912600
-0.39066499 0.02302800 -0.35555100
0.16120200 0.00578400 -0.66113597
0.39466101 -0.07799400 0.14539900
-0.36797199 -0.00202900 0.64774197
0.39466101 -0.01076000 0.41732201
0.24585500 0.04688500 0.64774197
0.28840899 -0.01818500 0.64774197
-0.39066499 0.12119000 -0.03817900
-0.08708200 0.04897300 -0.66113597
0.39466101 0.10622600 0.30208600
-0.39066499 0.02689900 0.50433099
-0.34511101 0.04335400 0.64774197
-0.10640000 -0.06563200 -0.66113597
-0.31345701 -0.08659900 0.64774197
0.21740299 -0.00321000 -0.66113597
0.39466101 -0.10028700 -0.47407800
-0.39066499 0.12886500 -0.54122198
0.39466101 -0.02611600 0.03399100
0.39331701 -0.16649100 -0.66113597
-0.39066499 -0.18607400 0.32537001
0.39466101 -0.15633699 0.38697499
0.20798200 -0.14289100 0.64774197
0.20519200 -0.03955000 -0.66113597
-0.39066499 -0.06378200 -0.39592800
0.39466101 -0.17618801 -0.50009400
-0.20314600 -0.04967100 -0.66113597
-0.21479900 0.09966300 0.64774197
-0.39066499 -0.13521799 -0.64873099
-0.39066499 -0.17849401 -0.27990499
-0.00741900 -0.06509700 0.64774197
0.10662900 0.00282700 -0.66113597
0.39466101 -0.19609000 -0.55828798
0.39466101 -0.11064800 -0.37380600
-0.39066499 -0.10691500 -0.20830800
0.39466101 -0.12196400 -0.10394600
-0.39066499 0.06279800 0.18466599
0.16559900 0.07390500 0.64774197
-0.39066499 0.10605400 -0.55022901
0.39466101 0.04407200 0.20518200
-0.39066499 0.01254100 -0.10471700
-0.39066499 -0.13105799 0.13505000
0.39466101 -0.05921900 -0.31207299
-0.39066499 -0.14608400 0.32866201
-0.39066499 -0.18249699 0.56330502
-0.17386800 -0.18088400 0.64774197
-0.26014000 -0.00948400 0.64774197
0.39466101 0.09735200 -0.58777499
0.23435199 0.02274600 -0.66113597
-0.39066499 0.09029900 -0.61411500
0.39466101 0.04393000 0.38907599
-0.06415100 -0.13071400 0.64774197
-0.08925900 -0.11891000 -0.66113597
0.39466101 -0.10834700 0.13831100
0.39466101 -0.00842900 -0.61505097
-0.39066499 -0.15598200 -0.42165300
0.17213000 0.04438600 -0.66113597
0.39466101 -0.18770500 0.18923700
-0.23704299 -0.03317400 -0.66113597
-0.39066499 -0.07670300 -0.51102197
0.39466101 0.01093800 -0.03886200
-0.34374300 0.10374600 0.64774197
0.39466101 -0.17092501 0.20764700
0.07842700 0.10290600 0.64774197
0.21384101 -0.08603700 0.64774197
0.35552099 0.12462500 -0.66113597
0.39466101 -0.13752200 -0.45168501
0.13569500 -0.04834800 -0.66113597
0.28120601 -0.06411700 -0.66113597
-0.39066499 -0.17546700 -0.36992699
-0.32270300 -0.20123500 -0.66113597
-0.37750599 0.11364800 0.64774197
-0.16983600 0.08327600 0.64774197
0.39466101 -0.08034800 0.59328699
-0.26491600 -0.11038600 0.64774197
-0.39066499 -0.18603800 0.49921900
0.39466101 -0.04540000 -0.16603000
0.39466101 0.11894500 0.36135200
-0.39066499 -0.09013800 0.07050100
-0.39066499 -0.17830500 0.13460900
-0.39066499 0.02374000 -0.28397599
-0.27733701 -0.09987300 0.64774197
0.39466101 0.08935800 -0.49874401
0.39466101 0.00126000 0.49016699
0.14588401 0.05741900 -0.66113597
0.39466101 0.06217300 0.55617499
-0.39066499 0.10838700 -0.03344600
-0.39066499 -0.13026600 -0.51055300
-0.39066499 -0.03594400 0.33393300
0.39466101 0.02427900 0.37819001
0.32081300 0.06285000 -0.66113597
0.22628400 0.00660200 -0.66113597
-0.39066499 0.02224800 -0.16628100
-0.39066499 0.07045300 0.40308201
0.39466101 0.11848400 0.39745900
0.39466101 -0.13073100 -0.43814501
-0.39066499 -0.15983000 -0.08344100
-0.39066499 0.06017500 -0.63975197
0.05893200 -0.18739501 0.64774197
0.03203100 -0.10856400 -0.66113597
0.09457300 0.10272400 -0.66113597
-0.39066499 0.08665800 -0.15220700
-0.39066499 0.11493400 0.31240100
-0.31158799 0.05360100 -0.66113597
0.07036100 -0.16656600 0.64774197
-0.39066499 -0.05195800 0.57435501
0.29546699 -0.18281500 0.64774197
0.39466101 -0.01400200 0.36264700
-0.39066499 -0.12832300 0.51447302
0.39466101 -0.06098000 -0.39294001
-0.39066499 0.06742300 0.21753600
0.39466101 0.10493600 0.10278800
0.39466101 -0.07333700 0.41802099
-0.18112400 0.11371900 -0.66113597
0.39466101 0.07431100 -0.34233201
-0.39066499 0.02189400 -0.34233001
0.14883099 0.10301800 -0.66113597
0.39466101 0.11843900 -0.21851100
0.18846600 0.02028600 -0.66113597
-0.39066499 0.12356100 -0.22380000
0.39466101 0.05076300 -0.35380101
0.39466101 0.08092200 -0.02046400
-0.39066499 -0.04472800 0.33522499
0.39466101 -0.09132600 0.14553900
-0.39066499 0.03913300 0.58342701
-0.39066499 -0.14337599 -0.05671300
-0.39066499 -0.01958300 -0.56111401
-0.39066499 0.01627400 0.50805801
0.39466101 0.12411300 0.27987301
-0.01152600 0.03525200 0.64774197
0.39466101 0.12340600 -0.52841198
0.09157200 0.07009600 0.64774197
-0.22720200 0.13105300 -0.66113597
-0.39066499 -0.10372000 -0.23404001
-0.39066499 0.10707100 0.06990800
0.39466101 0.11456800 0.51767898
0.39466101 0.10304200 0.00727200
0.39466101 -0.09672400 -0.46162999
-0.31413099 -0.16955000 -0.66113597
0.39466101 -0.03820400 0.22571801
-0.39066499 -0.00542600 -0.64846998
0.39466101 0.12919600 -0.05403700
-0.11381500 -0.10857900 -0.66113597
0.39466101 -0.14398600 0.03685200
-0.39066499 -0.07209400 0.41168100
-0.39066499 -0.06605800 0.15119199
0.39466101 0.01616900 0.16849400
-0.39066499 0.08157200 0.05568000
0.39466101 0.10094200 -0.63270903
-0.39066499 0.12270100 -0.06554600
0.11813900 0.12120300 0.64774197
0.39466101 0.12525900 0.55401200
0.39466101 -0.16502400 -0.27214199
0.39466101 -0.09531400 -0.18246201
-0.39066499 -0.08177700 0.28983399
-0.39066499 -0.18174300 -0.57975900
-0.39066499 -0.02901900 -0.46681899
0.24427500 -0.02072200 0.64774197
-0.28463501 -0.01372500 0.64774197
0.39466101 -0.06276500 0.30258000
-0.20017800 -0.06002600 0.64774197
-0.15534000 -0.05493000 0.64774197
0.31949899 0.11808400 0.64774197
0.39466101 -0.12105500 0.34730101
0.17380100 -0.17868599 0.64774197
0.12679100 -0.07869300 -0.66113597
0.39466101 0.09392400 -0.11517800
0.04863300 0.05888900 -0.66113597
0.39466101 -0.20141400 0.18670000
0.39466101 -0.16324399 -0.01407500
0.39466101 -0.20585300 0.00972100
0.39466101 -0.10904600 -0.65372598
0.39466101 -0.17339399 -0.32212701
0.39466101 -0.14425600 -0.55065602
0.39466101 -0.03449600 -0.11439100
-0.11321000 -0.17601199 -0.66113597
-0.39066499 -0.04005600 0.05065900
0.39466101 -0.06753600 0.54547799
-0.30004999 0.03332000 0.64774197
0.39466101 -0.01870000 0.52673203
0.04275000 -0.14914399 -0.66113597
-0.39066499 0.09779400 -0.19981800
0.39466101 -0.19617200 -0.17552200
0.29675201 -0.08057100 0.64774197
0.27290699 0.00292600 0.64774197
-0.39066499 -0.06629500 -0.61222601
0.39466101 -0.16932701 0.39760599
-0.39066499 -0.08262300 -0.12184600
-0.39066499 0.01246100 -0.12287900
-0.30577400 -0.11767900 0.64774197
-0.23932099 0.02006900 0.64774197
0.39466101 -0.14400800 -0.15104800
0.31422099 -0.14767601 0.64774197
-0.26508000 0.03843000 -0.66113597
0.39466101 -0.03989000 0.21120100
-0.39066499 -0.13147500 -0.30384400
-0.39066499 -0.05128600 -0.41330001
-0.39066499 -0.01503000 -0.64200503
0.39466101 -0.02304100 -0.51371199
0.39466101 -0.05386000 0.46109599
-0.39066499 0.09147200 0.58775097
0.39466101 -0.02659800 -0.42218500
0.39466101 0.04023000 0.21853900
0.39466101 -0.10561200 0.15689100
-0.23854800 -0.18207000 -0.66113597
-0.03028300 0.05815600 -0.66113597
-0.11685500 0.00752200 0.64774197
-0.39066499 0.00426100 0.47291100
0.22368400 -0.13382700 0.64774197
-0.39066499 -0.16425700 -0.52138299
0.39466101 0.07987100 -0.14155500
0.39466101 0.11490200 0.38135299
0.39466101 0.07085700 -0.53137100
-0.22159100 0.03004000 -0.66113597
-0.39066499 -0.01572800 -0.30305499
-0.27222401 -0.06005900 0.64774197
0.31124401 -0.13329500 -0.66113597
-0.39066499 -0.14363000 0.48196200
0.39466101 -0.15596201 0.63533801
-0.09801900 0.01331400 -0.66113597
-0.39066499 -0.06937900 -0.51291502
-0.39066499 0.10058800 -0.09701300
-0.09845800 0.01738900 0.64774197
-0.39066499 -0.17453399 -0.16546400
-0.39066499 0.05895800 -0.39089999
-0.39066499 0.03393100 -0.25213400
0.39466101 -0.13803300 -0.20781200
-0.39066499 0.01691700 -0.15723400
-0.23248900 0.12664600 -0.66113597
-0.17032900 0.00040600 -0.66113597
0.39466101 0.09422700 0.45091999
0.20113400 -0.14460400 -0.66113597
0.39466101 0.02869700 0.46761501
0.39466101 -0.08349400 -0.55252498
-0.39066499 0.09438300 -0.65998501
-0.39066499 -0.15121301 0.32544100
-0.39066499 0.10639400 0.62901503
0.02098800 0.10743700 -0.66113597
0.39466101 0.02516500 -0.18352000
-0.39066499 0.11784300 -0.28804401
-0.05666200 0.05709900 -0.66113597
0.39466101 -0.06817100 0.57996798
-0.39066499 -0.18442500 0.17713501
-0.15521100 -0.08179900 0.64774197
0.39466101 -0.05052900 0.38368800
0.39466101 0.03918600 0.14410201
0.39466101 0.10515700 -0.15132099
-0.37033001 0.08434400 0.64774197
0.39466101 0.07009800 -0.19280501
-0.39066499 -0.16755900 -0.54014897
0.39466101 0.04455200 0.41199100
0.06805600 -0.10731600 0.64774197
0.24275900 0.11778500 -0.66113597
0.39466101 -0.18440500 0.52703398
0.10384200 0.12410700 0.64774197
-0.39066499 -0.10300300 -0.06161400
0.39466101 -0.01456000 0.53689897
0.23489800 -0.12095900 -0.66113597
0.39466101 0.02000300 0.37068999
-0.39066499 -0.02468200 -0.18356501
-0.39066499 -0.18232700 -0.36346701
-0.39066499 -0.14947200 -0.31994200
-0.39066499 -0.17935000 0.41286501
0.39466101 -0.06746500 0.00198800
-0.39066499 -0.06693900 -0.35156000
-0.39066499 -0.11363300 0.50587398
0.39466101 0.07822400 -0.08325300
0.29485399 0.12470400 0.64774197
0.39466101 -0.18506099 -0.29236099
0.39466101 0.11897000 0.33245501
0.28660899 0.10812600 0.64774197
-0.39066499 -0.14757700 -0.45851499
-0.38192499 0.11217300 0.64774197
-0.23085900 0.08916300 0.64774197
0.39466101 -0.18042700 0.30963600
-0.39066499 0.01827500 -0.63386399
-0.39066499 -0.08151300 -0.52370799
0.03013100 -0.13126899 -0.66113597
0.39466101 -0.16701099 0.15613100
-0.37859499 -0.15030301 0.64774197
0.39466101 -0.17325900 -0.23655000
-0.39066499 -0.17959400 -0.26652801
0.39466101 0.11472100 0.56917202
0.19262300 0.04037100 0.64774197
-0.39066499 0.08972400 0.36106801
0.04770200 0.01746100 0.64774197
0.39466101 0.08269200 -0.00861800
-0.39066499 0.00850600 0.15779901
0.39466101 -0.11371200 -0.01867700
0.39466101 -0.18723001 0.02271300
-0.06739400 -0.00760200 0.64774197
0.31850100 0.09907600 0.64774197
-0.04814500 0.09381900 0.64774197
0.39466101 -0.17820400 0.34459901
0.39466101 -0.06616600 0.45496601
0.39466101 -0.17476600 0.12843600
-0.39066499 0.01646400 0.49979800
0.23595800 -0.13113400 0.64774197
0.39466101 -0.08197200 -0.20961900
0.17175500 -0.18795100 -0.66113597
0.30833501 -0.08288900 0.64774197
0.21837400 -0.14425300 -0.66113597
0.39466101 0.11675700 0.15419200
-0.39066499 -0.11730900 -0.37923300
0.39466101 -0.06801100 -0.18199800
0.39466101 0.12465200 -0.63216102
-0.02961000 0.07040200 -0.66113597
0.39466101 0.00961400 0.47858900
-0.39066499 -0.00783100 -0.60920799
-0.17449000 -0.09129200 0.64774197
0.39466101 -0.12112100 0.14353700
-0.39066499 -0.18717100 -0.10008400
0.39466101 -0.07406300 -0.02631800
0.01767400 0.08599200 -0.66113597
0.39466101 -0.20713700 0.22158600
0.39466101 0.01113300 0.11098800
-0.39066499 -0.13716701 -0.30823800
-0.39066499 0.09222700 0.43711400
-0.39066499 -0.04088900 0.36347499
0.39466101 -0.12231100 -0.50296199
0.39466101 0.07278600 -0.26988900
-0.27608499 0.11861600 0.64774197
-0.01332500 0.04231000 0.64774197
-0.16662499 0.06448200 0.64774197
0.39466101 -0.07909800 0.04980200
-0.39066499 -0.10761300 0.41698101
-0.39066499 -0.04398000 -0.54214197
-0.07287400 0.04355300 0.64774197
0.05483200 -0.04686700 0.64774197
-0.39066499 -0.11889400 -0.41648301
-0.39066499 -0.00392400 -0.49629101
-0.39066499 -0.19905099 0.45865700
-0.29952401 -0.16820000 -0.66113597
-0.39066499 -0.08196100 -0.04029700
0.39466101 -0.08664300 0.62818402
-0.21167099 -0.16600899 0.64774197
0.39466101 0.09377200 0.57595301
0.39466101 0.04921000 0.61724198
0.39466101 0.11978700 -0.22214399
-0.39066499 -0.15489000 -0.15425099
-0.35673100 0.03863400 -0.66113597
0.26925099 -0.11996600 0.64774197
0.39466101 -0.07939000 -0.13608301
-0.00307300 -0.13024101 -0.66113597
0.39466101 0.10020400 0.06019700
-0.39066499 -0.04262600 0.01472300
0.39466101 0.09811100 -0.65794700
-0.39066499 -0.07017200 -0.07067300
-0.39066499 -0.20572001 -0.01060900
-0.39066499 -0.01529300 -0.18063200
0.30802000 0.11479200 -0.66113597
-0.39066499 -0.17462701 -0.63400298
0.26193300 -0.01762300 -0.66113597
-0.39066499 -0.01194400 -0.07491400
-0.07062100 -0.05958400 0.64774197
0.39466101 -0.03202300 -0.41930401
-0.39066499 -0.15218000 0.17134500
0.28586900 -0.08771500 -0.66113597
-0.14776100 -0.02708100 0.64774197
-0.01753400 -0.17987700 0.64774197
0.39466101 0.09582900 -0.08353600
0.22198699 -0.10464300 0.64774197
0.39466101 -0.20438500 -0.14872199
-0.39066499 0.03992000 0.37308899
-0.39066499 -0.00482400 -0.41383299
0.39466101 0.10891000 -0.62788999
0.36028200 -0.05457800 0.64774197
-0.39066499 -0.04197400 0.49915400
0.11728700 0.12760800 -0.66113597
0.39466101 -0.02292600 0.09604600
-0.39066499 -0.09003700 -0.33357999
-0.39066499 -0.16864000 -0.59396398
0.13330200 0.05753600 -0.66113597
0.39466101 -0.10993500 0.63846898
-0.39066499 -0.20353401 0.46943799
-0.36624399 -0.03143400 -0.66113597
0.39466101 -0.01483100 -0.65961099
0.23144899 0.08424900 -0.66113597
-0.39066499 0.12023300 -0.12943600
0.39466101 -0.07372200 0.48328301
-0.39066499 0.08780600 -0.43810299
-0.14087600 -0.15942700 0.64774197
-0.38428199 -0.08512300 -0.66113597
-0.39066499 -0.14346400 -0.48071200
0.37333801 -0.16393700 0.64774197
0.39466101 -0.00411600 0.08229500
0.39466101 0.12726299 0.50464702
-0.39066499 0.07233600 -0.15345301
0.39466101 0.08221900 -0.22864801
0.39466101 0.08035300 -0.65522301
-0.39066499 0.11215100 0.32686600
-0.39066499 0.08871700 0.16041300
-0.14776300 -0.09800300 -0.66113597
-0.39066499 -0.19811200 -0.20893100
-0.39066499 0.03630700 -0.56654501
-0.39066499 -0.19674300 0.21577001
-0.39066499 -0.19101200 -0.22587700
0.29508299 -0.06208400 -0.66113597
0.39466101 0.06252800 0.23217399
0.39466101 0.02058900 -0.50676501
-0.23390099 -0.11414700 -0.66113597
0.39466101 -0.06384400 -0.58621401
0.39466101 -0.11238200 0.23935200
0.36054099 -0.11447600 0.64774197
0.18640500 -0.06363700 0.64774197
0.39466101 -0.20692000 0.52243203
0.00018000 -0.19191900 -0.66113597
0.34123501 -0.16509999 -0.66113597
-0.28399801 0.06555700 -0.66113597
-0.29043400 0.10169000 -0.66113597
0.39466101 -0.12826499 0.25185001
0.39466101 -0.19680400 0.62085599
0.39466101 -0.12878001 -0.25295100
-0.03532800 0.07193100 -0.66113597
-0.39066499 -0.03048200 -0.05279100
0.39466101 -0.19450800 -0.54464799
-0.17033599 -0.11074900 0.64774197
-0.01746300 -0.19574299 0.64774197
-0.39066499 -0.18588500 -0.40472099
0.35544401 -0.05563100 0.64774197
0.30646101 0.07299400 0.64774197
0.39466101 0.08377300 0.53562897
-0.39066499 -0.07471800 0.59684300
0.39466101 -0.12133000 -0.25882301
-0.39066499 0.04636600 -0.64761698
-0.03835900 -0.00637000 -0.66113597
-0.39066499 0.00690900 0.01943300
-0.39066499 0.06091100 -0.51223499
0.13288499 -0.12552300 -0.66113597
-0.19034199 -0.20085800 0.64774197
0.39466101 -0.05136500 -0.40057400
0.30462599 -0.13306400 -0.66113597
-0.18496400 0.07086000 -0.66113597
0.39466101 -0.20546700 -0.10906000
-0.12849800 0.11139300 -0.66113597
-0.39066499 0.05445000 0.57905799
-0.39066499 -0.14179701 0.34265900
0.39466101 0.02776400 -0.63166100
-0.39066499 -0.10913500 -0.38944501
0.16362201 -0.18872100 -0.66113597
-0.39066499 -0.20740201 0.43673900
0.39466101 -0.06073300 -0.54328901
-0.13729900 0.10748200 -0.66113597
-0.10043900 -0.11479100 0.64774197
-0.39066499 -0.02698300 0.64730299
0.34749600 0.00532300 -0.66113597
0.39466101 -0.13562299 0.32309499
-0.26086000 -0.11471400 -0.66113597
0.39466101 0.05963900 0.23390000
0.39466101 -0.11121600 0.63870901
0.11236200 -0.01430700 -0.66113597
0.39466101 -0.19360200 -0.00411200
0.00471100 -0.04381500 -0.66113597
0.39466101 -0.02981500 0.01121600
-0.13404600 -0.05991300 0.64774197
-0.01713400 -0.14953201 0.64774197
0.39466101 -0.01830800 -0.54352498
0.39466101 0.00296600 0.42713901
0.39466101 -0.13778400 0.26467800
-0.25909501 0.00008400 0.64774197
-0.39066499 0.05715000 -0.29377899
-0.39066499 -0.19040200 0.16275901
0.39466101 -0.19081600 -0.34534499
0.39466101 0.01417600 -0.64738798
-0.07693300 -0.03885500 -0.66113597
0.39466101 0.09112000 -0.10193300
-0.39066499 0.08886300 0.51161700
0.39466101 -0.01038200 -0.46179101
-0.39066499 -0.06094700 0.43717501
0.28665099 0.01803500 -0.66113597
-0.39066499 -0.02506500 0.48784000
-0.39066499 0.08476500 0.14746900
0.21784200 -0.00284100 0.64774197
0.07465300 0.10445200 0.64774197
-0.39066499 0.08400200 0.50962597
-0.39066499 -0.00812500 -0.16698900
0.01458000 0.07438100 0.64774197
-0.39066499 0.10111500 0.15290800
0.39466101 -0.09101300 0.01658600
-0.21190199 -0.10772500 -0.66113597
0.11642300 0.03886000 -0.66113597
0.39466101 -0.07946800 -0.19390000
0.39466101 0.10770800 0.50595999
-0.39066499 0.07258400 0.62730700
0.23011900 0.11207100 -0.66113597
0.04698700 0.04157900 0.64774197
-0.39066499 0.02927000 0.53134900
-0.39066499 -0.19496900 0.11442400
-0.28106299 0.05788900 -0.66113597
-0.39066499 0.04698000 0.11793000
0.26506501 0.11617300 0.64774197
0.39466101 0.07965100 -0.51898199
-0.37841299 -0.12173200 -0.66113597
-0.08927200 -0.17748100 0.64774197
0.39466101 -0.08197700 0.37945300
0.39466101 -0.13012600 -0.07560800
-0.39066499 0.01438600 -0.07599200
-0.39066499 0.03602400 -0.36721599
-0.39066499 0.06799500 0.12411300
-0.39066499 -0.09730000 -0.36089501
-0.39066499 -0.08768100 -0.32680199
-0.26019701 -0.06197900 0.64774197
-0.39066499 0.02730900 0.16018200
-0.39066499 0.07001700 -0.20810600
-0.01576200 -0.04583700 -0.66113597
-0.25928700 -0.18087400 -0.66113597
0.39466101 -0.13078199 0.49458101
-0.33134699 -0.12177800 -0.66113597
-0.15232500 -0.02514600 0.64774197
-0.39066499 -0.18343100 -0.27893400
-0.20624700 -0.04938500 0.64774197
-0.02351100 -0.13461900 -0.66113597
-0.39066499 0.11170100 0.50735801
-0.39066499 0.03667300 -0.02901200
-0.39066499 -0.08295600 0.62780601
-0.39066499 -0.18698300 0.27094999
0.31410900 -0.13934100 0.64774197
0.16203900 0.01644700 0.64774197
0.39466101 -0.10330700 -0.35764101
-0.39066499 -0.17638700 -0.61865503
-0.39066499 0.03447800 0.38395700
-0.39066499 0.09020900 0.34148300
0.25333700 -0.08181000 0.64774197
-0.39066499 0.05504400 0.39864600
0.39466101 -0.14078200 0.10353500
-0.20671900 -0.18920000 -0.66113597
0.11967900 -0.10070100 0.64774197
-0.39066499 -0.19560100 0.01621500
0.38065100 -0.08555000 -0.66113597
-0.39066499 0.04420700 0.09690300
-0.11961400 0.08098000 -0.66113597
0.39466101 0.12745100 0.64596701
0.22324701 -0.19469100 -0.66113597
-0.39066499 -0.05480900 -0.04659400
0.39466101 -0.14542601 0.23967400
0.39466101 0.10793300 -0.42998099
0.39466101 -0.00143900 0.30336499
0.02445000 0.00068600 -0.66113597
0.22698800 0.10958700 -0.66113597
-0.39066499 0.07470400 -0.04469300
0.39466101 0.03171900 -0.48011300
0.38258600 0.05371700 -0.66113597
0.39466101 -0.07924800 -0.32914799
-0.19173300 -0.01581900 -0.66113597
0.39466101 -0.14349000 0.34357399
0.19172500 -0.04782300 0.64774197
-0.08450100 -0.09349400 0.64774197
-0.39066499 0.11158300 0.28633001
0.39466101 0.11295200 -0.19988801
-0.39066499 -0.01901300 0.15764301
-0.39066499 0.02954500 0.20129000
-0.39066499 0.10991700 0.16072901
-0.39066499 -0.09715800 0.29171899
-0.26591000 -0.10190000 -0.66113597
-0.39066499 0.05594100 0.21521200
0.06909400 0.07424200 -0.66113597
-0.39066499 0.09479100 -0.52893502
0.39466101 0.09334500 0.20294100
0.38748300 -0.17892601 0.64774197
0.39466101 0.03537900 -0.57156599
0.39466101 0.00119800 -0.42480201
0.39466101 -0.16656999 0.63388997
-0.37298399 -0.11233500 0.64774197
-0.39066499 0.12912899 0.04222100
0.08698600 0.09752000 -0.66113597
0.27177200 -0.14401700 -0.66113597
-0.39066499 0.04911800 0.30930299
0.03144800 0.01259400 -0.66113597
0.39466101 -0.04850900 0.58597499
0.24539199 0.00388300 -0.66113597
0.39466101 0.05173000 0.44329500
-0.11264900 0.08650100 -0.66113597
0.39466101 0.10499100 -0.23383801
-0.39066499 -0.06356600 0.15268600
-0.39066499 0.12521200 0.22398899
0.39466101 -0.19366799 -0.53175902
-0.17588100 -0.06359500 0.64774197
0.28692999 0.00750400 -0.66113597
0.39466101 -0.12613299 0.59883398
-0.11123700 0.05326200 0.64774197
0.15228900 -0.14884800 -0.66113597
0.15735200 -0.12030600 -0.66113597
0.12247000 -0.00017300 0.64774197
-0.38732499 -0.05022600 0.64774197
0.39466101 0.00565000 -0.23243600
0.39466101 0.08365200 0.27927801
-0.17891200 -0.11848000 0.64774197
-0.39066499 0.02282000 0.04105600
-0.35275799 -0.16018400 0.64774197
0.04329500 -0.05408700 0.64774197
-0.39066499 -0.09051000 -0.24937101
-0.39066499 0.09090400 -0.12211700
-0.20692000 -0.17600501 -0.66113597
0.34918401 -0.19678000 0.64774197
0.39466101 0.08549600 0.22272900
-0.39066499 0.09843400 0.07390800
-0.39066499 -0.16180500 0.42409801
0.01378300 0.02341300 0.64774197
0.19893000 -0.01835900 -0.66113597
0.16381000 -0.15318400 -0.66113597
0.39466101 -0.05517100 -0.35074601
-0.39066499 -0.10905700 0.11653200
-0.39066499 -0.02175600 0.03851700
0.39466101 -0.15448600 0.25529200
0.29142001 0.01893000 -0.66113597
0.39466101 0.12461100 -0.32314801
-0.39066499 -0.13309699 -0.15256800
0.39466101 -0.08956400 -0.50122899
0.39466101 -0.08304700 0.11089000
-0.39066499 -0.02066100 0.40260500
-0.14391500 0.12754500 0.64774197
0.39466101 0.02968000 -0.33173901
-0.39066499 -0.05923300 -0.41742000
0.28902701 0.11236200 0.64774197
